solve_message = ' \
Ipopt 3.9.1: Optimal Solution Found'

Solve time:
_solve_time = 4.07163

Objective:
torque = 5.15606

cnh1 = 0.651627

cnh2 = -0.510608

cnh3 = -0.93807

snh1 = 0.67482

snh2 = 0.786943

snh3 = -0.00505518

Hx = 0.0549864

Hy = 0.0564527

Hz = -0.0239632

cnf11 = 0.935534

cnf21 = 0.779988

cnf31 = 0.602778

cnf12 = 0.935534

cnf22 = 0.780125

cnf32 = 0.602843

cnt1 = 0.52249

cnt2 = 0.445788

snf11 = 0

snf21 = 0.521171

snf31 = 0.787302

snf12 = 0

snf22 = 0.520965

snf32 = 0.787254

snt1 = 0.921414

snt2 = 0.913727

p :=
1 1   -0.0293265
1 2   -0.00773626
1 3   -0.0604828
2 1   -0.00688389
2 2   -0.029596
2 3   -0.0604186
3 1    0.0188139
3 2    0.0197256
3 3    0.0648906
;

mf :=
1 1   0.219507
1 2   0.308995
1 3   0.711876
2 1   0.300228
2 2   0.230061
2 3   0.712347
;

mt [*] :=
1  -0.000488226
2  -0.00466318
3  -0.990642
;

phi :=
1 1   0.0621026
1 2   0.0632566
1 3   0.0899167
2 1   0.0220041
2 2   0.0248189
2 3   0.0305333
3 1   0.0619332
3 2   0.0630967
3 3   0.0896421
4 1   0.141277
4 2   0.135734
4 3   0.247963
;

l [*,1,*]
:       1          2          3        :=
1    0.219077   0.309022   0.712013
2    0.758751   0.274302   0.539992
3    0.220795   0.308912   0.711465
4   -0.319736   0.343687   0.883759

 [*,2,*]
:       1          2          3        :=
1    0.299815   0.230109   0.712527
2    0.819138   0.169057   0.486212
3    0.301468   0.229915   0.711807
4   -0.218679   0.291064   0.938481

 [*,3,*]
:        1              2            3        :=
1   -0.000489207   -0.00516619   -0.990662
2    0.000744384    0.626997     -0.965018
3   -0.000485281   -0.00315416   -0.99058
4   -0.00172083    -0.63632      -1.01627
;

W[i,j,k] :=
1 1 1    0.219077
1 1 2    0.309022
1 1 3    0.712013
2 1 1    0.758751
2 1 2    0.274302
2 1 3    0.539992
3 1 1    0.220795
3 1 2    0.308912
3 1 3    0.711465
4 1 1   -0.319736
4 1 2    0.343687
4 1 3    0.883759
;

W[i,j,k] :=
1 1 4    0.0131822
1 1 5    0.00763042
1 1 6   -0.00736769
2 1 4    0.0124131
2 1 5   -0.0300553
2 1 6   -0.00217443
3 1 4    0.0131798
3 1 5    0.00751048
3 1 6   -0.00735117
4 1 4    0.0139502
4 1 5    0.0452561
4 1 6   -0.0125527
;

W[i,j,k] :=
1 2 1    0.299815
1 2 2    0.230109
1 2 3    0.712527
2 2 1    0.819138
2 2 2    0.169057
2 2 3    0.486212
3 2 1    0.301468
3 2 2    0.229915
3 2 3    0.711807
4 2 1   -0.218679
4 2 2    0.291064
4 2 3    0.938481
;

W[i,j,k] :=
1 2 4   -0.00718508
1 2 5   -0.0132095
1 2 6    0.00728928
2 2 4   -0.00417576
2 2 5   -0.0461442
2 2 6    0.0230794
3 2 4   -0.0071755
3 2 5   -0.0133143
3 2 6    0.00733954
4 2 4   -0.0101896
4 2 5    0.0196727
4 2 6   -0.00847569
;

W[i,j,k] :=
1 3 1   -0.000489207
1 3 2   -0.00516619
1 3 3   -0.990662
2 3 1    0.000744384
2 3 2    0.626997
2 3 3   -0.965018
3 3 1   -0.000485281
3 3 2   -0.00315416
3 3 3   -0.99058
4 3 1   -0.00172083
4 3 2   -0.63632
4 3 3   -1.01627
;

W[i,j,k] :=
1 3 4   -0.0192062
1 3 5    0.0186065
1 3 6   -8.75461e-05
2 3 4   -0.0597218
2 3 5    0.0182041
2 3 6    0.0117816
3 3 4   -0.0193351
3 3 5    0.0186052
3 3 6   -4.97693e-05
4 3 4    0.0212448
4 3 5    0.0190083
4 3 6   -0.0119377
;

f11 = 5.13911

f12 = 12.1322

f13 = -3.24144

f21 = -3.52682

f22 = 7.03137

f23 = 0.203801

f31 = 6.54995

f32 = 14.045

f33 = -2.55615

