solve_message = ' \
Ipopt 3.9.1: Optimal Solution Found'

Solve time:
_solve_time = 5.08563

Objective:
torque = 4.00421

cnh1 = 0.751784

cnh2 = -0.141383

cnh3 = -0.676718

snh1 = 0.6664

snh2 = -0.927368

snh3 = 0.814894

Hx = -0.0809627

Hy = 0.0238644

Hz = -0.0333956

cnf11 = 0.938075

cnf21 = 0.752991

cnf31 = 0.590409

cnf12 = 0.938075

cnf22 = 0.79156

cnf32 = 0.608336

cnt1 = 0.477192

cnt2 = 0.42741

snf11 = 0

snf21 = 0.559468

snf31 = 0.796215

snf12 = 0

snf22 = 0.503421

snf32 = 0.783184

snt1 = 0.945668

snt2 = 0.925225

p :=
1 1   -0.000150795
1 2    0.02323
1 3    0.0636208
2 1   -0.0105497
2 2   -0.026507
2 3    0.064388
3 1    0.0313467
3 2    0.0070425
3 3   -0.0612035
;

mf :=
1 1    0.0922516
1 2    0.0861237
1 3   -0.808576
2 1    0.180471
2 2    0.0611418
2 3   -0.797805
;

mt [*] :=
1  -0.770846
2   0.0507712
3   0.720074
;

phi :=
1 1   0.0516833
1 2   0.0656034
1 3   0.0777062
2 1   0.0118621
2 2   0.0181562
2 3   0.0155509
3 1   0.0515116
3 2   0.0653921
3 3   0.0774025
4 1   0.135317
4 2   0.17643
4 3   0.283849
;

l [*,1,*]
:       1            2            3        :=
1    0.092671     0.0864298   -0.808497
2   -0.434361    -0.298169    -0.908569
3    0.0909936    0.0852057   -0.808815
4    0.618863     0.470415    -0.708584

 [*,2,*]
:       1           2            3        :=
1    0.180886    0.0614454   -0.797698
2   -0.34033    -0.320165    -0.932272
3    0.179227    0.0602309   -0.798126
4    0.701271    0.442447    -0.663339

 [*,3,*]
:       1           2           3        :=
1   -0.770579    0.0502775   0.720308
2   -1.10573     0.670762    0.426093
3   -0.771646    0.0522524   0.719372
4   -0.435964   -0.569218    1.01405
;

W[i,j,k] :=
1 1 1    0.092671
1 1 2    0.0864298
1 1 3   -0.808497
2 1 1   -0.434361
2 1 2   -0.298169
2 1 3   -0.908569
3 1 1    0.0909936
3 1 2    0.0852057
3 1 3   -0.808815
4 1 1    0.618863
4 1 2    0.470415
4 1 3   -0.708584
;

W[i,j,k] :=
1 1 4   -0.0242801
1 1 5    0.00577388
1 1 6   -0.00216578
2 1 4   -0.00213631
2 1 5   -0.0277714
2 1 6    0.0101352
3 1 4   -0.0242096
3 1 5    0.00566712
3 1 6   -0.00212663
4 1 4   -0.0463886
4 1 5    0.0392657
4 1 6   -0.0144471
;

W[i,j,k] :=
1 2 1    0.180886
1 2 2    0.0614454
1 2 3   -0.797698
2 2 1   -0.34033
2 2 2   -0.320165
2 2 3   -0.932272
3 2 1    0.179227
3 2 2    0.0602309
3 2 3   -0.798126
4 2 1    0.701271
4 2 2    0.442447
4 2 3   -0.663339
;

W[i,j,k] :=
1 2 4    0.0171882
1 2 5    0.00323143
1 2 6    0.00414652
2 2 4    0.0453265
2 2 5   -0.0317484
2 2 6   -0.0056435
3 2 4    0.0172778
3 2 5    0.0031201
3 2 6    0.00411536
4 2 4   -0.0109051
4 2 5    0.0381554
4 2 6    0.0139209
;

W[i,j,k] :=
1 3 1   -0.770579
1 3 2    0.0502775
1 3 3    0.720308
2 3 1   -1.10573
2 3 2    0.670762
2 3 3    0.426093
3 3 1   -0.771646
3 3 2    0.0522524
3 3 3    0.719372
4 3 1   -0.435964
4 3 2   -0.569218
4 3 3    1.01405
;

W[i,j,k] :=
1 3 4    0.00814993
1 3 5    0.0245828
1 3 6    0.00700284
2 3 4    0.0440538
2 3 5    0.0543178
2 3 6    0.0288133
3 3 4    0.00826421
3 3 5    0.0246775
3 3 6    0.00707226
4 3 4   -0.0276966
4 3 5   -0.00510473
4 3 6   -0.0147728
;

f11 = -0.418486

f12 = 1.63491

f13 = -0.78301

f21 = 3.51669

f22 = 7.25158

f23 = -0.948307

f31 = 6.78115

f32 = 13.9575

f33 = -1.68503

