solve_message = ' \
Ipopt 3.9.1: Converged to a locally infeasible point. Problem may be infeasible.'

Solve time:
_solve_time = 12.4957

Objective:
torque = 7.89344

cnh1 = -0.790697

cnh2 = 0.937913

cnh3 = 0.199287

snh1 = 0.504775

snh2 = 0.0178582

snh3 = 0.91667

Hx = -0.0440766

Hy = -0.0571781

Hz = -0.0211442

cnf11 = 0.419351

cnf21 = 0.443684

cnf31 = 0.479559

cnf12 = 0.419351

cnf22 = 0.520529

cnf32 = 0.503602

cnt1 = 0.597162

cnt2 = 0.475059

snf11 = 0.839133

snf21 = 0.826525

snf31 = 0.860612

snf12 = 0.839133

snf22 = 0.780416

snf32 = 0.849137

snt1 = 0.87487

snt2 = 0.895579

p :=
1 1   -0.00827045
1 2    0.0310708
1 3   -0.060528
2 1   -0.0274676
2 2    0.0124794
2 3    0.0607009
3 1    0.0348976
3 2   -0.00655173
3 3    0.000105026
;

mf :=
1 1   -0.0614063
1 2   -0.614251
1 3    0.474082
2 1    0.155033
2 2   -0.352193
2 3   -0.671039
;

mt [*] :=
1  -0.934707
2   0.0867862
3  -0.110398
;

phi :=
1 1   0.0333588
1 2   0.0609327
1 3   0
2 1   0
2 2   0.00972803
2 3   0
3 1   0.0330338
3 2   0.0606576
3 3   0
4 1   0.277276
4 2   0.27151
4 3   0.342393
;

l [*,1,*]
:       1            2          3        :=
1   -0.0609543   -0.614223   0.474147
2   -0.629086    -0.648924   0.392426
3   -0.0627625   -0.614334   0.473887
4    0.506271    -0.579578   0.555738

 [*,2,*]
:      1           2           3        :=
1   0.155022   -0.35178    -0.671241
2   0.169004   -0.870834   -0.41833
3   0.155066   -0.353432   -0.670436
4   0.141062    0.166446   -0.923747

 [*,3,*]
:       1           2            3        :=
1   -0.934726    0.0870959   -0.109988
2   -0.911149   -0.302165    -0.624636
3   -0.934651    0.085857    -0.111626
4   -0.958265    0.475736     0.403839
;

W[i,j,k] :=
1 1 1   -0.0609543
1 1 2   -0.614223
1 1 3    0.474147
2 1 1   -0.629086
2 1 2   -0.648924
2 1 3    0.392426
3 1 1   -0.0627625
3 1 2   -0.614334
3 1 3    0.473887
4 1 1    0.506271
4 1 2   -0.579578
4 1 3    0.555738
;

W[i,j,k] :=
1 1 4   -0.0224456
1 1 5    0.00761085
1 1 6    0.0069738
2 1 4   -0.0270851
2 1 5    0.0413228
2 1 6    0.0249131
3 1 4   -0.0224604
3 1 5    0.00771815
3 1 6    0.0070309
4 1 4   -0.0178135
4 1 5   -0.0260474
4 1 6   -0.0109368
;

W[i,j,k] :=
1 2 1    0.155022
1 2 2   -0.35178
1 2 3   -0.671241
2 2 1    0.169004
2 2 2   -0.870834
2 2 3   -0.41833
3 2 1    0.155066
3 2 2   -0.353432
3 2 3   -0.670436
4 2 1    0.141062
4 2 2    0.166446
4 2 3   -0.923747
;

W[i,j,k] :=
1 2 4    0.0129767
1 2 5   -0.00902739
1 2 6    0.00772797
2 2 4    0.0476399
2 2 5   -0.00123183
2 2 6    0.0218106
3 2 4    0.013087
3 2 5   -0.00900258
3 2 6    0.00777279
4 2 4   -0.0216312
4 2 5   -0.0168105
4 2 6   -0.00633223
;

W[i,j,k] :=
1 3 1   -0.934726
1 3 2    0.0870959
1 3 3   -0.109988
2 3 1   -0.911149
2 3 2   -0.302165
2 3 3   -0.624636
3 3 1   -0.934651
3 3 2    0.085857
3 3 3   -0.111626
4 3 1   -0.958265
4 3 2    0.475736
4 3 3    0.403839
;

W[i,j,k] :=
1 3 4    0.000711464
1 3 5    0.00374014
1 3 6   -0.00308463
2 3 4    0.00412418
2 3 5    0.0217026
2 3 6   -0.0165144
3 3 4    0.000722326
3 3 5    0.00379732
3 3 6   -0.00312738
4 3 4   -0.00269581
4 3 5   -0.0141936
4 3 6    0.0103237
;

f11 = 8.25626

f12 = 15

f13 = -0.128967

f21 = 6.91598

f22 = 15

f23 = -3.29509

f31 = 6.19599

f32 = 12.3812

f33 = 0.230831

