solve_message = ' \
Ipopt 3.9.1: Converged to a locally infeasible point. Problem may be infeasible.'

Solve time:
_solve_time = 4.32123

Objective:
torque = 3.9185

cnh1 = -0.934233

cnh2 = -0.887248

cnh3 = 0.709536

snh1 = -0.0849048

snh2 = 0.304615

snh3 = 0.613644

Hx = -0.0381535

Hy = -0.0535821

Hz = 0.106485

cnf11 = 0.932738

cnf21 = 0.860935

cnf31 = 0.646528

cnf12 = 0.932738

cnf22 = 0.945425

cnf32 = 0.628062

cnt1 = 0.200694

cnt2 = 0.415043

snf11 = 0

snf21 = 0.372546

snf31 = 0.752926

snf12 = 0

snf22 = 0.477673

snf32 = 0.787884

snt1 = 0.916363

snt2 = 0.880728

p :=
1 1    0.0344142
1 2   -0.000747953
1 3    0.0332318
2 1    0.0341684
2 2   -0.00435818
2 3    0.00870383
3 1    0.0314375
3 2   -0.00665151
3 3    0.0575037
;

mf :=
1 1   -0.747358
1 2    0.151103
1 3    0.127191
2 1   -0.875039
2 2   -0.023678
2 3    0.103109
;

mt [*] :=
1   0.645621
2  -0.35968
3   0.285942
;

phi :=
1 1   0.0458457
1 2   0.0258162
1 3   0.0645021
2 1   0.00258266
2 2   0
2 3   0.00921188
3 1   0.0455939
3 2   0.025674
3 3   0.0641747
4 1   0.26022
4 2   0.123055
4 3   0.378879
;

l [*,1,*]
:       1           2           3        :=
1   -0.747289    0.151555   0.127121
2   -0.834387   -0.416229   0.215102
3   -0.747566    0.149747   0.127401
4   -0.660329    0.718433   0.0392805

 [*,2,*]
:       1           2            3        :=
1   -0.875067   -0.0231861   0.103041
2   -0.839526   -0.641398    0.18783
3   -0.874954   -0.0251537   0.103311
4   -0.910551    0.594039    0.0183875

 [*,3,*]
:      1           2           3        :=
1   0.645758   -0.359805    0.285498
2   0.473606   -0.202143    0.843757
3   0.64521    -0.359303    0.287274
4   0.817636   -0.517215   -0.271871
;

W[i,j,k] :=
1 1 1   -0.747289
1 1 2    0.151555
1 1 3    0.127121
2 1 1   -0.834387
2 1 2   -0.416229
2 1 3    0.215102
3 1 1   -0.747566
3 1 2    0.149747
3 1 3    0.127401
4 1 1   -0.660329
4 1 2    0.718433
4 1 3    0.0392805
;

W[i,j,k] :=
1 1 4   -0.00513151
1 1 5   -0.0292085
1 1 6    0.00465668
2 1 4    0.0136712
2 1 5   -0.0351308
2 1 6   -0.0149483
3 1 4   -0.00507167
3 1 5   -0.0292274
3 1 6    0.00459429
4 1 4   -0.0239042
4 1 5   -0.0232957
4 1 6    0.0242304
;

W[i,j,k] :=
1 2 1   -0.875067
1 2 2   -0.0231861
1 2 3    0.103041
2 2 1   -0.839526
2 2 2   -0.641398
2 2 3    0.18783
3 2 1   -0.874954
3 2 2   -0.0251537
3 2 3    0.103311
4 2 1   -0.910551
4 2 2    0.594039
4 2 3    0.0183875
;

W[i,j,k] :=
1 2 4   -0.000247262
1 2 5   -0.0111372
1 2 6   -0.00460592
2 2 4    0.00476402
2 2 5   -0.0137249
2 2 6   -0.0255743
3 2 4   -0.000231312
3 2 5   -0.0111454
3 2 6   -0.00467266
4 2 4   -0.00525055
4 2 5   -0.00855356
4 2 6    0.016329
;

W[i,j,k] :=
1 3 1    0.645758
1 3 2   -0.359805
1 3 3    0.285498
2 3 1    0.473606
2 3 2   -0.202143
2 3 3    0.843757
3 3 1    0.64521
3 3 2   -0.359303
3 3 3    0.287274
4 3 1    0.817636
4 3 2   -0.517215
4 3 3   -0.271871
;

W[i,j,k] :=
1 3 4    0.0187911
1 3 5    0.0281582
1 3 6   -0.00701612
2 3 4    0.00601174
2 3 5    0.000708492
2 3 6   -0.00320469
3 3 4    0.0187505
3 3 5    0.0280708
3 3 6   -0.00700399
4 3 4    0.0315502
4 3 5    0.0555641
4 3 6   -0.0108215
;

f11 = 1.35238

f12 = 12.7023

f13 = 0.74555

f21 = 0.00997939

f22 = 0

f23 = -0.349875

f31 = 4.89161

f32 = 10.1815

f33 = 1.45184

