solve_message = ' \
Ipopt 3.9.1: Converged to a locally infeasible point. Problem may be infeasible.'

Solve time:
_solve_time = 41.0751

Objective:
torque = 7.01856

cnh1 = 0.700495

cnh2 = -0.509932

cnh3 = -0.161059

snh1 = -0.623945

snh2 = 0.787381

snh3 = -0.924154

Hx = -0.0375566

Hy = -0.0546001

Hz = 0.00165971

cnf11 = 0.740308

cnf21 = 0.592545

cnf31 = 0.527842

cnf12 = 0.740308

cnf22 = 0.317091

cnf32 = 0.353267

cnt1 = 0.555766

cnt2 = 0.515238

snf11 = 0.576146

snf21 = 0.727249

snf31 = 0.836083

snf12 = 0.576146

snf22 = 0.999134

snf32 = 0.974715

snt1 = 0.755727

snt2 = 0.843046

p :=
1 1    0.0298124
1 2    0.00807011
1 3   -0.0627491
2 1   -0.00459681
2 2    0.034137
2 3    0.0155391
3 1    0.0318659
3 2   -0.00641116
3 3    0.0605716
;

mf :=
1 1   -0.220643
1 2   -0.24877
1 3    0.727028
2 1   -0.0125786
2 2   -0.91221
2 3    0.135369
;

mt [*] :=
1  -0.477549
2   0.0181388
3  -0.704315
;

phi :=
1 1   0.0264777
1 2   0.00298362
1 3   0.096936
2 1   0
2 2   0
2 3   0.0327242
3 1   0.0261926
3 2   0.00278888
3 3   0.0966352
4 1   0.358689
4 2   0.162148
4 3   0.274764
;

l [*,1,*]
:       1           2          3        :=
1   -0.22022    -0.248694   0.727199
2   -0.751006   -0.344463   0.512393
3   -0.22191    -0.248999   0.726516
4    0.309719   -0.153078   0.941663

 [*,2,*]
:       1            2           3        :=
1   -0.0121407   -0.912194    0.135178
2   -0.562474    -0.931836    0.375256
3   -0.0138923   -0.912256    0.135942
4    0.537314    -0.892583   -0.104517

 [*,3,*]
:       1           2            3        :=
1   -0.477675    0.0185672   -0.704209
2   -0.319035   -0.519895    -0.837081
3   -0.47717     0.0168534   -0.704632
4   -0.636061    0.55617     -0.571548
;

W[i,j,k] :=
1 1 1   -0.22022
1 1 2   -0.248694
1 1 3    0.727199
2 1 1   -0.751006
2 1 2   -0.344463
2 1 3    0.512393
3 1 1   -0.22191
3 1 2   -0.248999
3 1 3    0.726516
4 1 1    0.309719
4 1 2   -0.153078
4 1 3    0.941663
;

W[i,j,k] :=
1 1 4   -0.00973676
1 1 5   -0.0078609
1 1 6   -0.00563696
2 1 4   -0.0174797
2 1 5    0.0318493
2 1 6   -0.00420855
3 1 4   -0.00976141
3 1 5   -0.00773451
3 1 6   -0.00563241
4 1 4   -0.0020062
4 1 5   -0.0475078
4 1 6   -0.00706309
;

W[i,j,k] :=
1 2 1   -0.0121407
1 2 2   -0.912194
1 2 3    0.135178
2 2 1   -0.562474
2 2 2   -0.931836
2 2 3    0.375256
3 2 1   -0.0138923
3 2 2   -0.912256
3 2 3    0.135942
4 2 1    0.537314
4 2 2   -0.892583
4 2 3   -0.104517
;

W[i,j,k] :=
1 2 4    0.0187892
1 2 5    0.00043273
1 2 6    0.00460763
2 2 4    0.02729
2 2 5   -0.00701536
2 2 6    0.0234846
3 2 4    0.0188163
3 2 5    0.000409024
3 2 6    0.00466771
4 2 4    0.010302
4 2 5    0.00786894
4 2 6   -0.0142393
;

W[i,j,k] :=
1 3 1   -0.477675
1 3 2    0.0185672
1 3 3   -0.704209
2 3 1   -0.319035
2 3 2   -0.519895
2 3 3   -0.837081
3 3 1   -0.47717
3 3 2    0.0168534
3 3 3   -0.704632
4 3 1   -0.636061
4 3 2    0.55617
4 3 3   -0.571548
;

W[i,j,k] :=
1 3 4    0.00339015
1 3 5   -0.00649324
1 3 6   -0.00247079
2 3 4    0.0368575
2 3 5    0.00734992
2 3 6   -0.0186123
3 3 4    0.00349667
3 3 5   -0.00644918
3 3 6   -0.00252216
4 3 4   -0.0300238
4 3 5   -0.0203143
4 3 6    0.013645
;

f11 = 7.41148

f12 = 15

f13 = 0.925305

f21 = 4.04932

f22 = 8.08428

f23 = -0.248856

f31 = 7.95713

f32 = 15

f33 = -1.77512

