solve_message = ' \
Ipopt 3.9.1: Converged to a locally infeasible point. Problem may be infeasible.'

Solve time:
_solve_time = 28.595

Objective:
torque = 8.33153

cnh1 = -0.351334

cnh2 = -0.507018

cnh3 = -0.0250738

snh1 = -0.869807

snh2 = -0.789261

snh3 = -0.937748

Hx = -0.0634886

Hy = 0.0279195

Hz = -0.0118735

cnf11 = 0.65532

cnf21 = 0.333624

cnf31 = 0.39732

cnf12 = 0.65532

cnf22 = 0.612878

cnf32 = 0.535031

cnt1 = 0.541213

cnt2 = 0.510383

snf11 = 0.671234

snf21 = 0.967693

snf31 = 0.929287

snf12 = 0.671234

snf22 = 0.710197

snf32 = 0.831946

snt1 = 0.766217

snt2 = 0.845628

p :=
1 1    0.0313587
1 2    0.0142511
1 3   -0.0173841
2 1   -7.0166e-05
2 2   -0.0305975
2 3    0.0630208
3 1    0.00207916
3 2   -0.0326446
3 3   -0.0601803
;

mf :=
1 1   -0.832507
1 2   -0.230923
1 3   -0.147314
2 1   -0.14817
2 2    0.213247
2 3   -0.747586
;

mt [*] :=
1  -0.149417
2   0.503159
3   0.665143
;

phi :=
1 1   0.0229999
1 2   0.0604837
1 3   0.0343282
2 1   0
2 2   0.0127188
2 3   0
3 1   0.022771
3 2   0.0602673
3 3   0.0339744
4 1   0.210459
4 2   0.241615
4 3   0.365233
;

l [*,1,*]
:       1           2           3        :=
1   -0.832351   -0.231189   -0.147706
2   -1.02863     0.103601    0.344881
3   -0.832975   -0.230124   -0.146138
4   -0.636389   -0.565445   -0.639508

 [*,2,*]
:       1            2            3        :=
1   -0.147755    0.213422     -0.747582
2   -0.669645   -0.00660482   -0.752389
3   -0.149416    0.212722     -0.747597
4    0.373302    0.433098     -0.742782

 [*,3,*]
:       1           2          3        :=
1   -0.149229    0.502854   0.665453
2   -0.384789    0.885792   0.275333
3   -0.149979    0.504073   0.664211
4    0.0859546   0.120527   1.05495
;

W[i,j,k] :=
1 1 1   -0.832351
1 1 2   -0.231189
1 1 3   -0.147706
2 1 1   -1.02863
2 1 2    0.103601
2 1 3    0.344881
3 1 1   -0.832975
3 1 2   -0.230124
3 1 3   -0.146138
4 1 1   -0.636389
4 1 2   -0.565445
4 1 3   -0.639508
;

W[i,j,k] :=
1 1 4   -0.006124
1 1 5    0.0191015
1 1 6    0.00461213
2 1 4    0.00671595
2 1 5    0.00706673
2 1 6    0.0179078
3 1 4   -0.00608313
3 1 5    0.0190632
3 1 6    0.00465445
4 1 4   -0.0189435
4 1 5    0.0311172
4 1 6   -0.00866236
;

W[i,j,k] :=
1 2 1   -0.147755
1 2 2    0.213422
1 2 3   -0.747582
2 2 1   -0.669645
2 2 2   -0.00660482
2 2 3   -0.752389
3 2 1   -0.149416
3 2 2    0.212722
3 2 3   -0.747597
4 2 1    0.373302
4 2 2    0.433098
4 2 3   -0.742782
;

W[i,j,k] :=
1 2 4    0.00942416
1 2 5   -0.00936409
1 2 6   -0.00453592
2 2 4    0.0234375
2 2 5   -0.0422543
2 2 6   -0.020489
3 2 4    0.00946876
3 2 5   -0.00946877
3 2 6   -0.00458669
4 2 4   -0.00456683
4 2 5    0.0234737
4 2 6    0.0113917
;

W[i,j,k] :=
1 3 1   -0.149229
1 3 2    0.502854
1 3 3    0.665453
2 3 1   -0.384789
2 3 2    0.885792
2 3 3    0.275333
3 3 1   -0.149979
3 3 2    0.504073
3 3 3    0.664211
4 3 1    0.0859546
4 3 2    0.120527
4 3 3    1.05495
;

W[i,j,k] :=
1 3 4    0.00853847
1 3 5    0.00759708
1 3 6   -0.00382601
2 3 4    0.0443191
2 3 5    0.0225842
2 3 6   -0.0107196
3 3 4    0.00865235
3 3 5    0.00764478
3 3 6   -0.00384796
4 3 4   -0.0271851
4 3 5   -0.00736619
4 3 6    0.00305655
;

f11 = 7.70435

f12 = 15

f13 = -2.97077

f21 = 7.76423

f22 = 15

f23 = 0.976962

f31 = 8.25208

f32 = 15

f33 = -0.292743

