solve_message = ' \
Ipopt 3.9.1: Maximum Number of Iterations Exceeded.'

Solve time:
_solve_time = 83.1953

Objective:
torque = 7.14678

cnh1 = 0.428992

cnh2 = 0.960928

cnh3 = -0.127879

snh1 = -0.9505

snh2 = 0.0614209

snh3 = 1.03498

Hx = 0.116591

Hy = 0.064508

Hz = 0.0168686

cnf11 = 0.64788

cnf21 = 0.659237

cnf31 = 0.534368

cnf12 = 0.646685

cnf22 = 0.629176

cnf32 = 0.494389

cnt1 = 0.637072

cnt2 = 0.493205

snf11 = 0.711529

snf21 = 0.726326

snf31 = 0.841161

snf12 = 0.718678

snf22 = 0.83615

snf32 = 0.880133

snt1 = 0.842178

snt2 = 0.883344

p :=
1 1    0.011378
1 2   -0.0295067
1 3   -0.0611467
2 1   -0.00160886
2 2   -0.0325523
2 3    0.0580446
3 1   -0.0234751
3 2    0.0264673
3 3    0.00623495
;

mf :=
1 1   -0.0630929
1 2    0.591182
1 3    0.73185
2 1    0.224501
2 2    0.839425
2 3   -0.600994
;

mt [*] :=
1   0.833037
2  -0.792032
3  -0.00803195
;

phi :=
1 1   0.0607763
1 2   0.0446689
1 3   0.0623396
2 1   0.00867552
2 2   0
2 3   0.00384786
3 1   0.0605341
3 2   0.0444267
3 3   0.0620575
4 1   0.224589
4 2   0.213748
4 3   0.262716
;

l [*,1,*]
:       1           2          3        :=
1   -0.0617355   0.592324   0.735781
2    0.562902    0.371005   0.998056
3   -0.0597472   0.59162    0.736616
4   -0.685655    0.813014   0.473988

 [*,2,*]
:       1          2           3         :=
1    0.225054   0.836574   -0.600205
2    0.567457   1.19684    -0.0528347
3    0.226144   0.837721   -0.598463
4   -0.117116   0.476613   -1.14686

 [*,3,*]
:      1           2            3         :=
1   0.827434   -0.705701   -0.00824636
2   1.26925    -0.237178   -0.433833
3   0.82884    -0.704209   -0.00960082
4   0.38598    -1.17399     0.41652
;

W[i,j,k] :=
1 1 1   -0.0623236
1 1 2    0.591962
1 1 3    0.734889
2 1 1    0.562123
2 1 2    0.371029
2 1 3    0.997512
3 1 1   -0.0603358
3 1 2    0.591259
3 1 3    0.735724
4 1 1   -0.686352
4 1 2    0.811985
4 1 3    0.472722
;

W[i,j,k] :=
1 1 4    0.0143355
1 1 5   -0.00492989
1 1 6    0.00498392
2 1 4   -0.00687551
2 1 5   -0.0460177
2 1 6    0.0208915
3 1 4    0.0142681
3 1 5   -0.00506057
3 1 6    0.00503456
4 1 4    0.0353666
4 1 5    0.0359617
4 1 6   -0.0109053
;

W[i,j,k] :=
1 2 1    0.224496
1 2 2    0.836391
1 2 3   -0.599949
2 2 1    0.567537
2 2 2    1.19673
2 2 3   -0.0522962
3 2 1    0.225588
3 2 2    0.837539
3 2 3   -0.598206
4 2 1   -0.118632
4 2 2    0.476065
4 2 3   -1.14702
;

W[i,j,k] :=
1 2 4   -0.0292487
1 2 5    0.011883
1 2 6    0.00603653
2 2 4   -0.067836
2 2 5    0.0327156
2 2 6    0.016591
3 2 4   -0.0293714
3 2 5    0.0119495
3 2 6    0.00607013
4 2 4    0.0091588
4 2 5   -0.00908982
4 2 6   -0.00450741
;

W[i,j,k] :=
1 3 1    0.826959
1 3 2   -0.706112
1 3 3   -0.00859483
2 3 1    1.26908
2 3 2   -0.237364
2 3 3   -0.434385
3 3 1    0.828366
3 3 2   -0.704619
3 3 3   -0.00994986
4 3 1    0.384791
4 3 2   -1.1751
4 3 3    0.416237
;

W[i,j,k] :=
1 3 4    0.00391701
1 3 5    0.00465218
1 3 6   -0.00531988
2 3 4   -0.0101774
2 3 5   -0.00231792
2 3 6   -0.0279847
3 3 4    0.00387227
3 3 5    0.00463014
3 3 6   -0.00539202
4 3 4    0.0177997
4 3 5    0.0113895
4 3 6    0.017334
;

f11 = 3.57222

f12 = 13.6974

f13 = 1.81461

f21 = 3.78596

f22 = 11.1327

f23 = -1.5649

f31 = 7.53637

f32 = 15

f33 = 0.339996

