solve_message = ' \
Ipopt 3.9.1: Converged to a locally infeasible point. Problem may be infeasible.'

Solve time:
_solve_time = 33.6182

Objective:
torque = 7.89345

cnh1 = -0.790695

cnh2 = 0.937913

cnh3 = 0.199288

snh1 = 0.504779

snh2 = 0.0178581

snh3 = 0.91667

Hx = -0.0440769

Hy = -0.0571779

Hz = -0.0211442

cnf11 = 0.41935

cnf21 = 0.443684

cnf31 = 0.479559

cnf12 = 0.41935

cnf22 = 0.52053

cnf32 = 0.503603

cnt1 = 0.597162

cnt2 = 0.475059

snf11 = 0.839134

snf21 = 0.826525

snf31 = 0.860612

snf12 = 0.839134

snf22 = 0.780416

snf32 = 0.849137

snt1 = 0.87487

snt2 = 0.895579

p :=
1 1   -0.00827027
1 2    0.0310708
1 3   -0.060528
2 1   -0.0274675
2 2    0.0124795
2 3    0.0607009
3 1    0.0348975
3 2   -0.00655188
3 3    0.000104986
;

mf :=
1 1   -0.0614095
1 2   -0.614251
1 3    0.474082
2 1    0.155032
2 2   -0.352193
2 3   -0.67104
;

mt [*] :=
1  -0.934707
2   0.0867897
3  -0.110398
;

phi :=
1 1   0.0414226
1 2   0.0447112
1 3   0.0205064
2 1   0
2 2   0
2 3   0
3 1   0.0411152
3 2   0.0444343
3 3   0.0202486
4 1   0.299374
4 2   0.302862
4 3   0.253838
;

l [*,1,*]
:       1            2          3        :=
1   -0.0609574   -0.614223   0.474147
2   -0.629089    -0.648921   0.392425
3   -0.0627656   -0.614334   0.473887
4    0.506268    -0.579581   0.555738

 [*,2,*]
:      1           2           3        :=
1   0.155021   -0.35178    -0.671241
2   0.169001   -0.870834   -0.418332
3   0.155065   -0.353432   -0.670436
4   0.141063    0.166447   -0.923747

 [*,3,*]
:       1           2            3        :=
1   -0.934725    0.0870994   -0.109988
2   -0.91115    -0.302162    -0.624636
3   -0.93465     0.0858605   -0.111626
4   -0.958263    0.47574      0.403839
;

W[i,j,k] :=
1 1 1   -0.0609574
1 1 2   -0.614223
1 1 3    0.474147
2 1 1   -0.629089
2 1 2   -0.648921
2 1 3    0.392425
3 1 1   -0.0627656
3 1 2   -0.614334
3 1 3    0.473887
4 1 1    0.506268
4 1 2   -0.579581
4 1 3    0.555738
;

W[i,j,k] :=
1 1 4   -0.0224456
1 1 5    0.00761095
1 1 6    0.00697379
2 1 4   -0.0270849
2 1 5    0.041323
2 1 6    0.0249131
3 1 4   -0.0224604
3 1 5    0.00771825
3 1 6    0.00703088
4 1 4   -0.0178136
4 1 5   -0.0260473
4 1 6   -0.0109369
;

W[i,j,k] :=
1 2 1    0.155021
1 2 2   -0.35178
1 2 3   -0.671241
2 2 1    0.169001
2 2 2   -0.870834
2 2 3   -0.418332
3 2 1    0.155065
3 2 2   -0.353432
3 2 3   -0.670436
4 2 1    0.141063
4 2 2    0.166447
4 2 3   -0.923747
;

W[i,j,k] :=
1 2 4    0.0129766
1 2 5   -0.00902743
1 2 6    0.00772793
2 2 4    0.0476398
2 2 5   -0.00123201
2 2 6    0.0218106
3 2 4    0.0130869
3 2 5   -0.00900262
3 2 6    0.00777276
4 2 4   -0.0216314
4 2 5   -0.0168104
4 2 6   -0.00633228
;

W[i,j,k] :=
1 3 1   -0.934725
1 3 2    0.0870994
1 3 3   -0.109988
2 3 1   -0.91115
2 3 2   -0.302162
2 3 3   -0.624636
3 3 1   -0.93465
3 3 2    0.0858605
3 3 3   -0.111626
4 3 1   -0.958263
4 3 2    0.47574
4 3 3    0.403839
;

W[i,j,k] :=
1 3 4    0.000711485
1 3 5    0.00374018
1 3 6   -0.00308465
2 3 4    0.00412426
2 3 5    0.0217026
2 3 6   -0.0165144
3 3 4    0.000722347
3 3 5    0.00379735
3 3 6   -0.0031274
4 3 4   -0.00269585
4 3 5   -0.0141936
4 3 6    0.0103237
;

f11 = 8.25626

f12 = 15

f13 = -0.128948

f21 = 6.91598

f22 = 15

f23 = -3.29512

f31 = 6.196

f32 = 12.3812

f33 = 0.230847

