solve_message = ' \
Ipopt 3.9.1: Optimal Solution Found'

Solve time:
_solve_time = 2.35562

Objective:
torque = 3.52708

cnh1 = 1.00478

cnh2 = -0.180839

cnh3 = 0.914795

snh1 = -0.335296

snh2 = 0.920487

snh3 = 0.533995

Hx = -0.0520574

Hy = 0.0752134

Hz = 0.0336756

cnf11 = 0.937575

cnf21 = 0.753587

cnf31 = 0.590674

cnf12 = 0.937575

cnf22 = 0.782744

cnf32 = 0.549428

cnt1 = 0.526609

cnt2 = 0.447426

snf11 = 0

snf21 = 0.558666

snf31 = 0.796028

snf12 = 0

snf22 = 0.71366

snf32 = 0.847043

snt1 = 0.919066

snt2 = 0.912712

p :=
1 1   -0.0288122
1 2   -0.00650675
1 3   -0.0638293
2 1    0.0196853
2 2    0.0119624
2 3   -0.063644
3 1    0.0283444
3 2   -0.0156651
3 3    0.0602597
;

mf :=
1 1    0.135696
1 2   -0.0748598
1 3    0.805203
2 1    0.0894804
2 2    0.107443
2 3    0.93631
;

mt [*] :=
1  -0.564424
2   0.548048
3  -0.721151
;

phi :=
1 1   0.067454
1 2   0.0403997
1 3   0.0757025
2 1   0.0163947
2 2   0.00094
2 3   0.0121431
3 1   0.0672206
3 2   0.0402253
3 3   0.0753861
4 1   0.197948
4 2   0.130276
4 3   0.30472
;

l [*,1,*]
:       1           2           3        :=
1   0.135641    -0.0754439   0.805166
2   0.203721     0.658544    0.851238
3   0.135858    -0.0731077   0.805313
4   0.0676701   -0.808261    0.759168

 [*,2,*]
:       1           2          3        :=
1   0.0894775    0.106814   0.936347
2   0.0930741    0.896948   0.889089
3   0.089489     0.109329   0.936197
4   0.0858867   -0.68206    0.98353

 [*,3,*]
:       1           2           3        :=
1   -0.563912    0.548072   -0.721469
2   -1.20737     0.517745   -0.321468
3   -0.56596     0.547975   -0.720196
4    0.0785235   0.57835    -1.12083
;

W[i,j,k] :=
1 1 1    0.135641
1 1 2   -0.0754439
1 1 3    0.805166
2 1 1    0.203721
2 1 2    0.658544
2 1 3    0.851238
3 1 1    0.135858
3 1 2   -0.0731077
3 1 3    0.805313
4 1 1    0.0676701
4 1 2   -0.808261
4 1 3    0.759168
;

W[i,j,k] :=
1 1 4   -0.0100545
1 1 5    0.0145407
1 1 6    0.00305629
2 1 4    0.0364956
2 1 5    0.0115227
2 1 6   -0.0176486
3 1 4   -0.00990638
3 1 5    0.0145311
3 1 6    0.00299039
4 1 4   -0.0565304
4 1 5    0.017554
4 1 6    0.0237281
;

W[i,j,k] :=
1 2 1    0.0894775
1 2 2    0.106814
1 2 3    0.936347
2 2 1    0.0930741
2 2 2    0.896948
2 2 3    0.889089
3 2 1    0.089489
3 2 2    0.109329
3 2 3    0.936197
4 2 1    0.0858867
4 2 2   -0.68206
4 2 3    0.98353
;

W[i,j,k] :=
1 2 4    0.017999
1 2 5   -0.024127
1 2 6    0.0010323
2 2 4    0.067721
2 2 5   -0.0234256
2 2 6    0.0165433
3 2 4    0.0181572
3 2 5   -0.0241247
3 2 6    0.00108167
4 2 4   -0.0316437
4 2 5   -0.0248273
4 2 6   -0.014454
;

W[i,j,k] :=
1 3 1   -0.563912
1 3 2    0.548072
1 3 3   -0.721469
2 3 1   -1.20737
2 3 2    0.517745
2 3 3   -0.321468
3 3 1   -0.56596
3 3 2    0.547975
3 3 3   -0.720196
4 3 1    0.0785235
4 3 2    0.57835
4 3 3   -1.12083
;

W[i,j,k] :=
1 3 4   -0.0217248
1 3 5   -0.0135315
1 3 6    0.00670106
2 3 4   -0.0261634
2 3 5   -0.0636442
2 3 6   -0.00423839
3 3 4   -0.0217389
3 3 5   -0.013691
3 3 6    0.00666625
4 3 4   -0.0172933
4 3 5    0.0365012
4 3 6    0.0176231
;

f11 = 3.68988

f12 = 7.34811

f13 = -0.0584645

f21 = -1.2948

f22 = 2.54312

f23 = -0.245666

f31 = 5.29383

f32 = 10.5679

f33 = 0.12427

