solve_message = ' \
Ipopt 3.9.1: Converged to a locally infeasible point. Problem may be infeasible.'

Solve time:
_solve_time = 7.90925

Objective:
torque = 7.72757

cnh1 = -0.0960614

cnh2 = 0.709712

cnh3 = 0.214206

snh1 = -0.933152

snh2 = 0.61344

snh3 = -0.913299

Hx = -0.0664605

Hy = 0.0179735

Hz = 0.0173673

cnf11 = 0.574009

cnf21 = 0.530451

cnf31 = 0.448949

cnf12 = 0.574009

cnf22 = 0.725367

cnf32 = 0.578469

cnt1 = 0.409238

cnt2 = 0.469335

snf11 = 0.741966

snf21 = 0.916854

snf31 = 0.911768

snf12 = 0.741966

snf22 = 0.594847

snf32 = 0.804494

snt1 = 0.844111

snt2 = 0.864987

p :=
1 1    0.00634685
1 2   -0.0334948
1 3    0.0561902
2 1    0.0282279
2 2    0.0111849
2 3   -0.063224
3 1    0.0155039
3 2    0.0274537
3 3    0.0587655
;

mf :=
1 1   -0.298376
1 2    0.799693
1 3   -0.2062
2 1   -0.187815
2 2    0.0193703
2 3    0.763818
;

mt [*] :=
1  -0.502923
2  -0.383621
3  -0.541977
;

phi :=
1 1   0.0508748
1 2   0.0620386
1 3   0.0371335
2 1   1.68397e-06
2 2   0.00708703
2 3   0
3 1   0.0506122
3 2   0.0617782
3 3   0.036838
4 1   0.174181
4 2   0.264855
4 3   0.296407
;

l [*,1,*]
:       1           2           3        :=
1   -0.298061    0.799879   -0.205847
2   -0.694662    0.567293   -0.649356
3   -0.299323    0.799138   -0.207259
4    0.0979076   1.03209     0.236954

 [*,2,*]
:       1            2           3        :=
1   -0.187586     0.0189823   0.76386
2   -0.474753     0.506546    0.710296
3   -0.1885       0.0205342   0.76369
4    0.0991222   -0.467804    0.817338

 [*,3,*]
:       1            2           3        :=
1   -0.502586    -0.383626   -0.542321
2   -0.926359    -0.37766    -0.10987
3   -0.503935    -0.383607   -0.540945
4   -0.0794897   -0.389582   -0.974082
;

W[i,j,k] :=
1 1 1   -0.298061
1 1 2    0.799879
1 1 3   -0.205847
2 1 1   -0.694662
2 1 2    0.567293
2 1 3   -0.649356
3 1 1   -0.299323
3 1 2    0.799138
3 1 3   -0.207259
4 1 1    0.0979076
4 1 2    1.03209
4 1 3    0.236954
;

W[i,j,k] :=
1 1 4   -0.0380505
1 1 5   -0.0154416
1 1 6   -0.00490677
2 1 4   -0.0101263
2 1 5   -0.0349118
2 1 6   -0.019667
3 1 4   -0.0379616
3 1 5   -0.0155036
3 1 6   -0.00495375
4 1 4   -0.0659302
4 1 5    0.00399754
4 1 6    0.00982993
;

W[i,j,k] :=
1 2 1   -0.187586
1 2 2    0.0189823
1 2 3    0.76386
2 2 1   -0.474753
2 2 2    0.506546
2 2 3    0.710296
3 2 1   -0.1885
3 2 2    0.0205342
3 2 3    0.76369
4 2 1    0.0991222
4 2 2   -0.467804
4 2 3    0.817338
;

W[i,j,k] :=
1 2 4    0.00974386
1 2 5   -0.00970218
1 2 6    0.00263397
2 2 4    0.0399705
2 2 5    0.00996563
2 2 6    0.0196088
3 2 4    0.00984007
3 2 5   -0.00963958
3 2 6    0.002688
4 2 4   -0.0204345
4 2 5   -0.0293386
4 2 6   -0.0143138
;

W[i,j,k] :=
1 3 1   -0.502586
1 3 2   -0.383626
1 3 3   -0.542321
2 3 1   -0.926359
2 3 2   -0.37766
2 3 3   -0.10987
3 3 1   -0.503935
3 3 2   -0.383607
3 3 3   -0.540945
4 3 1   -0.0794897
4 3 2   -0.389582
4 3 3   -0.974082
;

W[i,j,k] :=
1 3 4    0.00765525
1 3 5   -0.0211267
1 3 6    0.00785016
2 3 4    0.0191771
2 3 5   -0.0527346
2 3 6    0.0195768
3 3 4    0.00769192
3 3 5   -0.0212273
3 3 6    0.00788749
4 3 4   -0.00384818
4 3 5    0.0104308
4 3 6   -0.00385776
;

f11 = 8.19801

f12 = 15

f13 = -0.987464

f21 = 3.20824

f22 = 14.7239

f23 = 1.42276

f31 = 7.38608

f32 = 14.8737

f33 = -0.934093

