solve_message = ' \
Ipopt 3.9.1: Converged to a locally infeasible point. Problem may be infeasible.'

Solve time:
_solve_time = 10.0621

Objective:
torque = 3.80167

cnh1 = -0.955613

cnh2 = -0.844897

cnh3 = -0.00988524

snh1 = -0.45695

snh2 = -0.407614

snh3 = -0.00417683

Hx = -0.0103926

Hy = -0.038928

Hz = 0.0455609

cnf11 = -1

cnf21 = -0.163885

cnf31 = 0.339275

cnf12 = -1

cnf22 = -0.431412

cnf32 = 0.140711

cnt1 = -0.438358

cnt2 = 0.144001

snf11 = 0

snf21 = 0.96616

snf31 = 0.874581

snf12 = 0

snf22 = 0.832997

snf32 = 1

snt1 = 0.847417

snt2 = 1

p :=
1 1    0.00261836
1 2   -0.0333493
1 3    0.0525911
2 1    0.0171203
2 2   -0.0255909
2 3    0.0599175
3 1    0.0168241
3 2   -0.0260653
3 3    0.0595898
;

mf :=
1 1    0.158916
1 2    0.080192
1 3    0.0717018
2 1   -0.270356
2 2   -0.125213
2 3   -0.145144
;

mt [*] :=
1  -0.256104
2  -0.117968
3  -0.137847
;

phi :=
1 1   0.0959539
1 2   0.0813553
1 3   0.0778963
2 1   0.090483
2 2   0.0691764
2 3   0.0684697
3 1   0.0959365
3 2   0.0813156
3 3   0.0778659
4 1   0.101402
4 2   0.0941429
4 3   0.0875693
;

l [*,1,*]
:       1           2            3         :=
1    0.159251    0.0803563    0.0718742
2   -0.261696   -0.126079    -0.144703
3    0.157911    0.0796992    0.0711848
4    0.579526    0.286462     0.288105

 [*,2,*]
:       1            2            3         :=
1   -0.270084    -0.125077    -0.145004
2   -0.611863    -0.295942    -0.319857
3   -0.271172    -0.125621    -0.145561
4    0.0711495    0.0455156    0.0295696

 [*,3,*]
:       1           2            3         :=
1   -0.255812   -0.117823    -0.137698
2   -0.623322   -0.300149    -0.325063
3   -0.256981   -0.118403    -0.138295
4    0.111113    0.0642123    0.0493676
;

W[i,j,k] :=
1 1 1    0.159251
1 1 2    0.0803563
1 1 3    0.0718742
2 1 1   -0.261696
2 1 2   -0.126079
2 1 3   -0.144703
3 1 1    0.157911
3 1 2    0.0796992
3 1 3    0.0711848
4 1 1    0.579526
4 1 2    0.286462
4 1 3    0.288105
;

W[i,j,k] :=
1 1 4   -0.00662298
1 1 5    0.00818697
1 1 6    0.00552131
2 1 4    0.0114563
2 1 5   -0.013384
2 1 6   -0.0090575
3 1 4   -0.00656544
3 1 5    0.00811832
3 1 6    0.0054749
4 1 4   -0.0246735
4 1 5    0.0297235
4 1 6    0.0200769
;

W[i,j,k] :=
1 2 1   -0.270084
1 2 2   -0.125077
1 2 3   -0.145004
2 2 1   -0.611863
2 2 2   -0.295942
2 2 3   -0.319857
3 2 1   -0.271172
3 2 2   -0.125621
3 2 3   -0.145561
4 2 1    0.0711495
4 2 2    0.0455156
4 2 3    0.0295696
;

W[i,j,k] :=
1 2 4    0.0112051
1 2 5   -0.0137003
1 2 6   -0.00905303
2 2 4    0.0259175
2 2 5   -0.0311853
2 2 6   -0.0207247
3 2 4    0.0112519
3 2 5   -0.0137559
3 2 6   -0.00909018
4 2 4   -0.00348389
4 2 5    0.00375686
4 2 6    0.00260002
;

W[i,j,k] :=
1 3 1   -0.255812
1 3 2   -0.117823
1 3 3   -0.137698
2 3 1   -0.623322
2 3 2   -0.300149
2 3 3   -0.325063
3 3 1   -0.256981
3 3 2   -0.118403
3 3 3   -0.138295
4 3 1    0.111113
4 3 2    0.0642123
4 3 3    0.0493676
;

W[i,j,k] :=
1 3 4    0.0106102
1 3 5   -0.0129271
1 3 6   -0.00865006
2 3 4    0.0263587
2 3 5   -0.0316748
2 3 6   -0.0212968
3 3 4    0.0106603
3 3 5   -0.0129868
3 3 6   -0.00869032
4 3 4   -0.00511318
4 3 5    0.00579064
4 3 6    0.00397651
;

f11 = 8.08285

f12 = 15

f13 = -1.6882

f21 = -5.68416

f22 = 11.6414

f23 = 1.30024

f31 = -0.333509

f32 = 0

f33 = 0.106169

