solve_message = ' \
Ipopt 3.9.1: Optimal Solution Found'

Solve time:
_solve_time = 17.4565

Objective:
torque = 5.23979

cnh1 = 0.663325

cnh2 = 0.507584

cnh3 = -0.938083

snh1 = -0.663325

snh2 = -0.788897

snh3 = -6.57863e-08

Hx = -0.0561822

Hy = 0.0561822

Hz = 0.0215068

cnf11 = 0.936092

cnf21 = 0.790589

cnf31 = 0.607863

cnf12 = 0.936092

cnf22 = 0.790589

cnf32 = 0.607863

cnt1 = 0.505993

cnt2 = 0.439184

snf11 = 0

snf21 = 0.504945

snf31 = 0.783538

snf12 = 0

snf22 = 0.504945

snf32 = 0.783538

snt1 = 0.930576

snt2 = 0.917834

p :=
1 1    0.029499
1 2   -0.00647202
1 3    0.0606252
2 1    0.00647201
2 2   -0.029499
2 3    0.0606252
3 1   -0.0188393
3 2    0.0188393
3 3   -0.0650749
;

mf :=
1 1   -0.215073
1 2    0.2855
1 3   -0.724562
2 1   -0.2855
2 2    0.215073
2 3   -0.724562
;

mt [*] :=
1  -0.0162211
2   0.016221
3   0.989673
;

phi :=
1 1   0.0621686
1 2   0.0633037
1 3   0.090194
2 1   0.0222585
2 2   0.0249371
2 3   0.0308741
3 1   0.0620003
3 2   0.0631442
3 3   0.08992
4 1   0.140579
4 2   0.135511
4 3   0.247409
;

l [*,1,*]
:       1          2           3        :=
1   -0.214642   0.285531   -0.724693
2   -0.755749   0.246919   -0.559462
3   -0.216365   0.285408   -0.724167
4    0.325602   0.324082   -0.889661

 [*,2,*]
:       1          2           3        :=
1   -0.285084   0.215123   -0.724732
2   -0.808838   0.152696   -0.511271
3   -0.286751   0.214924   -0.724052
4    0.237835   0.27745    -0.937852

 [*,3,*]
:        1            2           3        :=
1   -0.0162135     0.0157179   0.989706
2   -0.0257733     0.648027    0.948294
3   -0.0162439     0.0177304   0.989575
4   -0.00666886   -0.615582    1.03105
;

W[i,j,k] :=
1 1 1   -0.214642
1 1 2    0.285531
1 1 3   -0.724693
2 1 1   -0.755749
2 1 2    0.246919
2 1 3   -0.559462
3 1 1   -0.216365
3 1 2    0.285408
3 1 3   -0.724167
4 1 1    0.325602
4 1 2    0.324082
4 1 3   -0.889661
;

W[i,j,k] :=
1 1 4   -0.0126201
1 1 5    0.00836498
1 1 6    0.0070337
2 1 4   -0.0113487
2 1 5   -0.0293139
2 1 6    0.00239263
3 1 4   -0.0126161
3 1 5    0.00824505
3 1 6    0.00701893
4 1 4   -0.0138896
4 1 5    0.0459837
4 1 6    0.0116674
;

W[i,j,k] :=
1 2 1   -0.285084
1 2 2    0.215123
1 2 3   -0.724732
2 2 1   -0.808838
2 2 2    0.152696
2 2 3   -0.511271
3 2 1   -0.286751
3 2 2    0.214924
3 2 3   -0.724052
4 2 1    0.237835
4 2 2    0.27745
4 2 3   -0.937852
;

W[i,j,k] :=
1 2 4    0.00833699
1 2 5   -0.0125928
1 2 6   -0.00701739
2 2 4    0.00582476
2 2 5   -0.045727
2 2 6   -0.0228716
3 2 4    0.00832899
3 2 5   -0.0126982
3 2 6   -0.00706785
4 2 4    0.0108452
4 2 5    0.0204886
4 2 6    0.00881155
;

W[i,j,k] :=
1 3 1   -0.0162135
1 3 2    0.0157179
1 3 3    0.989706
2 3 1   -0.0257733
2 3 2    0.648027
2 3 3    0.948294
3 3 1   -0.0162439
3 3 2    0.0177304
3 3 3    0.989575
4 3 1   -0.00666886
4 3 2   -0.615582
4 3 3    1.03105
;

W[i,j,k] :=
1 3 4    0.0196682
1 3 5    0.0197005
1 3 6    9.33629e-06
2 3 4    0.0600355
2 3 5    0.0195424
2 3 6   -0.0117228
3 3 4    0.0197967
3 3 5    0.0197
3 3 6   -2.80045e-05
4 3 4   -0.0206346
4 3 5    0.0198583
4 3 6    0.0117228
;

f11 = -3.3207

f12 = 6.62227

f13 = 0.237877

f21 = 4.58256

f22 = 9.56753

f23 = 1.41584

f31 = 7.71964

f32 = 15

f33 = 1.72668

