solve_message = ' \
Ipopt 3.9.1: Converged to a locally infeasible point. Problem may be infeasible.'

Solve time:
_solve_time = 5.11683

Objective:
torque = 7.59962

cnh1 = -0.62869

cnh2 = 0.766357

cnh3 = -0.232721

snh1 = -0.696239

snh2 = -0.541015

snh3 = 0.908758

Hx = 0.0561486

Hy = -0.0497729

Hz = -0.00756587

cnf11 = 0.283057

cnf21 = 0.387482

cnf31 = 0.417756

cnf12 = 0.283057

cnf22 = 0.694011

cnf32 = 0.565624

cnt1 = 0.585962

cnt2 = 0.470701

snf11 = 0.894359

snf21 = 0.946674

snf31 = 0.91781

snf12 = 0.894359

snf22 = 0.631148

snf32 = 0.813046

snt1 = 0.882411

snt2 = 0.898291

p :=
1 1   -0.0280924
1 2   -0.0147329
1 3   -0.0584021
2 1   -0.00506897
2 2    0.0313308
2 3    0.0617659
3 1    0.00679383
3 2    0.032976
3 3   -0.0577593
;

mf :=
1 1    0.704517
1 2    0.0997274
1 3    0.478906
2 1    0.0903183
2 2   -0.321782
2 3   -0.693385
;

mt [*] :=
1  -0.085791
2  -0.752451
3   0.601661
;

phi :=
1 1   0.05205
1 2   0.0972783
1 3   0.00743709
2 1   0
2 2   0.0376418
2 3   0
3 1   0.0516789
3 2   0.0970125
3 3   0.00720467
4 1   0.241117
4 2   0.227589
4 3   0.247816
;

l [*,1,*]
:      1           2           3        :=
1   0.704534    0.100173    0.478714
2   0.682522   -0.45923     0.720336
3   0.704464    0.0983921   0.479483
4   0.726511    0.658683    0.237477

 [*,2,*]
:       1            2           3        :=
1    0.0898693   -0.321863   -0.693373
2    0.654198    -0.219574   -0.707805
3    0.0916654   -0.321538   -0.693419
4   -0.473559    -0.423989   -0.678965

 [*,3,*]
:       1            2          3        :=
1   -0.0860985   -0.752185   0.601983
2    0.300373    -1.08661    0.19761
3   -0.0848685   -0.75325    0.600696
4   -0.471953    -0.418293   1.00571
;

W[i,j,k] :=
1 1 1    0.704534
1 1 2    0.100173
1 1 3    0.478714
2 1 1    0.682522
2 1 2   -0.45923
2 1 3    0.720336
3 1 1    0.704464
3 1 2    0.0983921
3 1 3    0.479483
4 1 1    0.726511
4 1 2    0.658683
4 1 3    0.237477
;

W[i,j,k] :=
1 1 4   -0.00120255
1 1 5   -0.0276981
1 1 6    0.00756575
2 1 4   -0.0374327
2 1 5   -0.0196248
2 1 6    0.0229564
3 1 4   -0.00131787
3 1 5   -0.0276724
3 1 6    0.00761474
4 1 4    0.0349698
4 1 5   -0.0357585
4 1 6   -0.00780033
;

W[i,j,k] :=
1 2 1    0.0898693
1 2 2   -0.321863
1 2 3   -0.693373
2 2 1    0.654198
2 2 2   -0.219574
2 2 3   -0.707805
3 2 1    0.0916654
3 2 2   -0.321538
3 2 3   -0.693419
4 2 1   -0.473559
4 2 2   -0.423989
4 2 3   -0.678965
;

W[i,j,k] :=
1 2 4   -0.00184379
1 2 5    0.00203617
1 2 6   -0.00118416
2 2 4   -0.00861391
2 2 5    0.0368193
2 2 6   -0.0193835
3 2 4   -0.00186534
3 2 5    0.00214687
3 2 6   -0.00124209
4 2 4    0.00491553
4 2 5   -0.0326914
4 2 6    0.0169862
;

W[i,j,k] :=
1 3 1   -0.0860985
1 3 2   -0.752185
1 3 3    0.601983
2 3 1    0.300373
2 3 2   -1.08661
2 3 3    0.19761
3 3 1   -0.0848685
3 3 2   -0.75325
3 3 3    0.600696
4 3 1   -0.471953
4 3 2   -0.418293
4 3 3    1.00571
;

W[i,j,k] :=
1 3 4   -0.0235947
1 3 5    0.000883219
1 3 6   -0.00227103
2 3 4   -0.0562454
2 3 5   -0.0186918
2 3 6   -0.0172873
3 3 4   -0.0236986
3 3 5    0.000820916
3 3 6   -0.00231883
4 3 4    0.00900401
4 3 5    0.0204271
4 3 6    0.0127213
;

f11 = 7.73967

f12 = 15

f13 = 2.8775

f21 = 5.27114

f22 = 15

f23 = -1.80114

f31 = 5.21246

f32 = 10.5141

f33 = 0.766155

