solve_message = ' \
Ipopt 3.9.1: Converged to a locally infeasible point. Problem may be infeasible.'

Solve time:
_solve_time = 32.885

Objective:
torque = 8.33153

cnh1 = 0.869807

cnh2 = -0.507018

cnh3 = -0.0250734

snh1 = -0.351335

snh2 = -0.789261

snh3 = -0.937748

Hx = -0.0279195

Hy = -0.0634886

Hz = -0.0118735

cnf11 = 0.65532

cnf21 = 0.333624

cnf31 = 0.39732

cnf12 = 0.65532

cnf22 = 0.612878

cnf32 = 0.535031

cnt1 = 0.541213

cnt2 = 0.510383

snf11 = 0.671234

snf21 = 0.967693

snf31 = 0.929287

snf12 = 0.671234

snf22 = 0.710197

snf32 = 0.831946

snt1 = 0.766217

snt2 = 0.845628

p :=
1 1   -0.0142511
1 2    0.0313587
1 3   -0.0173841
2 1    0.0305975
2 2   -7.0145e-05
2 3    0.0630208
3 1    0.0326446
3 2    0.00207914
3 3   -0.0601803
;

mf :=
1 1    0.230923
1 2   -0.832507
1 3   -0.147314
2 1   -0.213247
2 2   -0.148171
2 3   -0.747586
;

mt [*] :=
1  -0.503159
2  -0.149416
3   0.665143
;

phi :=
1 1   0.0229697
1 2   0.0708546
1 3   0.0262244
2 1   0
2 2   0.0145642
2 3   0
3 1   0.022744
3 2   0.0705906
3 3   0.0259349
4 1   0.201248
4 2   0.230927
4 3   0.38084
;

l [*,1,*]
:       1           2           3        :=
1    0.231189   -0.83235    -0.147706
2   -0.1036     -1.02863     0.344881
3    0.230124   -0.832975   -0.146138
4    0.565445   -0.636389   -0.639508

 [*,2,*]
:        1            2           3        :=
1   -0.213422     -0.147755   -0.747582
2    0.00660483   -0.669645   -0.752389
3   -0.212722     -0.149416   -0.747597
4   -0.433098      0.373302   -0.742783

 [*,3,*]
:       1           2           3        :=
1   -0.502854   -0.149229    0.665453
2   -0.885792   -0.384788    0.275333
3   -0.504073   -0.149979    0.664212
4   -0.120527    0.0859549   1.05495
;

W[i,j,k] :=
1 1 1    0.231189
1 1 2   -0.83235
1 1 3   -0.147706
2 1 1   -0.1036
2 1 2   -1.02863
2 1 3    0.344881
3 1 1    0.230124
3 1 2   -0.832975
3 1 3   -0.146138
4 1 1    0.565445
4 1 2   -0.636389
4 1 3   -0.639508
;

W[i,j,k] :=
1 1 4   -0.0191015
1 1 5   -0.00612399
1 1 6    0.00461213
2 1 4   -0.00706672
2 1 5    0.00671595
2 1 6    0.0179078
3 1 4   -0.0190632
3 1 5   -0.00608313
3 1 6    0.00465445
4 1 4   -0.0311172
4 1 5   -0.0189434
4 1 6   -0.00866235
;

W[i,j,k] :=
1 2 1   -0.213422
1 2 2   -0.147755
1 2 3   -0.747582
2 2 1    0.00660483
2 2 2   -0.669645
2 2 3   -0.752389
3 2 1   -0.212722
3 2 2   -0.149416
3 2 3   -0.747597
4 2 1   -0.433098
4 2 2    0.373302
4 2 3   -0.742783
;

W[i,j,k] :=
1 2 4    0.00936409
1 2 5    0.00942416
1 2 6   -0.00453592
2 2 4    0.0422543
2 2 5    0.0234375
2 2 6   -0.020489
3 2 4    0.00946877
3 2 5    0.00946876
3 2 6   -0.0045867
4 2 4   -0.0234737
4 2 5   -0.00456681
4 2 6    0.0113917
;

W[i,j,k] :=
1 3 1   -0.502854
1 3 2   -0.149229
1 3 3    0.665453
2 3 1   -0.885792
2 3 2   -0.384788
2 3 3    0.275333
3 3 1   -0.504073
3 3 2   -0.149979
3 3 3    0.664212
4 3 1   -0.120527
4 3 2    0.0859549
4 3 3    1.05495
;

W[i,j,k] :=
1 3 4   -0.00759707
1 3 5    0.00853846
1 3 6   -0.00382602
2 3 4   -0.0225842
2 3 5    0.0443191
2 3 6   -0.0107196
3 3 4   -0.00764478
3 3 5    0.00865235
3 3 6   -0.00384796
4 3 4    0.00736619
4 3 5   -0.0271851
4 3 6    0.00305656
;

f11 = 7.70435

f12 = 15

f13 = -2.97078

f21 = 7.76424

f22 = 15

f23 = 0.976966

f31 = 8.25208

f32 = 15

f33 = -0.29274

