solve_message = ' \
Ipopt 3.9.1: Optimal Solution Found'

Solve time:
_solve_time = 2.79242

Objective:
torque = 5.15606

cnh1 = 0.651622

cnh2 = -0.510608

cnh3 = -0.93807

snh1 = 0.674825

snh2 = 0.786943

snh3 = -0.00505723

Hx = 0.0549861

Hy = 0.056453

Hz = -0.0239631

cnf11 = 0.935534

cnf21 = 0.779988

cnf31 = 0.602778

cnf12 = 0.935534

cnf22 = 0.780126

cnf32 = 0.602844

cnt1 = 0.52249

cnt2 = 0.445788

snf11 = 0

snf21 = 0.521171

snf31 = 0.787302

snf12 = 0

snf22 = 0.520964

snf32 = 0.787254

snt1 = 0.921414

snt2 = 0.913727

p :=
1 1   -0.0293264
1 2   -0.00773642
1 3   -0.0604828
2 1   -0.00688371
2 2   -0.0295961
2 3   -0.0604186
3 1    0.0188137
3 2    0.0197258
3 3    0.0648906
;

mf :=
1 1   0.219504
1 2   0.308996
1 3   0.711876
2 1   0.300226
2 2   0.230063
2 3   0.712347
;

mt [*] :=
1  -0.000486916
2  -0.00466357
3  -0.990642
;

phi :=
1 1   0.0620957
1 2   0.0632637
1 3   0.0899168
2 1   0.0220022
2 2   0.0248223
2 3   0.0305344
3 1   0.0619263
3 2   0.0631039
3 3   0.0896422
4 1   0.141258
4 2   0.135752
4 3   0.247961
;

l [*,1,*]
:       1          2          3        :=
1    0.219075   0.309024   0.712013
2    0.758749   0.274306   0.539993
3    0.220793   0.308913   0.711466
4   -0.319738   0.343685   0.883759

 [*,2,*]
:       1          2          3        :=
1    0.299813   0.230111   0.712527
2    0.819136   0.169061   0.486213
3    0.301466   0.229917   0.711807
4   -0.218682   0.291063   0.938481

 [*,3,*]
:        1              2            3        :=
1   -0.000487895   -0.00516657   -0.990662
2    0.00074235     0.626996     -0.965018
3   -0.00048398    -0.00315454   -0.99058
4   -0.00171618    -0.636321     -1.01627
;

W[i,j,k] :=
1 1 1    0.219075
1 1 2    0.309024
1 1 3    0.712013
2 1 1    0.758749
2 1 2    0.274306
2 1 3    0.539993
3 1 1    0.220793
3 1 2    0.308913
3 1 3    0.711466
4 1 1   -0.319738
4 1 2    0.343685
4 1 3    0.883759
;

W[i,j,k] :=
1 1 4    0.0131822
1 1 5    0.00763053
1 1 6   -0.0073677
2 1 4    0.0124132
2 1 5   -0.0300552
2 1 6   -0.00217442
3 1 4    0.0131797
3 1 5    0.00751059
3 1 6   -0.00735117
4 1 4    0.0139499
4 1 5    0.0452562
4 1 6   -0.0125527
;

W[i,j,k] :=
1 2 1    0.299813
1 2 2    0.230111
1 2 3    0.712527
2 2 1    0.819136
2 2 2    0.169061
2 2 3    0.486213
3 2 1    0.301466
3 2 2    0.229917
3 2 3    0.711807
4 2 1   -0.218682
4 2 2    0.291063
4 2 3    0.938481
;

W[i,j,k] :=
1 2 4   -0.00718502
1 2 5   -0.0132094
1 2 6    0.00728927
2 2 4   -0.00417555
2 2 5   -0.0461441
2 2 6    0.0230794
3 2 4   -0.00717544
3 2 5   -0.0133143
3 2 6    0.00733952
4 2 4   -0.0101897
4 2 5    0.0196727
4 2 6   -0.00847573
;

W[i,j,k] :=
1 3 1   -0.000487895
1 3 2   -0.00516657
1 3 3   -0.990662
2 3 1    0.00074235
2 3 2    0.626996
2 3 3   -0.965018
3 3 1   -0.00048398
3 3 2   -0.00315454
3 3 3   -0.99058
4 3 1   -0.00171618
4 3 2   -0.636321
4 3 3   -1.01627
;

W[i,j,k] :=
1 3 4   -0.0192063
1 3 5    0.0186064
1 3 6   -8.75777e-05
2 3 4   -0.0597219
2 3 5    0.0182038
2 3 6    0.0117815
3 3 4   -0.0193353
3 3 5    0.0186051
3 3 6   -4.98012e-05
4 3 4    0.0212447
4 3 5    0.0190084
4 3 6   -0.0119377
;

f11 = 5.13911

f12 = 12.1322

f13 = -3.24144

f21 = -3.52683

f22 = 7.03137

f23 = 0.203802

f31 = 6.54995

f32 = 14.045

f33 = -2.55614

