solve_message = ' \
Ipopt 3.9.1: Maximum Number of Iterations Exceeded.'

Solve time:
_solve_time = 63.5392

Objective:
torque = 6.9855

cnh1 = 0.929775

cnh2 = 0.934654

cnh3 = -0.159611

snh1 = 0.159138

snh2 = 0.110483

snh3 = 1.02754

Hx = -0.00503081

Hy = 0.105123

Hz = 0.0275498

cnf11 = 0.572036

cnf21 = 0.613656

cnf31 = 0.532879

cnf12 = 0.571606

cnf22 = 0.496188

cnf32 = 0.464997

cnt1 = 0.617858

cnt2 = 0.491059

snf11 = 0.769588

snf21 = 0.718184

snf31 = 0.834532

snf12 = 0.769661

snf22 = 0.877013

snf32 = 0.887271

snt1 = 0.841039

snt2 = 0.881737

p :=
1 1    0.0302725
1 2    0.00400373
1 3   -0.061201
2 1    0.0287846
2 2   -0.0144543
2 3    0.0577288
3 1   -0.0306949
3 2   -0.0177474
3 3    0.0193758
;

mf :=
1 1   -0.395151
1 2    0.0957168
1 3    0.758776
2 1   -0.588671
2 2    0.536319
2 3   -0.491457
;

mt [*] :=
1   0.768335
2   0.562119
3  -0.0395014
;

phi :=
1 1   0.0505959
1 2   0.0377926
1 3   0.0538626
2 1   0
2 2   0
2 3   0
3 1   0.0503223
3 2   0.0375266
3 3   0.0535856
4 1   0.27518
4 2   0.244073
4 3   0.251549
;

l [*,1,*]
:       1            2           3        :=
1   -0.395632     0.095313    0.758858
2   -0.0358923    0.569643    0.948149
3   -0.394487     0.0968227   0.75946
4   -0.754796    -0.378275    0.569862

 [*,2,*]
:       1          2           3         :=
1   -0.588406   0.536293   -0.491844
2   -0.784851   0.844542    0.0752131
3   -0.589031   0.537274   -0.49004
4   -0.392272   0.228518   -1.058

 [*,3,*]
:      1           2           3         :=
1   0.767659   0.561801    -0.0398654
2   0.441347   1.05365     -0.425019
3   0.76662    0.563366    -0.0410912
4   1.09345    0.0707233    0.344669
;

W[i,j,k] :=
1 1 1   -0.395737
1 1 2    0.0952282
1 1 3    0.758965
2 1 1   -0.0359454
2 1 2    0.569576
2 1 3    0.948229
3 1 1   -0.394592
3 1 2    0.0967379
3 1 3    0.759567
4 1 1   -0.754952
4 1 2   -0.378382
4 1 3    0.569995
;

W[i,j,k] :=
1 1 4    0.00899145
1 1 5    0.00129321
1 1 6    0.00449415
2 1 4    0.038759
2 1 5   -0.026468
2 1 6    0.0173627
3 1 4    0.0090862
3 1 5    0.00120485
3 1 6    0.00453511
4 1 4   -0.0207288
4 1 5    0.0290103
4 1 6   -0.00835369
;

W[i,j,k] :=
1 2 1   -0.588334
1 2 2    0.536327
1 2 3   -0.491774
2 2 1   -0.784882
2 2 2    0.844492
2 2 3    0.0754928
3 2 1   -0.588959
3 2 2    0.537308
3 2 3   -0.489969
4 2 1   -0.392098
4 2 2    0.228629
4 2 3   -1.05815
;

W[i,j,k] :=
1 2 4   -0.0238623
1 2 5   -0.019831
1 2 6    0.00694036
2 2 4   -0.0498515
2 2 5   -0.0474756
2 2 6    0.0129554
3 2 4   -0.023945
3 2 5   -0.019919
3 2 6    0.0069595
4 2 4    0.00208837
4 2 5    0.00777021
4 2 6    0.000934917
;

W[i,j,k] :=
1 3 1    0.767617
1 3 2    0.561871
1 3 3   -0.0398873
2 3 1    0.441392
2 3 2    1.05378
2 3 3   -0.425023
3 3 1    0.766579
3 3 2    0.563437
3 3 3   -0.0411131
4 3 1    1.09332
4 3 2    0.0707333
4 3 3    0.344628
;

W[i,j,k] :=
1 3 4   -0.0102834
1 3 5    0.013773
1 3 6   -0.00356699
2 3 4   -0.013062
2 3 5   -0.00443406
2 3 6   -0.0244523
3 3 4   -0.0102922
3 3 5    0.013715
3 3 6   -0.00363348
4 3 4   -0.00750794
4 3 5    0.0319507
4 3 6    0.017286
;

f11 = 4.69519

f12 = 14.7449

f13 = 2.9437

f21 = 4.54344

f22 = 9.92021

f23 = -1.6808

f31 = 6.99429

f32 = 14.1022

f33 = -0.0560557

