solve_message = ' \
Ipopt 3.9.1: Converged to a locally infeasible point. Problem may be infeasible.'

Solve time:
_solve_time = 63.43

Objective:
torque = 5.65932

cnh1 = -0.544777

cnh2 = 0.742695

cnh3 = 0.205066

snh1 = -0.763687

snh2 = 0.573066

snh3 = 0.915395

Hx = 0.0642557

Hy = -0.0448734

Hz = 0.00751854

cnf11 = 0.266971

cnf21 = 0.686084

cnf31 = 0.562479

cnf12 = 0.266971

cnf22 = 0.429769

cnf32 = 0.440546

cnt1 = 0.600866

cnt2 = 0.4765

snf11 = 0.899292

snf21 = 0.639757

snf31 = 0.815085

snf12 = 0.899292

snf22 = 0.913881

snf32 = 0.901132

snt1 = 0.87233

snt2 = 0.894681

p :=
1 1   -0.00124089
1 2    0.0318387
1 3   -0.0615951
2 1   -0.0249773
2 2   -0.019718
2 3    0.0581978
3 1    0.0058616
3 2    0.0330558
3 3    0.0580646
;

mf :=
1 1    0.0959476
1 2   -0.339711
1 3    0.681875
2 1    0.661029
2 2    0.224186
2 3   -0.458672
;

mt [*] :=
1  -0.00860771
2  -0.742745
3  -0.621533
;

phi :=
1 1   0.0588885
1 2   0.0473289
1 3   0.0383188
2 1   0
2 2   0
2 3   0
3 1   0.0585771
3 2   0.0470194
3 3   0.0381439
4 1   0.327921
4 2   0.287171
4 3   0.13323
;

l [*,1,*]
:       1            2          3        :=
1    0.0958265   -0.33932    0.682105
2    0.247996    -0.83009    0.393157
3    0.0963109   -0.340882   0.681186
4   -0.0561005    0.150667   0.970592

 [*,2,*]
:      1           2           3         :=
1   0.660715   0.224321    -0.459017
2   1.05601    0.0552092   -0.0250367
3   0.661973   0.223783    -0.457636
4   0.266055   0.393163    -0.892305

 [*,3,*]
:        1            2           3        :=
1   -0.00902838   -0.742906   -0.621317
2    0.519655     -0.541355   -0.892464
3   -0.0073457    -0.742264   -0.62218
4   -0.536868     -0.944135   -0.350603
;

W[i,j,k] :=
1 1 1    0.0958265
1 1 2   -0.33932
1 1 3    0.682105
2 1 1    0.247996
2 1 2   -0.83009
2 1 3    0.393157
3 1 1    0.0963109
3 1 2   -0.340882
3 1 3    0.681186
4 1 1   -0.0561005
4 1 2    0.150667
4 1 3    0.970592
;

W[i,j,k] :=
1 1 4    0.000816895
1 1 5   -0.00505603
1 1 6   -0.00262994
2 1 4   -0.0386119
2 1 5   -0.0147875
2 1 6   -0.00686583
3 1 4    0.000691402
3 1 5   -0.005087
3 1 6   -0.00264342
4 1 4    0.0401828
4 1 5    0.00465991
4 1 6    0.00159921
;

W[i,j,k] :=
1 2 1    0.660715
1 2 2    0.224321
1 2 3   -0.459017
2 2 1    1.05601
2 2 2    0.0552092
2 2 3   -0.0250367
3 2 1    0.661973
3 2 2    0.223783
3 2 3   -0.457636
4 2 1    0.266055
4 2 2    0.393163
4 2 3   -0.892305
;

W[i,j,k] :=
1 2 4   -0.00400408
1 2 5    0.0269872
1 2 6    0.00742509
2 2 4   -0.00271938
2 2 5    0.0608319
2 2 6    0.0194434
3 2 4   -0.00399999
3 2 5    0.0270949
3 2 6    0.00746334
4 2 4   -0.00528672
4 2 5   -0.00680349
4 2 6   -0.00457404
;

W[i,j,k] :=
1 3 1   -0.00902838
1 3 2   -0.742906
1 3 3   -0.621317
2 3 1    0.519655
2 3 2   -0.541355
2 3 3   -0.892464
3 3 1   -0.0073457
3 3 2   -0.742264
3 3 3   -0.62218
4 3 1   -0.536868
4 3 2   -0.944135
4 3 3   -0.350603
;

W[i,j,k] :=
1 3 4    0.0225983
1 3 5    0.00311769
1 3 6   -0.00405618
2 3 4    0.00193241
2 3 5    0.0354048
2 3 6   -0.0203508
3 3 4    0.0225326
3 3 5    0.00322045
3 3 6   -0.00410804
4 3 4    0.0432313
4 3 5   -0.0291179
4 3 6    0.0122125
;

f11 = 4.5707

f12 = 14.1932

f13 = 1.48218

f21 = 4.79962

f22 = 10.0944

f23 = -1.59939

f31 = 3.68668

f32 = 7.4523

f33 = -0.64231

