solve_message = ' \
Ipopt 3.9.1: Converged to a locally infeasible point. Problem may be infeasible.'

Solve time:
_solve_time = 58.9372

Objective:
torque = 8.54316

cnh1 = -0.933059

cnh2 = -0.732329

cnh3 = -0.258269

snh1 = -0.0969627

snh2 = 0.586254

snh3 = 0.90183

Hx = -0.00255516

Hy = -0.0702346

Hz = 0.0122361

cnf11 = 0.537142

cnf21 = 0.514425

cnf31 = 0.44257

cnf12 = 0.537142

cnf22 = 0.714761

cnf32 = 0.574047

cnt1 = 0.442943

cnt2 = 0.479336

snf11 = 0.769076

snf21 = 0.925941

snf31 = 0.915726

snf12 = 0.769076

snf22 = 0.60755

snf32 = 0.807479

snt1 = 0.826923

snt2 = 0.860711

p :=
1 1    0.0314596
1 2    0.0118015
1 3    0.0579758
2 1   -0.013598
2 2    0.0278277
2 3   -0.0626617
3 1   -0.0307358
3 2    0.00726591
3 3    0.0586667
;

mf :=
1 1   -0.707854
1 2   -0.436087
1 3   -0.28734
2 1    0.0249552
2 2   -0.239142
2 3    0.746686
;

mt [*] :=
1   0.504467
2  -0.372359
3  -0.550342
;

phi :=
1 1   0.0459371
1 2   0.0678053
1 3   0.0367053
2 1   0
2 2   0.0107452
2 3   0
3 1   0.0456925
3 2   0.0675234
3 3   0.03642
4 1   0.189428
4 2   0.253237
4 3   0.289343
;

l [*,1,*]
:       1           2           3        :=
1   -0.708123   -0.435822   -0.287
2   -0.370567   -0.768321   -0.713592
3   -0.707049   -0.43688    -0.288358
4   -1.04514    -0.103853    0.138912

 [*,2,*]
:       1            2          3        :=
1    0.0252962   -0.238851   0.746744
2   -0.403207    -0.604465   0.674159
3    0.0239324   -0.240015   0.746513
4    0.453116     0.12618    0.819214

 [*,3,*]
:      1           2            3        :=
1   0.504414   -0.372004    -0.550663
2   0.572083   -0.817824    -0.147269
3   0.504629   -0.373423    -0.549379
4   0.436852    0.0731042   -0.953414
;

W[i,j,k] :=
1 1 1   -0.708123
1 1 2   -0.435822
1 1 3   -0.287
2 1 1   -0.370567
2 1 2   -0.768321
2 1 3   -0.713592
3 1 1   -0.707049
3 1 2   -0.43688
3 1 3   -0.288358
4 1 1   -1.04514
4 1 2   -0.103853
4 1 3    0.138912
;

W[i,j,k] :=
1 1 4    0.0218801
1 1 5   -0.0320251
1 1 6   -0.00535387
2 1 4    0.0361226
2 1 5    0.000965364
2 1 6   -0.0197978
3 1 4    0.0219254
3 1 5   -0.0319201
3 1 6   -0.00539984
4 1 4    0.00766033
4 1 5   -0.064963
4 1 6    0.00906703
;

W[i,j,k] :=
1 2 1    0.0252962
1 2 2   -0.238851
1 2 3    0.746744
2 2 1   -0.403207
2 2 2   -0.604465
2 2 3    0.674159
3 2 1    0.0239324
3 2 2   -0.240015
3 2 3    0.746513
4 2 1    0.453116
4 2 2    0.12618
4 2 3    0.819214
;

W[i,j,k] :=
1 2 4    0.00581336
1 2 5    0.00856914
1 2 6    0.00254397
2 2 4   -0.0191165
2 2 5    0.0344328
2 2 6    0.0194398
3 2 4    0.00573401
3 2 5    0.00865146
3 2 6    0.00259774
4 2 4    0.0307035
4 2 5   -0.0172533
4 2 6   -0.014325
;

W[i,j,k] :=
1 3 1    0.504414
1 3 2   -0.372004
1 3 3   -0.550663
2 3 1    0.572083
2 3 2   -0.817824
2 3 3   -0.147269
3 3 1    0.504629
3 3 2   -0.373423
3 3 3   -0.549379
4 3 1    0.436852
4 3 2    0.0731042
4 3 3   -0.953414
;

W[i,j,k] :=
1 3 4    0.0178232
1 3 5    0.0126672
1 3 6    0.00776882
2 3 4    0.0469091
2 3 5    0.0290358
2 3 6    0.0209798
3 3 4    0.0179158
3 3 5    0.0127193
3 3 6    0.00781087
4 3 4   -0.0112162
4 3 5   -0.00367526
4 3 6   -0.00542104
;

f11 = 8.20953

f12 = 15

f13 = -0.886622

f21 = 3.48764

f22 = 15

f23 = -1.1357

f31 = 8.19625

f32 = 15

f33 = -1.00202

