solve_message = ' \
Ipopt 3.9.1: Converged to a locally infeasible point. Problem may be infeasible.'

Solve time:
_solve_time = 37.7678

Objective:
torque = 5.67274

cnh1 = -0.544783

cnh2 = 0.742694

cnh3 = 0.205064

snh1 = -0.763683

snh2 = 0.573067

snh3 = 0.915395

Hx = 0.0642554

Hy = -0.0448738

Hz = 0.00751877

cnf11 = 0.266973

cnf21 = 0.686084

cnf31 = 0.562479

cnf12 = 0.266973

cnf22 = 0.429766

cnf32 = 0.440547

cnt1 = 0.600864

cnt2 = 0.476499

snf11 = 0.899292

snf21 = 0.639757

snf31 = 0.815085

snf12 = 0.899292

snf22 = 0.913878

snf32 = 0.90113

snt1 = 0.872331

snt2 = 0.894681

p :=
1 1   -0.00124052
1 2    0.0318387
1 3   -0.0615951
2 1   -0.0249774
2 2   -0.0197179
2 3    0.0581978
3 1    0.00586179
3 2    0.0330558
3 3    0.0580646
;

mf :=
1 1    0.0959439
1 2   -0.33971
1 3    0.681877
2 1    0.66103
2 2    0.22418
2 3   -0.458667
;

mt [*] :=
1  -0.00861123
2  -0.742746
3  -0.621533
;

phi :=
1 1   0.059359
1 2   0.0460645
1 3   0.0399482
2 1   0
2 2   0
2 3   0.00202792
3 1   0.0590331
3 2   0.0457844
3 3   0.0397755
4 1   0.325274
4 2   0.281261
4 3   0.135484
;

l [*,1,*]
:       1            2          3        :=
1    0.0958229   -0.339319   0.682107
2    0.247989    -0.830091   0.39316
3    0.0963072   -0.340881   0.681187
4   -0.0561002    0.15067    0.970592

 [*,2,*]
:      1           2           3         :=
1   0.660715   0.224315    -0.459013
2   1.056      0.0552005   -0.0250324
3   0.661973   0.223777    -0.457631
4   0.266059   0.39316     -0.892301

 [*,3,*]
:        1            2           3        :=
1   -0.0090319    -0.742906   -0.621317
2    0.519653     -0.541359   -0.892462
3   -0.00734922   -0.742264   -0.62218
4   -0.536874     -0.944131   -0.350604
;

W[i,j,k] :=
1 1 1    0.0958229
1 1 2   -0.339319
1 1 3    0.682107
2 1 1    0.247989
2 1 2   -0.830091
2 1 3    0.39316
3 1 1    0.0963072
3 1 2   -0.340881
3 1 3    0.681187
4 1 1   -0.0561002
4 1 2    0.15067
4 1 3    0.970592
;

W[i,j,k] :=
1 1 4    0.000817
1 1 5   -0.00505605
1 1 6   -0.00262995
2 1 4   -0.0386119
2 1 5   -0.0147872
2 1 6   -0.0068659
3 1 4    0.000691507
3 1 5   -0.00508703
3 1 6   -0.00264343
4 1 4    0.040183
4 1 5    0.00465954
4 1 6    0.00159925
;

W[i,j,k] :=
1 2 1    0.660715
1 2 2    0.224315
1 2 3   -0.459013
2 2 1    1.056
2 2 2    0.0552005
2 2 3   -0.0250324
3 2 1    0.661973
3 2 2    0.223777
3 2 3   -0.457631
4 2 1    0.266059
4 2 2    0.39316
4 2 3   -0.892301
;

W[i,j,k] :=
1 2 4   -0.0040039
1 2 5    0.0269872
1 2 6    0.00742508
2 2 4   -0.00271897
2 2 5    0.0608318
2 2 6    0.0194433
3 2 4   -0.00399981
3 2 5    0.027095
3 2 6    0.00746333
4 2 4   -0.00528678
4 2 5   -0.00680332
4 2 6   -0.004574
;

W[i,j,k] :=
1 3 1   -0.0090319
1 3 2   -0.742906
1 3 3   -0.621317
2 3 1    0.519653
2 3 2   -0.541359
2 3 3   -0.892462
3 3 1   -0.00734922
3 3 2   -0.742264
3 3 3   -0.62218
4 3 1   -0.536874
4 3 2   -0.944131
4 3 3   -0.350604
;

W[i,j,k] :=
1 3 4    0.0225984
1 3 5    0.0031176
1 3 6   -0.0040562
2 3 4    0.00193275
2 3 5    0.0354049
2 3 6   -0.0203509
3 3 4    0.0225326
3 3 5    0.00322036
3 3 6   -0.00410806
4 3 4    0.0432311
4 3 5   -0.0291182
4 3 6    0.0122125
;

f11 = 4.57068

f12 = 14.2811

f13 = 1.4821

f21 = 4.79968

f22 = 10.0945

f23 = -1.5993

f31 = 3.68665

f32 = 7.45222

f33 = -0.642275

