solve_message = ' \
Ipopt 3.9.1: Optimal Solution Found'

Solve time:
_solve_time = 6.48964

Objective:
torque = 3.48416

cnh1 = 0.855292

cnh2 = -0.191647

cnh3 = 0.925988

snh1 = 0.385327

snh2 = 0.918298

snh3 = 0.51434

Hx = -0.0729567

Hy = 0.0169411

Hz = 0.0440014

cnf11 = 0.938032

cnf21 = 0.81318

cnf31 = 0.619222

cnf12 = 0.938032

cnf22 = 0.840323

cnf32 = 0.575653

cnt1 = 0.461405

cnt2 = 0.420769

snf11 = 0

snf21 = 0.467694

snf31 = 0.774913

snf12 = 0

snf22 = 0.641708

snf32 = 0.828056

snt1 = 0.95347

snt2 = 0.929457

p :=
1 1   -0.0171255
1 2   -0.0230324
1 3   -0.0636425
2 1    0.00507029
2 2    0.0220528
2 3   -0.0636879
3 1    0.0314377
3 2    0.00790505
3 3    0.0607285
;

mf :=
1 1   0.271592
1 2   0.0390799
1 3   0.768113
2 1   0.120196
2 2   0.0893186
2 3   0.92501
;

mt [*] :=
1  -0.776543
2   0.0163907
3  -0.639414
;

phi :=
1 1   0.0709808
1 2   0.0418253
1 3   0.0825103
2 1   0.0214073
2 2   0.00461047
2 3   0.019455
3 1   0.0707589
3 2   0.0416649
3 3   0.0822042
4 1   0.188658
4 2   0.11995
4 3   0.285866
;

l [*,1,*]
:       1           2           3        :=
1    0.271904    0.0386714   0.768033
2   -0.120269    0.552093    0.868845
3    0.270656    0.0403055   0.768354
4    0.663452   -0.473931    0.667382

 [*,2,*]
:       1           2           3        :=
1    0.120574    0.088909    0.924991
2   -0.355085    0.603681    0.948299
3    0.11906     0.0905474   0.925065
4    0.595474   -0.425042    0.90172

 [*,3,*]
:       1           2            3        :=
1   -0.776263    0.0167211   -0.639765
2   -1.12749    -0.39846     -0.198716
3   -0.777381    0.0153997   -0.638361
4   -0.425592    0.43124     -1.08011
;

W[i,j,k] :=
1 1 1    0.271904
1 1 2    0.0386714
1 1 3    0.768033
2 1 1   -0.120269
2 1 2    0.552093
2 1 3    0.868845
3 1 1    0.270656
3 1 2    0.0403055
3 1 3    0.768354
4 1 1    0.663452
4 1 2   -0.473931
4 1 3    0.667382
;

W[i,j,k] :=
1 1 4   -0.0152285
1 1 5   -0.00415174
1 1 6    0.00560034
2 1 4    0.015125
2 1 5    0.0225336
2 1 6   -0.0122249
3 1 4   -0.0151319
3 1 5   -0.00406681
3 1 6    0.00554361
4 1 4   -0.0455336
4 1 5   -0.0307945
4 1 6    0.0233972
;

W[i,j,k] :=
1 2 1    0.120574
1 2 2    0.088909
1 2 3    0.924991
2 2 1   -0.355085
2 2 2    0.603681
2 2 3    0.948299
3 2 1    0.11906
3 2 2    0.0905474
3 2 3    0.925065
4 2 1    0.595474
4 2 2   -0.425042
4 2 3    0.90172
;

W[i,j,k] :=
1 2 4    0.0260611
1 2 5   -0.0123691
1 2 6   -0.00220821
2 2 4    0.0593599
2 2 5    0.0178065
2 2 6    0.0108915
3 2 4    0.0261671
3 2 5   -0.012273
3 2 6   -0.00216651
4 2 4   -0.00718458
4 2 5   -0.0424965
4 2 6   -0.015287
;

W[i,j,k] :=
1 3 1   -0.776263
1 3 2    0.0167211
1 3 3   -0.639765
2 3 1   -1.12749
2 3 2   -0.39846
2 3 3   -0.198716
3 3 1   -0.777381
3 3 2    0.0153997
3 3 3   -0.638361
4 3 1   -0.425592
4 3 2    0.43124
4 3 3   -1.08011
;

W[i,j,k] :=
1 3 4   -0.00607282
1 3 5   -0.0270286
1 3 6    0.00666207
2 3 4    0.022627
2 3 5   -0.0622239
2 3 6   -0.00361376
3 3 4   -0.00598147
3 3 5   -0.0271406
3 3 6    0.00662936
4 3 4   -0.0347269
4 3 5    0.0081106
4 3 6    0.0169215
;

f11 = 3.19676

f12 = 6.35588

f13 = -0.00417807

f21 = -1.53948

f22 = 3.04663

f23 = -0.265503

f31 = 5.44555

f32 = 10.8703

f33 = -0.0832306

