solve_message = ' \
Ipopt 3.9.1: Converged to a locally infeasible point. Problem may be infeasible.'

Solve time:
_solve_time = 63.04

Objective:
torque = 8.54316

cnh1 = 0.933058

cnh2 = -0.73233

cnh3 = -0.258271

snh1 = 0.0969654

snh2 = 0.586253

snh3 = 0.901829

Hx = 0.00255501

Hy = 0.0702346

Hz = 0.0122361

cnf11 = 0.537144

cnf21 = 0.514425

cnf31 = 0.44257

cnf12 = 0.537144

cnf22 = 0.714761

cnf32 = 0.574047

cnt1 = 0.442943

cnt2 = 0.479336

snf11 = 0.769075

snf21 = 0.925941

snf31 = 0.915726

snf12 = 0.769075

snf22 = 0.60755

snf32 = 0.807479

snt1 = 0.826923

snt2 = 0.860711

p :=
1 1   -0.0314596
1 2   -0.0118015
1 3    0.0579758
2 1    0.0135979
2 2   -0.0278278
2 3   -0.0626616
3 1    0.0307358
3 2   -0.00726581
3 3    0.0586668
;

mf :=
1 1    0.707854
1 2    0.436088
1 3   -0.287339
2 1   -0.024954
2 2    0.239143
2 3    0.746686
;

mt [*] :=
1  -0.504468
2   0.372358
3  -0.550342
;

phi :=
1 1   0.0281606
1 2   0.203178
1 3   0.0156826
2 1   0
2 2   0.0109779
2 3   0
3 1   0.0276749
3 2   0.203493
3 3   0.0154305
4 1   0.152645
4 2   0.0491525
4 3   0.391976
;

l [*,1,*]
:      1          2           3        :=
1   0.708122   0.435823   -0.287
2   0.370566   0.768321   -0.713593
3   0.707048   0.436882   -0.288358
4   1.04514    0.103856    0.138912

 [*,2,*]
:       1            2          3        :=
1   -0.0252949    0.238852   0.746744
2    0.403207     0.604466   0.674157
3   -0.0239311    0.240015   0.746513
4   -0.453114    -0.12618    0.819215

 [*,3,*]
:       1           2            3        :=
1   -0.504415    0.372003    -0.550663
2   -0.572085    0.817823    -0.14727
3   -0.50463     0.373422    -0.54938
4   -0.436852   -0.0731063   -0.953414
;

W[i,j,k] :=
1 1 1    0.708122
1 1 2    0.435823
1 1 3   -0.287
2 1 1    0.370566
2 1 2    0.768321
2 1 3   -0.713593
3 1 1    0.707048
3 1 2    0.436882
3 1 3   -0.288358
4 1 1    1.04514
4 1 2    0.103856
4 1 3    0.138912
;

W[i,j,k] :=
1 1 4   -0.0218802
1 1 5    0.0320251
1 1 6   -0.00535387
2 1 4   -0.0361225
2 1 5   -0.000965435
2 1 6   -0.0197978
3 1 4   -0.0219255
3 1 5    0.0319201
3 1 6   -0.00539984
4 1 4   -0.0076605
4 1 5    0.064963
4 1 6    0.009067
;

W[i,j,k] :=
1 2 1   -0.0252949
1 2 2    0.238852
1 2 3    0.746744
2 2 1    0.403207
2 2 2    0.604466
2 2 3    0.674157
3 2 1   -0.0239311
3 2 2    0.240015
3 2 3    0.746513
4 2 1   -0.453114
4 2 2   -0.12618
4 2 3    0.819215
;

W[i,j,k] :=
1 2 4   -0.00581337
1 2 5   -0.00856911
1 2 6    0.00254398
2 2 4    0.0191166
2 2 5   -0.0344327
2 2 6    0.0194398
3 2 4   -0.00573403
3 2 5   -0.00865143
3 2 6    0.00259775
4 2 4   -0.0307035
4 2 5    0.0172533
4 2 6   -0.0143249
;

W[i,j,k] :=
1 3 1   -0.504415
1 3 2    0.372003
1 3 3   -0.550663
2 3 1   -0.572085
2 3 2    0.817823
2 3 3   -0.14727
3 3 1   -0.50463
3 3 2    0.373422
3 3 3   -0.54938
4 3 1   -0.436852
4 3 2   -0.0731063
4 3 3   -0.953414
;

W[i,j,k] :=
1 3 4   -0.0178232
1 3 5   -0.0126673
1 3 6    0.00776883
2 3 4   -0.046909
2 3 5   -0.0290359
2 3 6    0.0209798
3 3 4   -0.0179158
3 3 5   -0.0127194
3 3 6    0.00781087
4 3 4    0.0112162
4 3 5    0.00367525
4 3 6   -0.00542107
;

f11 = 8.20953

f12 = 15

f13 = -0.886665

f21 = 3.48765

f22 = 15

f23 = -1.13568

f31 = 8.19625

f32 = 15

f33 = -1.00201

