solve_message = ' \
Ipopt 3.9.1: Optimal Solution Found'

Solve time:
_solve_time = 4.13403

Objective:
torque = 4.02234

cnh1 = -1.02421

cnh2 = -0.161005

cnh3 = -0.93

snh1 = 0.269753

snh2 = -0.924167

snh3 = 0.506987

Hx = 0.05908

Hy = -0.0685668

Hz = -0.0315662

cnf11 = 0.937687

cnf21 = 0.7164

cnf31 = 0.57472

cnf12 = 0.937687

cnf22 = 0.749034

cnf32 = 0.588653

cnt1 = 0.533199

cnt2 = 0.450047

snf11 = 0

snf21 = 0.605632

snf31 = 0.807029

snf12 = 0

snf22 = 0.564774

snf32 = 0.797455

snt1 = 0.915238

snt2 = 0.911082

p :=
1 1   -0.00949369
1 2   -0.0238544
1 3    0.063176
2 1    0.0259733
2 2    0.0110871
2 3    0.0645185
3 1   -0.0289652
3 2    0.0143214
3 3   -0.0609054
;

mf :=
1 1   -0.10455
1 2   -0.0411742
1 3   -0.812104
2 1   -0.118057
2 2    0.0518746
2 3   -0.809228
;

mt [*] :=
1   0.589606
2  -0.485066
3   0.740688
;

phi :=
1 1   0.0518253
1 2   0.0637722
1 3   0.0763035
2 1   0.010496
2 2   0.0164271
2 3   0.0139905
3 1   0.0516447
3 2   0.0635605
3 3   0.0759973
4 1   0.142314
4 2   0.175712
4 3   0.288144
;

l [*,1,*]
:       1            2            3        :=
1   -0.105101   -0.0412055    -0.812035
2    0.586858   -0.00179411   -0.89913
3   -0.102899   -0.0410801    -0.812312
4   -0.795956   -0.0805541    -0.725079

 [*,2,*]
:       1           2           3        :=
1   -0.118608   0.0518449   -0.809156
2    0.573112   0.0891208   -0.900296
3   -0.116406   0.0519635   -0.809446
4   -0.809224   0.0146284   -0.718161

 [*,3,*]
:      1           2          3        :=
1   0.58967    -0.484479   0.740928
2   0.508988   -1.22236    0.439867
3   0.589413   -0.486828   0.73997
4   0.670224    0.252229   1.04151
;

W[i,j,k] :=
1 1 1   -0.105101
1 1 2   -0.0412055
1 1 3   -0.812035
2 1 1    0.586858
2 1 2   -0.00179411
2 1 3   -0.89913
3 1 1   -0.102899
3 1 2   -0.0410801
3 1 3   -0.812312
4 1 1   -0.795956
4 1 2   -0.0805541
4 1 3   -0.725079
;

W[i,j,k] :=
1 1 4    0.0219738
1 1 5   -0.0143491
1 1 6   -0.00211592
2 1 4    0.0215615
2 1 5    0.0285393
2 1 6    0.0140162
3 1 4    0.0219725
3 1 5   -0.0142126
3 1 6   -0.00206458
4 1 4    0.0223854
4 1 5   -0.057169
4 1 6   -0.0182223
;

W[i,j,k] :=
1 2 1   -0.118608
1 2 2    0.0518449
1 2 3   -0.809156
2 2 1    0.573112
2 2 2    0.0891208
2 2 3   -0.900296
3 2 1   -0.116406
3 2 2    0.0519635
3 2 3   -0.809446
4 2 1   -0.809224
4 2 2    0.0146284
4 2 3   -0.718161
;

W[i,j,k] :=
1 2 4   -0.0123161
1 2 5    0.013364
1 2 6    0.00266159
2 2 4   -0.0157316
2 2 5    0.06036
2 2 6   -0.00403937
3 2 4   -0.012327
3 2 5    0.0135136
3 2 6    0.00264026
4 2 4   -0.0089061
4 2 5   -0.0335569
4 2 6    0.00935185
;

W[i,j,k] :=
1 3 1    0.58967
1 3 2   -0.484479
1 3 3    0.740928
2 3 1    0.508988
2 3 2   -1.22236
2 3 3    0.439867
3 3 1    0.589413
3 3 2   -0.486828
3 3 3    0.73997
4 3 1    0.670224
4 3 2    0.252229
4 3 3    1.04151
;

W[i,j,k] :=
1 3 4   -0.0188963
1 3 5   -0.014453
1 3 6    0.00558811
2 3 4   -0.0681491
2 3 5   -0.0182593
2 3 6    0.0281166
3 3 4   -0.019053
3 3 5   -0.0144651
3 3 6    0.00565982
4 3 4    0.030278
4 3 5   -0.0106528
4 3 6   -0.0169044
;

f11 = 0.0565732

f12 = 2.80985

f13 = -1.4458

f21 = 3.27516

f22 = 6.77829

f23 = -0.937707

f31 = 6.57478

f32 = 13.7837

f33 = -2.09487

