solve_message = ' \
Ipopt 3.9.1: Converged to a locally infeasible point. Problem may be infeasible.'

Solve time:
_solve_time = 4.91403

Objective:
torque = 4.70249

cnh1 = -0.402472

cnh2 = 0.937986

cnh3 = 0.425475

snh1 = -0.847358

snh2 = -0.0134864

snh3 = 0.836045

Hx = 0.0612592

Hy = -0.039992

Hz = 0.0115808

cnf11 = 0.926233

cnf21 = 0.359655

cnf31 = 0.455207

cnf12 = 0.926233

cnf22 = -0.0800879

cnf32 = 0.371367

cnt1 = 0.685378

cnt2 = 0.509596

snf11 = 0.148635

snf21 = 0.8664

snf31 = 0.870453

snf12 = 0.148635

snf22 = 0.934658

snf32 = 0.861444

snt1 = 0.807624

snt2 = 0.873688

p :=
1 1   -0.0287595
1 2   -0.0189525
1 3    0.025127
2 1    0.0274749
2 2   -0.015107
2 3    0.0590703
3 1    0.00953006
3 2    0.0332698
3 3    0.0534223
;

mf :=
1 1    0.702683
1 2    0.302266
1 3   -0.162017
2 1    0.671693
2 2   -0.073567
2 3   -0.369089
;

mt [*] :=
1  -0.129805
2  -0.924688
3  -0.128587
;

phi :=
1 1   0.0506311
1 2   0
1 3   0.070044
2 1   0
2 2   0
2 3   0
3 1   0.0502511
3 2   0
3 3   0.0696586
4 1   0.426866
4 2   0.0460841
4 3   0.344835
;

l [*,1,*]
:      1           2           3         :=
1   0.702467    0.302636   -0.16217
2   0.974222   -0.162666    0.0302692
3   0.703332    0.301155   -0.161557
4   0.431145    0.767197   -0.354302

 [*,2,*]
:      1           2             3         :=
1   0.671556   -0.0732639   -0.369377
2   0.843691   -0.454194    -0.00854019
3   0.672104   -0.0744763   -0.368228
4   0.499696    0.307059    -0.729637

 [*,3,*]
:       1           2           3        :=
1   -0.129997   -0.924728   -0.128113
2    0.111644   -0.874674   -0.724703
3   -0.129228   -0.924569   -0.130012
4   -0.371253   -0.974702    0.467525
;

W[i,j,k] :=
1 1 1    0.702467
1 1 2    0.302636
1 1 3   -0.16217
2 1 1    0.974222
2 1 2   -0.162666
2 1 3    0.0302692
3 1 1    0.703332
3 1 2    0.301155
3 1 3   -0.161557
4 1 1    0.431145
4 1 2    0.767197
4 1 3   -0.354302
;

W[i,j,k] :=
1 1 4   -0.00453081
1 1 5    0.0129869
1 1 6    0.00460983
2 1 4    0.00351364
2 1 5    0.0253498
2 1 6    0.0231421
3 1 4   -0.00450521
3 1 5    0.0130263
3 1 6    0.00466881
4 1 4   -0.0125624
4 1 5    0.00064385
4 1 6   -0.0138929
;

W[i,j,k] :=
1 2 1    0.671556
1 2 2   -0.0732639
1 2 3   -0.369377
2 2 1    0.843691
2 2 2   -0.454194
2 2 3   -0.00854019
3 2 1    0.672104
3 2 2   -0.0744763
3 2 3   -0.368228
4 2 1    0.499696
4 2 2    0.307059
4 2 3   -0.729637
;

W[i,j,k] :=
1 2 4    0.00990789
1 2 5    0.0498176
1 2 6    0.00813227
2 2 4    0.0269584
2 2 5    0.0500718
2 2 6    0.000266686
3 2 4    0.00996216
3 2 5    0.0498184
3 2 6    0.00810723
4 2 4   -0.00711546
4 2 5    0.0495639
4 2 6    0.0159853
;

W[i,j,k] :=
1 3 1   -0.129997
1 3 2   -0.924728
1 3 3   -0.128113
2 3 1    0.111644
2 3 2   -0.874674
2 3 3   -0.724703
3 3 1   -0.129228
3 3 2   -0.924569
3 3 3   -0.130012
4 3 1   -0.371253
4 3 2   -0.974702
4 3 3    0.467525
;

W[i,j,k] :=
1 3 4    0.0451389
1 3 5   -0.00572382
1 3 6   -0.00448774
2 3 4    0.0226164
2 3 5    0.0128708
2 3 6   -0.0120501
3 3 4    0.0450672
3 3 5   -0.00566464
3 3 6   -0.00451181
4 3 4    0.0676254
4 3 5   -0.0242887
4 3 6    0.00306254
;

f11 = 8.21542

f12 = 15

f13 = -0.830283

f21 = 0.348342

f22 = 0

f23 = 0.0340265

f31 = 4.65591

f32 = 10.7634

f33 = -2.72123

