solve_message = ' \
Ipopt 3.9.1: Converged to a locally infeasible point. Problem may be infeasible.'

Solve time:
_solve_time = 6.31804

Objective:
torque = 5.31349

cnh1 = -0.815101

cnh2 = 0.744534

cnh3 = 0.538282

snh1 = 0.464338

snh2 = 0.570674

snh3 = -0.768279

Hx = 0.0442885

Hy = 0.0583132

Hz = -0.0283576

cnf11 = -0.157892

cnf21 = 0.527774

cnf31 = 0.505962

cnf12 = -0.157892

cnf22 = 0.436301

cnf32 = 0.47734

cnt1 = 0.700693

cnt2 = 0.515694

snf11 = 0.9247

snf21 = 0.775535

snf31 = 0.847929

snf12 = 0.9247

snf22 = 0.830446

snf32 = 0.861589

snt1 = 0.794374

snt2 = 0.869721

p :=
1 1   -0.0162685
1 2    0.0273948
1 3    0.0615975
2 1   -0.00105602
2 2   -0.034426
2 3   -0.0257683
3 1    0.0253149
3 2   -0.0196166
3 3    0.0577559
;

mf :=
1 1    0.240076
1 2   -0.264159
1 3   -0.676464
2 1    0.157236
2 2    0.746185
2 3    0.135632
;

mt [*] :=
1  -0.418365
2   0.511667
3  -0.713622
;

phi :=
1 1   0.005086
1 2   0.11076
1 3   0
2 1   0
2 2   0.0423532
2 3   0
3 1   0.00480389
3 2   0.110419
3 3   0
4 1   0.462928
4 2   0.343347
4 3   0.0260571
;

l [*,1,*]
:      1           2           3        :=
1   0.240104   -0.264572   -0.676252
2   0.205287    0.254808   -0.942573
3   0.239993   -0.262919   -0.677099
4   0.274866   -0.783124   -0.410355

 [*,2,*]
:       1          2           3        :=
1    0.156793   0.746255   0.135598
2    0.713284   0.659309   0.178584
3    0.158564   0.745978   0.135735
4   -0.39881    0.833061   0.0926803

 [*,3,*]
:       1            2            3        :=
1   -0.418648    0.51126      -0.713762
2   -0.0627345   1.02227      -0.537791
3   -0.417516    0.512887     -0.713202
4   -0.773994    0.00106167   -0.889452
;

W[i,j,k] :=
1 1 1    0.240104
1 1 2   -0.264572
1 1 3   -0.676252
2 1 1    0.205287
2 1 2    0.254808
2 1 3   -0.942573
3 1 1    0.239993
3 1 2   -0.262919
3 1 3   -0.677099
4 1 1    0.274866
4 1 2   -0.783124
4 1 3   -0.410355
;

W[i,j,k] :=
1 1 4   -0.00222877
1 1 5    0.00378823
1 1 6   -0.00227341
2 1 4   -0.0415171
2 1 5   -0.00268905
2 1 6   -0.00976913
3 1 4   -0.00235382
3 1 5    0.00376761
3 1 6   -0.00229727
4 1 4    0.0369969
4 1 5    0.0102552
4 1 6    0.00521035
;

W[i,j,k] :=
1 2 1    0.156793
1 2 2    0.746255
1 2 3    0.135598
2 2 1    0.713284
2 2 2    0.659309
2 2 3    0.178584
3 2 1    0.158564
3 2 2    0.745978
3 2 3    0.135735
4 2 1   -0.39881
4 2 2    0.833061
4 2 3    0.0926803
;

W[i,j,k] :=
1 2 4    0.0145616
1 2 5   -0.0038971
1 2 6    0.0046097
2 2 4    0.0108414
2 2 5   -0.0181915
2 2 6    0.0238593
3 2 4    0.0145498
3 2 5   -0.0039426
3 2 6    0.00467097
4 2 4    0.018276
4 2 5    0.0103745
4 2 6   -0.0146092
;

W[i,j,k] :=
1 3 1   -0.418648
1 3 2    0.51126
1 3 3   -0.713762
2 3 1   -0.0627345
2 3 2    1.02227
2 3 3   -0.537791
3 3 1   -0.417516
3 3 2    0.512887
3 3 3   -0.713202
4 3 1   -0.773994
4 3 2    0.00106167
4 3 3   -0.889452
;

W[i,j,k] :=
1 3 4   -0.0155267
1 3 5   -0.0061106
1 3 6    0.00473006
2 3 4   -0.0484928
2 3 5    0.00999085
2 3 6    0.0246482
3 3 4   -0.0156317
3 3 5   -0.00605935
3 3 6    0.00479345
4 3 4    0.0173867
4 3 5   -0.0221864
4 3 6   -0.0151563
;

f11 = 8.14255

f12 = 15

f13 = 1.37166

f21 = 5.83502

f22 = 12.9526

f23 = -2.83105

f31 = -0.348334

f32 = 0

f33 = -0.0341124

