solve_message = ' \
Ipopt 3.9.1: Optimal Solution Found'

Solve time:
_solve_time = 23.7746

Objective:
torque = 5.73535

cnh1 = 0.937124

cnh2 = 0.341213

cnh3 = 0.938083

snh1 = -0.0424372

snh2 = 0.873828

snh3 = 0.00208735

Hx = -0.0763578

Hy = 0.00332391

Hz = -0.0107395

cnf11 = 0.937538

cnf21 = 0.744594

cnf31 = 0.586709

cnf12 = 0.937538

cnf22 = 0.745716

cnf32 = 0.587199

cnt1 = 0.457513

cnt2 = 0.483753

snf11 = 0

snf21 = 0.5706

snf31 = 0.798815

snf12 = 0

snf22 = 0.569133

snf32 = 0.798472

snt1 = 0.818966

snt2 = 0.858729

p :=
1 1    0.0188151
1 2   -0.0204394
1 3   -0.0624115
2 1    0.0206281
2 2    0.0180377
2 3   -0.0625867
3 1   -0.0198032
3 2    0.000577179
3 3    0.0638736
;

mf :=
1 1   -0.294459
1 2   -0.0128546
1 3    0.755462
2 1   -0.290168
2 2    0.0394004
2 3    0.756317
;

mt [*] :=
1  -0.117872
2   0.00628245
3  -0.843764
;

phi :=
1 1   0.0554417
1 2   0.0570615
1 3   0.0979706
2 1   0.0153647
2 2   0.0171312
2 3   0.0354834
3 1   0.05527
3 2   0.0568913
3 3   0.0976804
4 1   0.137984
4 2   0.138101
4 3   0.266938
;

l [*,1,*]
:       1            2           3        :=
1   -0.294188    -0.0131966   0.755575
2   -0.634262     0.416651    0.613258
3   -0.295271    -0.0118285   0.755122
4    0.0453429   -0.442358    0.897664

 [*,2,*]
:       1           2           3        :=
1   -0.289905    0.0390591   0.756452
2   -0.620135    0.46796     0.587097
3   -0.290956    0.0404242   0.755913
4    0.039797   -0.389157    0.925537

 [*,3,*]
:       1            2            3        :=
1   -0.117553    0.00661812   -0.843831
2   -0.518719   -0.415243     -0.759834
3   -0.118829    0.00527543   -0.843563
4    0.282973    0.427806     -0.927693
;

W[i,j,k] :=
1 1 1   -0.294188
1 1 2   -0.0131966
1 1 3    0.755575
2 1 1   -0.634262
2 1 2    0.416651
2 1 3    0.613258
3 1 1   -0.295271
3 1 2   -0.0118285
3 1 3    0.755122
4 1 1    0.0453429
4 1 2   -0.442358
4 1 3    0.897664
;

W[i,j,k] :=
1 1 4   -0.0162671
1 1 5    0.00414452
1 1 6   -0.00626133
2 1 4    0.0134692
2 1 5    0.0280467
2 1 6   -0.0051246
3 1 4   -0.0161725
3 1 5    0.00422059
3 1 6   -0.00625771
4 1 4   -0.045956
4 1 5   -0.0197196
4 1 6   -0.00739625
;

W[i,j,k] :=
1 2 1   -0.289905
1 2 2    0.0390591
1 2 3    0.756452
2 2 1   -0.620135
2 2 2    0.46796
2 2 3    0.587097
3 2 1   -0.290956
3 2 2    0.0404242
3 2 3    0.755913
4 2 1    0.039797
4 2 2   -0.389157
4 2 3    0.925537
;

W[i,j,k] :=
1 2 4    0.0160892
1 2 5    0.00254008
1 2 6    0.00603493
2 2 4    0.0398779
2 2 5    0.0267015
2 2 6    0.0208389
3 2 4    0.0161649
3 2 5    0.00261698
3 2 6    0.00608205
4 2 4   -0.00766155
4 2 5   -0.0215828
4 2 6   -0.00874541
;

W[i,j,k] :=
1 3 1   -0.117553
1 3 2    0.00661812
1 3 3   -0.843831
2 3 1   -0.518719
2 3 2   -0.415243
2 3 3   -0.759834
3 3 1   -0.118829
3 3 2    0.00527543
3 3 3   -0.843563
4 3 1    0.282973
4 3 2    0.427806
4 3 3   -0.927693
;

W[i,j,k] :=
1 3 4   -0.000909764
1 3 5   -0.0242191
1 3 6   -6.32111e-05
2 3 4    0.0260845
2 3 5   -0.0481796
2 3 6    0.00852254
3 3 4   -0.000823847
3 3 5   -0.0242953
3 3 6   -3.58846e-05
4 3 4   -0.0278609
4 3 5   -0.000296787
4 3 6   -0.00863526
;

f11 = 5.96491

f12 = 13.2463

f13 = -2.89907

f21 = -3.46629

f22 = 6.92998

f23 = 0.332492

f31 = 7.59409

f32 = 15

f33 = -2.38217

