solve_message = ' \
Ipopt 3.9.1: Converged to a locally infeasible point. Problem may be infeasible.'

Solve time:
_solve_time = 28.7198

Objective:
torque = 8.54316

cnh1 = -0.933058

cnh2 = 0.73233

cnh3 = 0.258271

snh1 = -0.096967

snh2 = 0.586253

snh3 = -0.901829

Hx = 0.00255491

Hy = 0.0702346

Hz = 0.012236

cnf11 = 0.537144

cnf21 = 0.514425

cnf31 = 0.44257

cnf12 = 0.537144

cnf22 = 0.714761

cnf32 = 0.574047

cnt1 = 0.442943

cnt2 = 0.479336

snf11 = 0.769075

snf21 = 0.925941

snf31 = 0.915726

snf12 = 0.769075

snf22 = 0.60755

snf32 = 0.807479

snt1 = 0.826923

snt2 = 0.860711

p :=
1 1   -0.0314595
1 2   -0.0118016
1 3    0.0579758
2 1    0.0135978
2 2   -0.0278278
2 3   -0.0626616
3 1    0.0307358
3 2   -0.00726575
3 3    0.0586668
;

mf :=
1 1    0.707853
1 2    0.436089
1 3   -0.287339
2 1   -0.0249533
2 2    0.239143
2 3    0.746686
;

mt [*] :=
1  -0.504469
2   0.372356
3  -0.550343
;

phi :=
1 1   0.0511803
1 2   0.0866053
1 3   0.0255972
2 1   0
2 2   0.0266979
2 3   0
3 1   0.0509592
3 2   0.0863398
3 3   0.0253037
4 1   0.141689
4 2   0.226559
4 3   0.329864
;

l [*,1,*]
:      1          2           3        :=
1   0.708122   0.435824   -0.287
2   0.370565   0.768321   -0.713593
3   0.707048   0.436882   -0.288358
4   1.04514    0.103857    0.138913

 [*,2,*]
:       1            2          3        :=
1   -0.0252943    0.238852   0.746744
2    0.403207     0.604467   0.674156
3   -0.0239305    0.240016   0.746513
4   -0.453112    -0.126179   0.819216

 [*,3,*]
:       1           2            3        :=
1   -0.504415    0.372002    -0.550664
2   -0.572086    0.817822    -0.14727
3   -0.504631    0.373421    -0.54938
4   -0.436852   -0.0731076   -0.953414
;

W[i,j,k] :=
1 1 1    0.708122
1 1 2    0.435824
1 1 3   -0.287
2 1 1    0.370565
2 1 2    0.768321
2 1 3   -0.713593
3 1 1    0.707048
3 1 2    0.436882
3 1 3   -0.288358
4 1 1    1.04514
4 1 2    0.103857
4 1 3    0.138913
;

W[i,j,k] :=
1 1 4   -0.0218802
1 1 5    0.0320251
1 1 6   -0.00535387
2 1 4   -0.0361225
2 1 5   -0.000965485
2 1 6   -0.0197978
3 1 4   -0.0219255
3 1 5    0.03192
3 1 6   -0.00539984
4 1 4   -0.00766061
4 1 5    0.064963
4 1 6    0.00906699
;

W[i,j,k] :=
1 2 1   -0.0252943
1 2 2    0.238852
1 2 3    0.746744
2 2 1    0.403207
2 2 2    0.604467
2 2 3    0.674156
3 2 1   -0.0239305
3 2 2    0.240016
3 2 3    0.746513
4 2 1   -0.453112
4 2 2   -0.126179
4 2 3    0.819216
;

W[i,j,k] :=
1 2 4   -0.00581338
1 2 5   -0.0085691
1 2 6    0.00254398
2 2 4    0.0191166
2 2 5   -0.0344327
2 2 6    0.0194398
3 2 4   -0.00573403
3 2 5   -0.00865142
3 2 6    0.00259776
4 2 4   -0.0307036
4 2 5    0.0172532
4 2 6   -0.0143249
;

W[i,j,k] :=
1 3 1   -0.504415
1 3 2    0.372002
1 3 3   -0.550664
2 3 1   -0.572086
2 3 2    0.817822
2 3 3   -0.14727
3 3 1   -0.504631
3 3 2    0.373421
3 3 3   -0.54938
4 3 1   -0.436852
4 3 2   -0.0731076
4 3 3   -0.953414
;

W[i,j,k] :=
1 3 4   -0.0178232
1 3 5   -0.0126673
1 3 6    0.00776883
2 3 4   -0.0469089
2 3 5   -0.029036
2 3 6    0.0209798
3 3 4   -0.0179157
3 3 5   -0.0127194
3 3 6    0.00781087
4 3 4    0.0112162
4 3 5    0.00367524
4 3 6   -0.00542108
;

f11 = 8.20952

f12 = 15

f13 = -0.886683

f21 = 3.48765

f22 = 15

f23 = -1.13566

f31 = 8.19625

f32 = 15

f33 = -1.00201

