solve_message = ' \
Ipopt 3.9.1: Converged to a locally infeasible point. Problem may be infeasible.'

Solve time:
_solve_time = 39.4371

Objective:
torque = 7.09091

cnh1 = 0.623934

cnh2 = 0.509932

cnh3 = 0.161056

snh1 = 0.700504

snh2 = 0.787381

snh3 = 0.924154

Hx = -0.0546005

Hy = 0.037556

Hz = 0.00165989

cnf11 = 0.740306

cnf21 = 0.592545

cnf31 = 0.527842

cnf12 = 0.740306

cnf22 = 0.317092

cnf32 = 0.353267

cnt1 = 0.555766

cnt2 = 0.515238

snf11 = 0.576149

snf21 = 0.727248

snf31 = 0.836083

snf12 = 0.576149

snf22 = 0.999134

snf32 = 0.974715

snt1 = 0.755727

snt2 = 0.843046

p :=
1 1    0.00807032
1 2   -0.0298123
1 3   -0.0627491
2 1    0.034137
2 2    0.00459726
2 3    0.0155391
3 1   -0.00641059
3 2   -0.031866
3 3    0.0605716
;

mf :=
1 1   -0.24877
1 2    0.22064
1 3    0.727029
2 1   -0.91221
2 2    0.0125667
2 3    0.135369
;

mt [*] :=
1   0.0181317
2   0.47755
3  -0.704314
;

phi :=
1 1   0.032936
1 2   0.00443846
1 3   0.0872732
2 1   0
2 2   0
2 3   0.0232654
3 1   0.0326346
3 2   0.00422957
3 3   0.0869661
4 1   0.331848
4 2   0.190097
4 3   0.278973
;

l [*,1,*]
:       1           2          3        :=
1   -0.248694    0.220218   0.7272
2   -0.34447     0.751002   0.512393
3   -0.248999    0.221907   0.726516
4   -0.153071   -0.309719   0.941664

 [*,2,*]
:       1           2            3        :=
1   -0.912194    0.0121288    0.135178
2   -0.931844    0.56246      0.375258
3   -0.912257    0.0138804    0.135942
4   -0.892576   -0.537325    -0.104519

 [*,3,*]
:       1           2           3        :=
1    0.0185602   0.477676   -0.704208
2   -0.5199      0.31903    -0.83708
3    0.0168464   0.477171   -0.704631
4    0.556162    0.636069   -0.571549
;

W[i,j,k] :=
1 1 1   -0.248694
1 1 2    0.220218
1 1 3    0.7272
2 1 1   -0.34447
2 1 2    0.751002
2 1 3    0.512393
3 1 1   -0.248999
3 1 2    0.221907
3 1 3    0.726516
4 1 1   -0.153071
4 1 2   -0.309719
4 1 3    0.941664
;

W[i,j,k] :=
1 1 4   -0.007861
1 1 5    0.0097366
1 1 6   -0.00563691
2 1 4    0.0318491
2 1 5    0.01748
2 1 6   -0.0042086
3 1 4   -0.00773461
3 1 5    0.00976125
3 1 6   -0.00563236
4 1 4   -0.0475078
4 1 5    0.00200556
4 1 6   -0.00706294
;

W[i,j,k] :=
1 2 1   -0.912194
1 2 2    0.0121288
1 2 3    0.135178
2 2 1   -0.931844
2 2 2    0.56246
2 2 3    0.375258
3 2 1   -0.912257
3 2 2    0.0138804
3 2 3    0.135942
4 2 1   -0.892576
4 2 2   -0.537325
4 2 3   -0.104519
;

W[i,j,k] :=
1 2 4    0.000432977
1 2 5   -0.0187893
1 2 6    0.00460763
2 2 4   -0.00701499
2 2 5   -0.0272902
2 2 6    0.0234846
3 2 4    0.000409272
3 2 5   -0.0188163
3 2 6    0.00466771
4 2 4    0.00786907
4 2 5   -0.0103019
4 2 6   -0.0142392
;

W[i,j,k] :=
1 3 1    0.0185602
1 3 2    0.477676
1 3 3   -0.704208
2 3 1   -0.5199
2 3 2    0.31903
2 3 3   -0.83708
3 3 1    0.0168464
3 3 2    0.477171
3 3 3   -0.704631
4 3 1    0.556162
4 3 2    0.636069
4 3 3   -0.571549
;

W[i,j,k] :=
1 3 4   -0.00649325
1 3 5   -0.00339017
1 3 6   -0.00247074
2 3 4    0.00735028
2 3 5   -0.0368574
2 3 6   -0.0186123
3 3 4   -0.00644919
3 3 5   -0.00349669
3 3 6   -0.00252212
4 3 4   -0.0203147
4 3 5    0.0300236
4 3 6    0.0136451
;

f11 = 7.41147

f12 = 15

f13 = 0.925407

f21 = 4.0493

f22 = 8.08426

f23 = -0.248962

f31 = 7.95715

f32 = 15

f33 = -1.77514

