solve_message = ' \
Ipopt 3.9.1: Optimal Solution Found'

Solve time:
_solve_time = 4.25883

Objective:
torque = 3.52708

cnh1 = 1.00478

cnh2 = 0.18084

cnh3 = -0.914785

snh1 = -0.335301

snh2 = 0.920487

snh3 = -0.534012

Hx = 0.0520555

Hy = -0.0752147

Hz = 0.0336757

cnf11 = 0.937575

cnf21 = 0.753589

cnf31 = 0.590675

cnf12 = 0.937575

cnf22 = 0.782747

cnf32 = 0.549429

cnt1 = 0.526607

cnt2 = 0.447425

snf11 = 0

snf21 = 0.558663

snf31 = 0.796027

snf12 = 0

snf22 = 0.713658

snf32 = 0.847043

snt1 = 0.919067

snt2 = 0.912712

p :=
1 1    0.0288124
1 2    0.006506
1 3   -0.0638293
2 1   -0.019685
2 2   -0.0119613
2 3   -0.0636441
3 1   -0.0283441
3 2    0.0156658
3 3    0.0602597
;

mf :=
1 1   -0.135696
1 2    0.0748671
1 3    0.805202
2 1   -0.0894915
2 2   -0.107443
2 3    0.936309
;

mt [*] :=
1   0.564413
2  -0.548062
3  -0.721149
;

phi :=
1 1   0.067455
1 2   0.0403993
1 3   0.075704
2 1   0.0163947
2 2   0.000939713
2 3   0.0121441
3 1   0.0672215
3 2   0.0402248
3 3   0.0753876
4 1   0.197951
4 2   0.130272
4 3   0.304716
;

l [*,1,*]
:       1            2           3        :=
1   -0.135641     0.0754512   0.805165
2   -0.203739    -0.658536    0.851239
3   -0.135858     0.073115    0.805312
4   -0.0676522    0.808267    0.759165

 [*,2,*]
:       1            2          3        :=
1   -0.0894887   -0.106814   0.936346
2   -0.0931033   -0.896949   0.889086
3   -0.0895002   -0.109329   0.936196
4   -0.0858798    0.68206    0.983531

 [*,3,*]
:       1            2           3        :=
1    0.563901    -0.548086   -0.721468
2    1.20736     -0.517777   -0.321464
3    0.565949    -0.54799    -0.720194
4   -0.0785323   -0.578347   -1.12083
;

W[i,j,k] :=
1 1 1   -0.135641
1 1 2    0.0754512
1 1 3    0.805165
2 1 1   -0.203739
2 1 2   -0.658536
2 1 3    0.851239
3 1 1   -0.135858
3 1 2    0.073115
3 1 3    0.805312
4 1 1   -0.0676522
4 1 2    0.808267
4 1 3    0.759165
;

W[i,j,k] :=
1 1 4    0.0100544
1 1 5   -0.0145408
1 1 6    0.00305641
2 1 4   -0.0364957
2 1 5   -0.0115217
2 1 6   -0.0176485
3 1 4    0.00990624
3 1 5   -0.0145312
3 1 6    0.00299051
4 1 4    0.0565302
4 1 5   -0.0175552
4 1 6    0.0237283
;

W[i,j,k] :=
1 2 1   -0.0894887
1 2 2   -0.106814
1 2 3    0.936346
2 2 1   -0.0931033
2 2 2   -0.896949
2 2 3    0.889086
3 2 1   -0.0895002
3 2 2   -0.109329
3 2 3    0.936196
4 2 1   -0.0858798
4 2 2    0.68206
4 2 3    0.983531
;

W[i,j,k] :=
1 2 4   -0.017998
1 2 5    0.0241274
1 2 6    0.00103223
2 2 4   -0.0677201
2 2 5    0.0234271
2 2 6    0.0165428
3 2 4   -0.0181562
3 2 5    0.0241251
3 2 6    0.0010816
4 2 4    0.0316448
4 2 5    0.0248265
4 2 6   -0.0144536
;

W[i,j,k] :=
1 3 1    0.563901
1 3 2   -0.548086
1 3 3   -0.721468
2 3 1    1.20736
2 3 2   -0.517777
2 3 3   -0.321464
3 3 1    0.565949
3 3 2   -0.54799
3 3 3   -0.720194
4 3 1   -0.0785323
4 3 2   -0.578347
4 3 3   -1.12083
;

W[i,j,k] :=
1 3 4    0.0217252
1 3 5    0.0135312
1 3 6    0.00670105
2 3 4    0.0261651
2 3 5    0.0636437
2 3 6   -0.00423833
3 3 4    0.0217393
3 3 5    0.0136907
3 3 6    0.00666623
4 3 4    0.0172924
4 3 5   -0.0365013
4 3 6    0.017623
;

f11 = 3.68986

f12 = 7.34807

f13 = -0.0584583

f21 = -1.29481

f22 = 2.54314

f23 = -0.245678

f31 = 5.29384

f32 = 10.5679

f33 = 0.124296

