solve_message = ' \
Ipopt 3.9.1: Converged to a locally infeasible point. Problem may be infeasible.'

Solve time:
_solve_time = 5.05443

Objective:
torque = 2.67534

cnh1 = -0.270365

cnh2 = 0.664738

cnh3 = 0.932236

snh1 = 0.898278

snh2 = -0.661909

snh3 = -0.104576

Hx = 0.00319824

Hy = 0.0314478

Hz = -0.0620152

cnf11 = 0.932738

cnf21 = 0.849168

cnf31 = 0.639259

cnf12 = 0.932738

cnf22 = 0.822608

cnf32 = 0.566767

cnt1 = 0.401191

cnt2 = 0.466995

snf11 = 0

snf21 = 0.398641

snf31 = 0.758957

snf12 = 0

snf22 = 0.66732

snf32 = 0.834825

snt1 = 0.847966

snt2 = 0.865941

p :=
1 1   -0.000250131
1 2   -0.0315113
1 3    0.0587957
2 1   -0.0188319
2 2    0.0239191
2 3    0.0603526
3 1    0.0133054
3 2   -0.0317515
3 3   -0.0323851
;

mf :=
1 1    0.245263
1 2   -0.623786
1 3   -0.400071
2 1    0.080725
2 2   -0.560414
2 3   -0.721199
;

mt [*] :=
1  -0.173473
2   0.762523
3   0.153134
;

phi :=
1 1   0.0862596
1 2   0.0307621
1 3   0.0963583
2 1   0.030639
2 2   0.00771373
2 3   0.0246041
3 1   0.0860173
3 2   0.0306667
3 3   0.0960049
4 1   0.194137
4 2   0.0733383
4 3   0.277283
;

l [*,1,*]
:       1           2           3         :=
1    0.245575   -0.623849   -0.399738
2   -0.14737    -0.54487    -0.817575
3    0.244325   -0.623598   -0.401068
4    0.637893   -0.702702    0.0174324

 [*,2,*]
:       1            2           3        :=
1    0.0810839   -0.560635   -0.72096
2   -0.370068    -0.282739   -1.02213
3    0.079648    -0.55975    -0.721918
4    0.531517    -0.838087   -0.420272

 [*,3,*]
:       1          2           3        :=
1   -0.173831   0.762405    0.153433
2    0.276642   0.910701   -0.223459
3   -0.172397   0.762877    0.152234
4   -0.623585   0.614345    0.529725
;

W[i,j,k] :=
1 1 1    0.245575
1 1 2   -0.623849
1 1 3   -0.399738
2 1 1   -0.14737
2 1 2   -0.54487
2 1 3   -0.817575
3 1 1    0.244325
3 1 2   -0.623598
3 1 3   -0.401068
4 1 1    0.637893
4 1 2   -0.702702
4 1 3    0.0174324
;

W[i,j,k] :=
1 1 4    0.0492759
1 1 5    0.0143388
1 1 6    0.00789444
2 1 4    0.0577989
2 1 5   -0.00886921
2 1 6   -0.00450752
3 1 4    0.0493031
3 1 5    0.0142649
3 1 6    0.00785496
4 1 4    0.0407666
4 1 5    0.0375098
4 1 6    0.0202766
;

W[i,j,k] :=
1 2 1    0.0810839
1 2 2   -0.560635
1 2 3   -0.72096
2 2 1   -0.370068
2 2 2   -0.282739
2 2 3   -1.02213
3 2 1    0.079648
3 2 2   -0.55975
3 2 3   -0.721918
4 2 1    0.531517
4 2 2   -0.838087
4 2 3   -0.420272
;

W[i,j,k] :=
1 2 4    0.0165911
1 2 5   -0.00868343
1 2 6    0.00861838
2 2 4   -0.00738431
2 2 5   -0.0415832
2 2 6    0.0141762
3 2 4    0.0165148
3 2 5   -0.00878814
3 2 6    0.00863607
4 2 4    0.0405282
4 2 5    0.0241639
4 2 6    0.00306941
;

W[i,j,k] :=
1 3 1   -0.173831
1 3 2    0.762405
1 3 3    0.153433
2 3 1    0.276642
2 3 2    0.910701
2 3 3   -0.223459
3 3 1   -0.172397
3 3 2    0.762877
3 3 3    0.152234
4 3 1   -0.623585
4 3 2    0.614345
4 3 3    0.529725
;

W[i,j,k] :=
1 3 4    0.0198188
1 3 5    0.00358804
1 3 6    0.00462468
2 3 4    0.0365883
2 3 5   -0.00598586
2 3 6    0.020901
3 3 4    0.0198722
3 3 5    0.00355757
3 3 6    0.00467648
4 3 4    0.00307607
4 3 5    0.0131467
4 3 6   -0.0116257
;

f11 = -1.13404

f12 = 8.90462

f13 = -4.3186

f21 = 0.298163

f22 = 0

f23 = 0.183299

f31 = 4.79015

f32 = 10.9045

f33 = -2.62706

