solve_message = ' \
Ipopt 3.9.1: Maximum Number of Iterations Exceeded.'

Solve time:
_solve_time = 71.0117

Objective:
torque = 6.06351

cnh1 = 0.490335

cnh2 = 0.93932

cnh3 = -0.0554855

snh1 = -0.837044

snh2 = -0.0294895

snh3 = -0.947523

Hx = -0.0715379

Hy = -0.039926

Hz = -0.00155028

cnf11 = 0.637581

cnf21 = 0.594725

cnf31 = 0.529663

cnf12 = 0.643052

cnf22 = 0.560344

cnf32 = 0.458452

cnt1 = 0.456327

cnt2 = 0.43166

snf11 = 0.701476

snf21 = 0.722584

snf31 = 0.834345

snf12 = 0.700884

snf22 = 0.903274

snf32 = 0.907209

snt1 = 0.934462

snt2 = 0.916365

p :=
1 1    0.0222385
1 2   -0.0252332
1 3    0.0612186
2 1    0.0280044
2 2   -0.0190023
2 3   -0.0606566
3 1    0.00091778
3 2    0.0365022
3 3   -0.00737875
;

mf :=
1 1   -0.488727
1 2    0.289552
1 3   -0.560817
2 1   -0.696596
2 2    0.270212
2 3    0.595179
;

mt [*] :=
1  -0.157084
2  -0.948337
3   0.0593814
;

phi :=
1 1   0.0380032
1 2   0.00911512
1 3   0.0426171
2 1   0
2 2   0
2 3   0
3 1   0.0377148
3 2   0.00887185
3 3   0.0423093
4 1   0.300793
4 2   0.265517
4 3   0.342419
;

l [*,1,*]
:       1           2           3        :=
1   -0.491184    0.289915   -0.556109
2   -0.646042   -0.260754   -0.708871
3   -0.491677    0.288162   -0.556595
4   -0.336331    0.839844   -0.403588

 [*,2,*]
:       1          2          3        :=
1   -0.698382   0.269995   0.595023
2   -1.18544    0.153613   0.151126
3   -0.699932   0.269624   0.59361
4   -0.211958   0.386283   1.03822

 [*,3,*]
:       1           2           3         :=
1   -0.157216   -0.948301    0.0580209
2   -0.623696   -0.845121    0.515142
3   -0.158701   -0.947973    0.0594758
4    0.308721   -1.0512     -0.398355
;

W[i,j,k] :=
1 1 1   -0.490901
1 1 2    0.290291
1 1 3   -0.555705
2 1 1   -0.646643
2 1 2   -0.260381
2 1 3   -0.708449
3 1 1   -0.491397
3 1 2    0.288538
3 1 3   -0.556192
4 1 1   -0.334769
4 1 2    0.840441
4 1 3   -0.403178
;

W[i,j,k] :=
1 1 4   -0.00379524
1 1 5   -0.0178481
1 1 6   -0.00635689
2 1 4    0.0344494
2 1 5   -0.024249
2 1 6   -0.0216496
3 1 4   -0.00367354
3 1 5   -0.0178685
3 1 6   -0.00640556
4 1 4   -0.0419596
4 1 5   -0.0114046
4 1 6    0.00890899
;

W[i,j,k] :=
1 2 1   -0.699452
1 2 2    0.270268
1 2 3    0.59498
2 2 1   -1.18718
2 2 2    0.153181
2 2 3    0.150629
3 2 1   -0.701004
3 2 2    0.269895
3 2 3    0.593566
4 2 1   -0.212125
4 2 2    0.387388
4 2 3    1.03865
;

W[i,j,k] :=
1 2 4    0.0051827
1 2 5    0.0259858
1 2 6   -0.00632779
2 2 4    0.0065933
2 2 5    0.0675132
2 2 6   -0.0173414
3 2 4    0.00518717
3 2 5    0.026118
3 2 6   -0.00636284
4 2 4    0.00380827
4 2 5   -0.0154493
4 2 6    0.00466628
;

W[i,j,k] :=
1 3 1   -0.156768
1 3 2   -0.947224
1 3 3    0.0580667
2 3 1   -0.622989
2 3 2   -0.844235
2 3 3    0.515344
3 3 1   -0.158252
3 3 2   -0.946897
3 3 3    0.0595221
4 3 1    0.309201
4 3 2   -1.04977
4 3 3   -0.398438
;

W[i,j,k] :=
1 3 4   -0.00471289
1 3 5    0.00126603
1 3 6    0.00399571
2 3 4    0.012865
2 3 5    0.00375577
2 3 6    0.0199216
3 3 4   -0.00465698
3 3 5    0.00127392
3 3 6    0.00404641
4 3 4   -0.0222211
4 3 5   -0.00118057
4 3 6   -0.011918
;

f11 = 8.27952

f12 = 15

f13 = 0.742513

f21 = 3.15011

f22 = 6.11479

f23 = 0.636036

f31 = 5.31122

f32 = 11.8372

f33 = -2.8853

