solve_message = ' \
Ipopt 3.9.1: Converged to a locally infeasible point. Problem may be infeasible.'

Solve time:
_solve_time = 67.8448

Objective:
torque = 8.18028

cnh1 = 0.915953

cnh2 = 0.844265

cnh3 = 0.460826

snh1 = -0.202559

snh2 = -0.408921

snh3 = 0.817092

Hx = 0.0250468

Hy = 0.0566688

Hz = -0.0546227

cnf11 = 0.591547

cnf21 = 0.27103

cnf31 = 0.368931

cnf12 = 0.591547

cnf22 = 0.629977

cnf32 = 0.541212

cnt1 = 0.766

cnt2 = 0.561819

snf11 = 0.878676

snf21 = 0.989318

snf31 = 0.947439

snf12 = 0.878676

snf22 = 0.695074

snf32 = 0.828296

snt1 = 0.680877

snt2 = 0.838355

p :=
1 1    0.00930207
1 2   -0.0330367
1 3   -0.0409863
2 1    0.00894817
2 2    0.0279216
2 3    0.0639646
3 1   -0.0345214
3 2    0.000362786
3 3   -0.05397
;

mf :=
1 1   -0.117524
1 2    0.925192
1 3   -0.0992878
2 1   -0.163574
2 2   -0.128862
2 3   -0.852877
;

mt [*] :=
1   0.860727
2  -0.100113
3   0.389877
;

phi :=
1 1   0.0342423
1 2   0.0696462
1 3   0.0391933
2 1   0
2 2   0.0338413
2 3   0
3 1   0.0340319
3 2   0.0694788
3 3   0.0389314
4 1   0.223398
4 2   0.194575
4 3   0.31188
;

l [*,1,*]
:       1          2           3         :=
1   -0.118043   0.925138   -0.0993755
2    0.534185   0.993202    0.0109516
3   -0.115967   0.925355   -0.0990244
4   -0.76923    0.857182   -0.209527

 [*,2,*]
:       1            2           3        :=
1   -0.163399    -0.129322   -0.852837
2   -0.382657     0.448673   -0.90363
3   -0.164097    -0.127482   -0.852998
4    0.0555088   -0.706395   -0.802124

 [*,3,*]
:      1           2            3        :=
1   0.860534   -0.100226     0.390335
2   1.1023      0.0422497   -0.185289
3   0.861304   -0.0997725    0.388503
4   0.61915    -0.242474     0.965041
;

W[i,j,k] :=
1 1 1   -0.118043
1 1 2    0.925138
1 1 3   -0.0993755
2 1 1    0.534185
2 1 2    0.993202
2 1 3    0.0109516
3 1 1   -0.115967
3 1 2    0.925355
3 1 3   -0.0990244
4 1 1   -0.76923
4 1 2    0.857182
4 1 3   -0.209527
;

W[i,j,k] :=
1 1 4    0.041201
1 1 5    0.00576255
1 1 6    0.00470594
2 1 4    0.0403459
2 1 5   -0.0219961
2 1 6    0.0268866
3 1 4    0.0411983
3 1 5    0.0056742
3 1 6    0.00477653
4 1 4    0.0420548
4 1 5    0.0334769
4 1 6   -0.0174393
;

W[i,j,k] :=
1 2 1   -0.163399
1 2 2   -0.129322
1 2 3   -0.852837
2 2 1   -0.382657
2 2 2    0.448673
2 2 3   -0.90363
3 2 1   -0.164097
3 2 2   -0.127482
3 2 3   -0.852998
4 2 1    0.0555088
4 2 2   -0.706395
4 2 3   -0.802124
;

W[i,j,k] :=
1 2 4   -0.0155405
1 2 5   -0.00282042
1 2 6    0.00340517
2 2 4   -0.05393
2 2 5   -0.0163906
2 2 6    0.0146992
3 2 4   -0.0156627
3 2 5   -0.00286361
3 2 6    0.00344111
4 2 4    0.0227877
4 2 5    0.0107281
4 2 6   -0.00787084
;

W[i,j,k] :=
1 3 1    0.860534
1 3 2   -0.100226
1 3 3    0.390335
2 3 1    1.1023
2 3 2    0.0422497
2 3 3   -0.185289
3 3 1    0.861304
3 3 2   -0.0997725
3 3 3    0.388503
4 3 1    0.61915
4 3 2   -0.242474
4 3 3    0.965041
;

W[i,j,k] :=
1 3 4   -0.00526759
1 3 5   -0.0329681
1 3 6    0.00314775
2 3 4    0.002213
2 3 5   -0.0658878
2 3 6   -0.00185842
3 3 4   -0.00524378
3 3 5   -0.0330729
3 3 6    0.00313182
4 3 4   -0.0127362
4 3 5   -0.000100933
4 3 6    0.00814594
;

f11 = 2.83123

f12 = 14.14

f13 = -1.33264

f21 = 5.3632

f22 = 15

f23 = -5.54269

f31 = 8.24271

f32 = 15

f33 = 0.490172

