solve_message = ' \
Ipopt 3.9.1: Converged to a locally infeasible point. Problem may be infeasible.'

Solve time:
_solve_time = 4.02483

Objective:
torque = 8.86804

cnh1 = 0.358572

cnh2 = 0.842476

cnh3 = 0.253666

snh1 = 0.866849

snh2 = 0.412594

snh3 = 0.905322

Hx = -0.0582524

Hy = 0.0423776

Hz = -0.00684321

cnf11 = 0.178973

cnf21 = 0.545412

cnf31 = 0.511776

cnf12 = 0.178973

cnf22 = 0.361698

cnf32 = 0.455775

cnt1 = 0.766

cnt2 = 0.568874

snf11 = 1

snf21 = 0.763234

snf31 = 0.844893

snf12 = 1

snf22 = 0.865549

snf32 = 0.870248

snt1 = 0.661468

snt2 = 0.833312

p :=
1 1    0.031016
1 2   -0.00933522
1 3   -0.0607735
2 1    0.0146988
2 2    0.0273134
2 3    0.0595986
3 1   -0.00484067
3 2   -0.0338804
3 3    0.0555877
;

mf :=
1 1   -0.423171
1 2    0.342928
1 3    0.662684
2 1   -0.458535
2 2   -0.262196
2 3   -0.638143
;

mt [*] :=
1   0.255686
2   0.797131
3  -0.456923
;

phi :=
1 1   0.0538882
1 2   0.104516
1 3   0.0521959
2 1   0
2 2   0.0165056
2 3   0
3 1   0.0533061
3 2   0.104202
3 3   0.0518993
4 1   0.275808
4 2   0.203197
4 3   0.142252
;

l [*,1,*]
:       1           2          3        :=
1   -0.423032    0.34256    0.663
2   -0.596938    0.805557   0.26547
3   -0.423586    0.344034   0.661735
4   -0.249404   -0.119698   1.0599

 [*,2,*]
:        1            2           3        :=
1   -0.458163     -0.262121   -0.638477
2   -0.926028     -0.357515   -0.217764
3   -0.459652     -0.262424   -0.637138
4    0.00895532   -0.166878   -1.05852

 [*,3,*]
:       1          2           3         :=
1    0.256011   0.79722    -0.456542
2   -0.151675   0.684968   -0.935533
3    0.254713   0.796863   -0.458067
4    0.663046   0.909292    0.0216846
;

W[i,j,k] :=
1 1 1   -0.423032
1 1 2    0.34256
1 1 3    0.663
2 1 1   -0.596938
2 1 2    0.805557
2 1 3    0.26547
3 1 1   -0.423586
3 1 2    0.344034
3 1 3    0.661735
4 1 1   -0.249404
4 1 2   -0.119698
4 1 3    1.0599
;

W[i,j,k] :=
1 1 4    0.0146293
1 1 5    0.00514557
1 1 6    0.00667572
2 1 4    0.0464783
2 1 5    0.0280442
2 1 6    0.0194126
3 1 4    0.0147307
3 1 5    0.00521845
3 1 6    0.00671626
4 1 4   -0.0171688
4 1 5   -0.0177165
4 1 6   -0.00604079
;

W[i,j,k] :=
1 2 1   -0.458163
1 2 2   -0.262121
1 2 3   -0.638477
2 2 1   -0.926028
2 2 2   -0.357515
2 2 3   -0.217764
3 2 1   -0.459652
3 2 2   -0.262424
3 2 3   -0.637138
4 2 1    0.00895532
4 2 2   -0.166878
4 2 3   -1.05852
;

W[i,j,k] :=
1 2 4   -0.00181696
1 2 5   -0.017921
1 2 6    0.00866113
2 2 4    0.0153596
2 2 5   -0.0519891
2 2 6    0.0200379
3 2 4   -0.00176229
3 2 5   -0.0180294
3 2 6    0.00869734
4 2 4   -0.0189661
4 2 5    0.0160927
4 2 6   -0.0026975
;

W[i,j,k] :=
1 3 1    0.256011
1 3 2    0.79722
1 3 3   -0.456542
2 3 1   -0.151675
2 3 2    0.684968
2 3 3   -0.935533
3 3 1    0.254713
3 3 2    0.796863
3 3 3   -0.458067
4 3 1    0.663046
4 3 2    0.909292
4 3 3    0.0216846
;

W[i,j,k] :=
1 3 4   -0.0288478
1 3 5    0.0120211
1 3 6    0.00481468
2 3 4   -0.00637954
2 3 5   -0.0129599
2 3 6   -0.00845452
3 3 4   -0.0287763
3 3 5    0.0119416
3 3 6    0.00477244
4 3 4   -0.0512801
4 3 5    0.0369621
4 3 6    0.0180627
;

f11 = 6.65242

f12 = 15

f13 = 4.89157

f21 = 1.1569

f22 = 15

f23 = -8.17582

f31 = 8.20781

f32 = 15

f33 = -0.902377

