solve_message = ' \
Ipopt 3.9.1: Converged to a locally infeasible point. Problem may be infeasible.'

Solve time:
_solve_time = 12.6049

Objective:
torque = 8.90982

cnh1 = 0.87414

cnh2 = 0.937429

cnh3 = 0.33087

snh1 = -0.340412

snh2 = 0.0350206

snh3 = 0.989366

Hx = 0.0322013

Hy = 0.0637192

Hz = -0.0380878

cnf11 = 0.364774

cnf21 = 0.285109

cnf31 = 0.435327

cnf12 = 0.364774

cnf22 = 0.514349

cnf32 = 0.501603

cnt1 = 0.766

cnt2 = 0.557995

snf11 = 0.864257

snf21 = 0.893707

snf31 = 0.876741

snf12 = 0.864257

snf22 = 0.784503

snf32 = 0.85015

snt1 = 0.691174

snt2 = 0.841059

p :=
1 1    0.00408086
1 2   -0.032207
1 3   -0.0566326
2 1    0.0295615
2 2   -0.00463181
2 3    0.0609109
3 1   -0.0352371
3 2    0.0043715
3 3   -0.00288481
;

mf :=
1 1    0.103333
1 2    0.800513
1 3    0.315845
2 1   -0.217361
2 2    0.252795
2 3   -0.782154
;

mt [*] :=
1   0.912824
2  -0.222578
3  -0.0785348
;

phi :=
1 1   0.0282673
1 2   0.0777096
1 3   0.0275245
2 1   0
2 2   0.0267411
2 3   0
3 1   0.0280189
3 2   0.077463
3 3   0.0272741
4 1   0.27985
4 2   0.208846
4 3   0.273064
;

l [*,1,*]
:       1          2          3        :=
1    0.102901   0.800455   0.316016
2    0.645706   0.873366   0.102266
3    0.104628   0.800687   0.315335
4   -0.439039   0.727661   0.529424

 [*,2,*]
:       1           2           3        :=
1   -0.217276    0.252338   -0.782327
2   -0.32333     0.827404   -0.565419
3   -0.217614    0.254168   -0.781636
4   -0.111391   -0.321812   -0.998889

 [*,3,*]
:      1           2           3         :=
1   0.912786   -0.222852   -0.0780364
2   0.95995     0.120785   -0.704435
3   0.912936   -0.221758   -0.0800301
4   0.865698   -0.56594     0.547363
;

W[i,j,k] :=
1 1 1    0.102901
1 1 2    0.800455
1 1 3    0.316016
2 1 1    0.645706
2 1 2    0.873366
2 1 3    0.102266
3 1 1    0.104628
3 1 2    0.800687
3 1 3    0.315335
4 1 1   -0.439039
4 1 2    0.727661
4 1 3    0.529424
;

W[i,j,k] :=
1 1 4    0.0351539
1 1 5   -0.00711716
1 1 6    0.00658068
2 1 4    0.0461673
2 1 5   -0.0369853
2 1 6    0.0243604
3 1 4    0.035189
3 1 5   -0.00721222
3 1 6    0.00663726
4 1 4    0.0241581
4 1 5    0.0227034
4 1 6   -0.0111706
;

W[i,j,k] :=
1 2 1   -0.217276
1 2 2    0.252338
1 2 3   -0.782327
2 2 1   -0.32333
2 2 2    0.827404
2 2 3   -0.565419
3 2 1   -0.217614
3 2 2    0.254168
3 2 3   -0.781636
4 2 1   -0.111391
4 2 2   -0.321812
4 2 3   -0.998889
;

W[i,j,k] :=
1 2 4   -0.0117465
1 2 5    0.00989225
1 2 6    0.00645309
2 2 4   -0.047779
2 2 5   -0.00297973
2 2 6    0.0229617
3 2 4   -0.0118612
3 2 5    0.00985128
3 2 6    0.00650564
4 2 4    0.0242285
4 2 5    0.0227437
4 2 6   -0.0100292
;

W[i,j,k] :=
1 3 1    0.912786
1 3 2   -0.222852
1 3 3   -0.0780364
2 3 1    0.95995
2 3 2    0.120785
2 3 3   -0.704435
3 3 1    0.912936
3 3 2   -0.221758
3 3 3   -0.0800301
4 3 1    0.865698
4 3 2   -0.56594
4 3 3    0.547363
;

W[i,j,k] :=
1 3 4   -0.000984021
1 3 5   -0.005383
1 3 6    0.0038624
2 3 4   -0.002731
2 3 5   -0.0275915
2 3 6   -0.00845254
3 3 4   -0.000989581
3 3 5   -0.00545368
3 3 6    0.00382321
4 3 4    0.000760166
4 3 5    0.0167901
4 3 6    0.0161577
;

f11 = 7.99445

f12 = 15

f13 = 2.06669

f21 = 3.38092

f22 = 15

f23 = -7.53338

f31 = 8.25488

f32 = 15

f33 = -0.198795

