solve_message = ' \
Ipopt 3.9.1: Converged to a locally infeasible point. Problem may be infeasible.'

Solve time:
_solve_time = 41.9955

Objective:
torque = 8.61902

cnh1 = -0.270911

cnh2 = 0.502059

cnh3 = -0.349967

snh1 = -1.02402

snh2 = 0.792425

snh3 = 0.870358

Hx = 0.0626958

Hy = -0.0660296

Hz = 0.0202461

cnf11 = 0.473936

cnf21 = 0.70847

cnf31 = 0.518809

cnf12 = 0.473936

cnf22 = 0.219479

cnf32 = 0.419329

cnt1 = 0.70083

cnt2 = 0.515749

snf11 = 0.809558

snf21 = 0.787446

snf31 = 0.867681

snf12 = 0.809558

snf22 = 0.912047

snf32 = 0.880158

snt1 = 0.794252

snt2 = 0.869685

p :=
1 1    0.0182298
1 2    0.0241413
1 3   -0.0633156
2 1   -0.0336278
2 2   -0.00745916
2 3    0.0152354
3 1   -0.0143067
3 2    0.0285406
3 3    0.061506
;

mf :=
1 1   -0.128045
1 2   -0.421277
1 3    0.801744
2 1    0.87121
2 2    0.0557827
2 3    0.137426
;

mt [*] :=
1   0.130133
2  -0.695114
3  -0.74973
;

phi :=
1 1   0.00954991
1 2   0.0330471
1 3   0.0627921
2 1   0
2 2   0
2 3   0.00844056
3 1   0.00925707
3 2   0.0327506
3 3   0.0625336
4 1   0.342059
4 2   0.283146
4 3   0.22918
;

l [*,1,*]
:       1           2          3        :=
1   -0.128278   -0.420815   0.801937
2    0.164752   -1.00053    0.559312
3   -0.127346   -0.422661   0.801164
4   -0.420841    0.157974   1.04417

 [*,2,*]
:      1           2            3        :=
1   0.871225    0.0560605    0.137054
2   0.852203   -0.29309      0.604552
3   0.871165    0.0549493    0.138542
4   0.890217    0.404654    -0.329698

 [*,3,*]
:       1           2           3        :=
1    0.129567   -0.695214   -0.749731
2    0.841009   -0.569602   -0.748211
3    0.131831   -0.694814   -0.749726
4   -0.58074    -0.820626   -0.751249
;

W[i,j,k] :=
1 1 1   -0.128278
1 1 2   -0.420815
1 1 3    0.801937
2 1 1    0.164752
2 1 2   -1.00053
2 1 3    0.559312
3 1 1   -0.127346
3 1 2   -0.422661
3 1 3    0.801164
4 1 1   -0.420841
4 1 2    0.157974
4 1 3    1.04417
;

W[i,j,k] :=
1 1 4   -0.00728438
1 1 5   -0.00649709
1 1 6   -0.00457456
2 1 4   -0.0498467
2 1 5   -0.0206275
2 1 6   -0.0222168
3 1 4   -0.00741984
3 1 5   -0.00654206
3 1 6   -0.00463071
4 1 4    0.03521
4 1 5    0.00761078
4 1 6    0.0130395
;

W[i,j,k] :=
1 2 1    0.871225
1 2 2    0.0560605
1 2 3    0.137054
2 2 1    0.852203
2 2 2   -0.29309
2 2 3    0.604552
3 2 1    0.871165
3 2 2    0.0549493
3 2 3    0.138542
4 2 1    0.890217
4 2 2    0.404654
4 2 3   -0.329698
;

W[i,j,k] :=
1 2 4   -0.00187641
1 2 5    0.0178823
1 2 6    0.00461342
2 2 4   -4.41064e-05
2 2 5    0.0333134
2 2 6    0.0162127
3 2 4   -0.00187058
3 2 5    0.0179314
3 2 6    0.00465033
4 2 4   -0.0037058
4 2 5    0.00247581
4 2 6   -0.00696735
;

W[i,j,k] :=
1 3 1    0.129567
1 3 2   -0.695214
1 3 3   -0.749731
2 3 1    0.841009
2 3 2   -0.569602
2 3 3   -0.748211
3 3 1    0.131831
3 3 2   -0.694814
3 3 3   -0.749726
4 3 1   -0.58074
4 3 2   -0.820626
4 3 3   -0.751249
;

W[i,j,k] :=
1 3 4    0.021362
1 3 5   -0.00275704
1 3 6    0.00624831
2 3 4    0.0136795
2 3 5    0.0410226
2 3 6   -0.0158538
3 3 4    0.0213376
3 3 5   -0.0026177
3 3 6    0.00617796
4 3 4    0.0290323
4 3 5   -0.0464669
4 3 6    0.0283151
;

f11 = 7.86939

f12 = 15

f13 = 2.50104

f21 = 8.11137

f22 = 15

f23 = -1.54537

f31 = 7.42861

f32 = 14.9284

f33 = 0.80603

