solve_message = ' \
Ipopt 3.9.1: Converged to a locally infeasible point. Problem may be infeasible.'

Solve time:
_solve_time = 60.2944

Objective:
torque = 5.50061

cnh1 = 0.512675

cnh2 = 0.937537

cnh3 = -0.936005

snh1 = 0.785598

snh2 = 0.0320034

snh3 = -0.233824

Hx = 0.0128493

Hy = 0.00439478

Hz = 0.0247812

cnf11 = 0.961974

cnf21 = 0.69178

cnf31 = 0.560704

cnf12 = 0.961974

cnf22 = 0.238264

cnf32 = 0.423751

cnt1 = 0.417301

cnt2 = 0.471698

snf11 = 0.10676

snf21 = 0.64785

snf31 = 0.818102

snf12 = 0.10676

snf22 = 0.90732

snf32 = 0.8794

snt1 = 0.840154

snt2 = 0.864005

p :=
1 1    0.00938631
1 2    0.0335961
1 3   -0.0512132
2 1    0.0261596
2 2    0.0162416
2 3   -0.059915
3 1   -0.0276445
3 2   -0.0198576
3 3   -0.0564144
;

mf :=
1 1   -0.328783
1 2   -0.720235
1 3    0.131579
2 1   -0.182318
2 2   -0.457207
2 3    0.643775
;

mt [*] :=
1  0.46909
2  0.50647
3  0.440046
;

phi :=
1 1   0.058476
1 2   0.00429645
1 3   0.0608743
2 1   0
2 2   0
2 3   0
3 1   0.0581494
3 2   0.00420671
3 3   0.0605301
4 1   0.347545
4 2   0.0433934
4 3   0.408898
;

l [*,1,*]
:       1           2           3        :=
1   -0.329179   -0.720088    0.13134
2    0.168495   -0.905283    0.431608
3   -0.327595   -0.720677    0.132295
4   -0.82606    -0.535188   -0.168449

 [*,2,*]
:       1           2          3        :=
1   -0.182775   -0.457149   0.643665
2    0.391313   -0.529949   0.78179
3   -0.180948   -0.45738    0.644105
4   -0.755947   -0.384464   0.50576

 [*,3,*]
:       1          2           3         :=
1   0.469422    0.506461    0.439688
2   0.0515258   0.518051    0.890204
3   0.468092    0.506497    0.441122
4   0.886652    0.494889   -0.0101092
;

W[i,j,k] :=
1 1 1   -0.329179
1 1 2   -0.720088
1 1 3    0.13134
2 1 1    0.168495
2 1 2   -0.905283
2 1 3    0.431608
3 1 1   -0.327595
3 1 2   -0.720677
3 1 3    0.132295
4 1 1   -0.82606
4 1 2   -0.535188
4 1 3   -0.168449
;

W[i,j,k] :=
1 1 4   -0.0324655
1 1 5    0.0156255
1 1 6    0.00430017
2 1 4   -0.0318621
2 1 5   -0.0126804
2 1 6   -0.014158
3 1 4   -0.0324636
3 1 5    0.0155355
3 1 6    0.00424142
4 1 4   -0.0330679
4 1 5    0.0438863
4 1 6    0.0227289
;

W[i,j,k] :=
1 2 1   -0.182775
1 2 2   -0.457149
1 2 3    0.643665
2 2 1    0.391313
2 2 2   -0.529949
2 2 3    0.78179
3 2 1   -0.180948
3 2 2   -0.45738
3 2 3    0.644105
4 2 1   -0.755947
4 2 2   -0.384464
4 2 3    0.50576
;

W[i,j,k] :=
1 2 4   -0.0169359
1 2 5   -0.00588704
1 2 6   -0.00899026
2 2 4   -0.0190544
2 2 5   -0.0438968
2 2 6   -0.0202188
3 2 4   -0.0169427
3 2 5   -0.00600801
3 2 6   -0.009026
4 2 4   -0.0148208
4 2 5    0.0320621
4 2 6    0.00222034
;

W[i,j,k] :=
1 3 1    0.469422
1 3 2    0.506461
1 3 3    0.439688
2 3 1    0.0515258
2 3 2    0.518051
2 3 3    0.890204
3 3 1    0.468092
3 3 2    0.506497
3 3 3    0.441122
4 3 1    0.886652
4 3 2    0.494889
4 3 3   -0.0101092
;

W[i,j,k] :=
1 3 4    0.0198405
1 3 5   -0.0143272
1 3 6   -0.00467926
2 3 4    0.0115482
2 3 5    0.0217025
2 3 6   -0.0132981
3 3 4    0.0198141
3 3 5   -0.0142125
3 3 6   -0.00470669
4 3 4    0.0281196
4 3 5   -0.0502994
4 3 6    0.00392583
;

f11 = 5.27464

f12 = 15

f13 = 6.353

f21 = 0.31708

f22 = 0

f23 = 0.14819

f31 = 4.49046

f32 = 13.1135

f33 = 4.79029

