solve_message = ' \
Ipopt 3.9.1: Converged to a locally infeasible point. Problem may be infeasible.'

Solve time:
_solve_time = 29.9054

Objective:
torque = 8.77479

cnh1 = 0.882443

cnh2 = 0.771043

cnh3 = -0.498532

snh1 = -0.318267

snh2 = 0.534315

snh3 = 0.794648

Hx = 0.0439486

Hy = 0.0423628

Hz = 0.0485419

cnf11 = 0.474495

cnf21 = 0.605484

cnf31 = 0.532398

cnf12 = 0.474495

cnf22 = 0.156924

cnf32 = 0.405621

cnt1 = 0.766

cnt2 = 0.546859

snf11 = 0.947024

snf21 = 0.716512

snf31 = 0.833475

snf12 = 0.947024

snf22 = 0.924865

snf32 = 0.88128

snt1 = 0.720245

snt2 = 0.848819

p :=
1 1    0.00131136
1 2    0.0299663
1 3   -0.0635134
2 1    0.00169899
2 2   -0.0343598
2 3    0.0359925
3 1   -0.0341033
3 2   -2.14927e-05
3 3    0.0561362
;

mf :=
1 1    0.0293026
1 2   -0.209975
1 3    0.844477
2 1    0.0958713
2 2    0.802613
2 3    0.121086
;

mt [*] :=
1   0.807623
2  -0.143397
3  -0.490976
;

phi :=
1 1   0.0307634
1 2   0.0457927
1 3   0.0544645
2 1   0
2 2   0
2 3   0.00526712
3 1   0.0304467
3 2   0.0455173
3 3   0.0542247
4 1   0.32154
4 2   0.254824
4 3   0.209297
;

l [*,1,*]
:       1            2          3        :=
1    0.0288201   -0.210038   0.844518
2    0.635183    -0.130641   0.792568
3    0.0307501   -0.209786   0.844353
4   -0.576576    -0.289309   0.896385

 [*,2,*]
:       1          2           3        :=
1   0.0958295   0.802701    0.120592
2   0.148367    0.69228     0.740884
3   0.0959967   0.802349    0.122566
4   0.0433762   0.912945   -0.49871

 [*,3,*]
:      1           2           3        :=
1   0.807555   -0.143903   -0.490933
2   0.893079    0.491637   -0.545065
3   0.807827   -0.14188    -0.491105
4   0.722167   -0.778428   -0.436886
;

W[i,j,k] :=
1 1 1    0.0288201
1 1 2   -0.210038
1 1 3    0.844518
2 1 1    0.635183
2 1 2   -0.130641
2 1 3    0.792568
3 1 1    0.0307501
3 1 2   -0.209786
3 1 3    0.844353
4 1 1   -0.576576
4 1 2   -0.289309
4 1 3    0.896385
;

W[i,j,k] :=
1 1 4    0.0119669
1 1 5   -0.00293793
1 1 6   -0.00113907
2 1 4    0.0154529
2 1 5   -0.041382
2 1 6   -0.0192054
3 1 4    0.011978
3 1 5   -0.00306029
3 1 6   -0.00119657
4 1 4    0.00848641
4 1 5    0.0354448
4 1 6    0.0168985
;

W[i,j,k] :=
1 2 1    0.0958295
1 2 2    0.802701
1 2 3    0.120592
2 2 1    0.148367
2 2 2    0.69228
2 2 3    0.740884
3 2 1    0.0959967
3 2 2    0.802349
3 2 3    0.122566
4 2 1    0.0433762
4 2 2    0.912945
4 2 3   -0.49871
;

W[i,j,k] :=
1 2 4   -0.0330347
1 2 5    0.00324426
1 2 6    0.00465645
2 2 4   -0.0503735
2 2 5    0.00408133
2 2 6    0.00627401
3 2 4   -0.0330899
3 2 5    0.00324692
3 2 6    0.0046616
4 2 4   -0.0157236
4 2 5    0.00240852
4 2 6    0.00304148
;

W[i,j,k] :=
1 3 1    0.807555
1 3 2   -0.143903
1 3 3   -0.490933
2 3 1    0.893079
2 3 2    0.491637
2 3 3   -0.545065
3 3 1    0.807827
3 3 2   -0.14188
3 3 3   -0.491105
4 3 1    0.722167
4 3 2   -0.778428
4 3 3   -0.436886
;

W[i,j,k] :=
1 3 4    0.00808871
1 3 5    0.0285907
1 3 6    0.00492492
2 3 4   -0.0275869
2 3 5    0.0315456
2 3 6   -0.0167473
3 3 4    0.00797517
3 3 5    0.0286001
3 3 6    0.00485594
4 3 4    0.0437074
4 3 5    0.0256404
4 3 6    0.0265625
;

f11 = 6.67003

f12 = 15

f13 = 4.86757

f21 = 7.25374

f22 = 15

f23 = -2.02252

f31 = 7.90242

f32 = 15

f33 = 2.39463

