solve_message = ' \
Ipopt 3.9.1: Converged to a locally infeasible point. Problem may be infeasible.'

Solve time:
_solve_time = 14.1181

Objective:
torque = 6.31855

cnh1 = -0.93788

cnh2 = -0.706494

cnh3 = -0.258519

snh1 = 0.0195249

snh2 = 0.617143

snh3 = 0.901758

Hx = -0.0167699

Hy = -0.0643085

Hz = 0.0170209

cnf11 = 0.709347

cnf21 = 0.807852

cnf31 = 0.560254

cnf12 = 0.709347

cnf22 = 0.741813

cnf32 = 0.585499

cnt1 = 0.377826

cnt2 = 0.460303

snf11 = 0.613862

snf21 = 0.68511

snf31 = 0.839464

snf12 = 0.613862

snf22 = 0.574206

snf32 = 0.799658

snt1 = 0.858631

snt2 = 0.868565

p :=
1 1    0.0351895
1 2    6.06088e-05
1 3    0.0472406
2 1   -0.000324845
2 2    0.0297498
2 3   -0.0629952
3 1   -0.027732
3 2    0.0149254
3 3    0.0588297
;

mf :=
1 1   -0.856624
1 2    0.0722996
1 3    0.0272018
2 1   -0.146086
2 2   -0.156363
2 3    0.765794
;

mt [*] :=
1   0.38369
2  -0.491845
3  -0.550886
;

phi :=
1 1   0.0605756
1 2   0.0610131
1 3   0.0777239
2 1   0.0211858
2 2   0.00333375
2 3   0.00918952
3 1   0.0604192
3 2   0.0607503
3 3   0.0774083
4 1   0.125836
4 2   0.20853
4 3   0.25887
;

l [*,1,*]
:       1           2            3         :=
1   -0.856607    0.0725958    0.0276121
2   -0.87715    -0.299645    -0.488019
3   -0.856673    0.071411     0.025971
4   -0.836098    0.444243     0.54242

 [*,2,*]
:       1           2          3        :=
1   -0.145718   -0.156127   0.765899
2   -0.608609   -0.452036   0.63409
3   -0.147191   -0.157069   0.765479
4    0.316434    0.13931    0.897498

 [*,3,*]
:      1           2            3        :=
1   0.383683   -0.491504    -0.551228
2   0.392188   -0.91934     -0.121944
3   0.38371    -0.492866    -0.549861
4   0.375192   -0.0643515   -0.979826
;

W[i,j,k] :=
1 1 1   -0.856607
1 1 2    0.0725958
1 1 3    0.0276121
2 1 1   -0.87715
2 1 2   -0.299645
2 1 3   -0.488019
3 1 1   -0.856673
3 1 2    0.071411
3 1 3    0.025971
4 1 1   -0.836098
4 1 2    0.444243
4 1 3    0.54242
;

W[i,j,k] :=
1 1 4   -0.0034278
1 1 5   -0.0414383
1 1 6    0.00260653
2 1 4    0.0141259
2 1 5   -0.024264
2 1 6   -0.0104912
3 1 4   -0.00337193
3 1 5   -0.0413837
3 1 6    0.00256484
4 1 4   -0.0209534
4 1 5   -0.0585853
4 1 6    0.0156834
;

W[i,j,k] :=
1 2 1   -0.145718
1 2 2   -0.156127
1 2 3    0.765899
2 2 1   -0.608609
2 2 2   -0.452036
2 2 3    0.63409
3 2 1   -0.147191
3 2 2   -0.157069
3 2 3    0.765479
4 2 1    0.316434
4 2 2    0.13931
4 2 3    0.897498
;

W[i,j,k] :=
1 2 4    0.0129501
1 2 5    0.00942833
1 2 6    0.0043858
2 2 4   -0.00961206
2 2 5    0.0385454
2 2 6    0.0182528
3 2 4    0.0128783
3 2 5    0.00952101
3 2 6    0.00442993
4 2 4    0.0354762
4 2 5   -0.0196423
4 2 6   -0.0094591
;

W[i,j,k] :=
1 3 1    0.383683
1 3 2   -0.491504
1 3 3   -0.551228
2 3 1    0.392188
2 3 2   -0.91934
2 3 3   -0.121944
3 3 1    0.38371
3 3 2   -0.492866
3 3 3   -0.549861
4 3 1    0.375192
4 3 2   -0.0643515
4 3 3   -0.979826
;

W[i,j,k] :=
1 3 4    0.0206878
1 3 5    0.00728533
1 3 6    0.00790377
2 3 4    0.0522644
2 3 5    0.0196905
2 3 6    0.0196415
3 3 4    0.0207883
3 3 5    0.00732482
3 3 6    0.00794113
4 3 4   -0.0108385
4 3 5   -0.00510008
4 3 6   -0.00381529
;

f11 = 8.23013

f12 = 15

f13 = -0.668908

f21 = 0.24154

f22 = 4.21872

f23 = -2.10336

f31 = 2.56847

f32 = 15

f33 = -7.84764

