solve_message = ' \
Ipopt 3.9.1: Converged to a locally infeasible point. Problem may be infeasible.'

Solve time:
_solve_time = 25.7246

Objective:
torque = 8.81212

cnh1 = 0.812392

cnh2 = 0.575979

cnh3 = 0.193884

snh1 = -0.67972

snh2 = 0.740438

snh3 = 0.917828

Hx = 0.0649463

Hy = 0.0597425

Hz = -0.0146909

cnf11 = 0.455619

cnf21 = 0.58439

cnf31 = 0.481108

cnf12 = 0.455619

cnf22 = 0.238578

cnf32 = 0.4126

cnt1 = 0.766

cnt2 = 0.552085

snf11 = 0.820007

snf21 = 0.857579

snf31 = 0.886433

snf12 = 0.820007

snf22 = 0.928755

snf32 = 0.891853

snt1 = 0.704293

snt2 = 0.843682

p :=
1 1   -0.0263944
1 2   -0.0175921
1 3   -0.0617905
2 1    0.00879371
2 2   -0.0333038
2 3    0.0106929
3 1   -0.0297617
3 2    0.0085492
3 3    0.0626689
;

mf :=
1 1    0.566461
1 2    0.337619
1 3    0.66387
2 1   -0.0910573
2 2    0.870527
2 3   -0.138805
;

mt [*] :=
1   0.572889
2  -0.27229
3  -0.793681
;

phi :=
1 1   0.0209721
1 2   0.0401934
1 3   0.0613911
2 1   0
2 2   0
2 3   0.00632512
3 1   0.0206725
3 2   0.0399065
3 3   0.0611302
4 1   0.32276
4 2   0.259931
4 3   0.211874
;

l [*,1,*]
:       1          2          3        :=
1   0.566062    0.337476   0.664205
2   1.06687     0.51717    0.244126
3   0.567656    0.338048   0.662868
4   0.0660525   0.158069   1.08361

 [*,2,*]
:       1           2           3        :=
1   -0.0913739   0.870379   -0.139144
2    0.306497    1.05677     0.287015
3   -0.0901076   0.870972   -0.137788
4   -0.48861     0.684286   -0.564623

 [*,3,*]
:      1           2           3        :=
1   0.57298    -0.272789   -0.793472
2   0.458344    0.353433   -1.05601
3   0.572615   -0.270796   -0.794308
4   0.687434   -0.898011   -0.531349
;

W[i,j,k] :=
1 1 1   0.566062
1 1 2   0.337476
1 1 3   0.664205
2 1 1   1.06687
2 1 2   0.51717
2 1 3   0.244126
3 1 1   0.567656
3 1 2   0.338048
3 1 3   0.662868
4 1 1   0.0660525
4 1 2   0.158069
4 1 3   1.08361
;

W[i,j,k] :=
1 1 4    0.00916806
1 1 5   -0.017446
1 1 6    0.00105072
2 1 4    0.0276615
2 1 5   -0.0594789
2 1 6    0.00511807
3 1 4    0.00922693
3 1 5   -0.0175797
3 1 6    0.00106366
4 1 4   -0.00929584
4 1 5    0.0245199
4 1 6   -0.00301014
;

W[i,j,k] :=
1 2 1   -0.0913739
1 2 2    0.870379
1 2 3   -0.139144
2 2 1    0.306497
2 2 2    1.05677
2 2 3    0.287015
3 2 1   -0.0901076
3 2 2    0.870972
3 2 3   -0.137788
4 2 1   -0.48861
4 2 2    0.684286
4 2 3   -0.564623
;

W[i,j,k] :=
1 2 4   -0.00467288
1 2 5    0.000246537
1 2 6    0.00461076
2 2 4   -0.0208586
2 2 5    0.000753418
2 2 6    0.0195004
3 2 4   -0.0047244
3 2 5    0.00024815
3 2 6    0.00465816
4 2 4    0.0114871
4 2 5   -0.000259536
4 2 6   -0.0102551
;

W[i,j,k] :=
1 3 1    0.57298
1 3 2   -0.272789
1 3 3   -0.793472
2 3 1    0.458344
2 3 2    0.353433
2 3 3   -1.05601
3 3 1    0.572615
3 3 2   -0.270796
3 3 3   -0.794308
4 3 1    0.687434
4 3 2   -0.898011
4 3 3   -0.531349
;

W[i,j,k] :=
1 3 4    0.0103118
1 3 5    0.0122929
1 3 6    0.00322013
2 3 4   -0.0311773
2 3 5   -0.0027049
2 3 6   -0.0144372
3 3 4    0.0101798
3 3 5    0.0122452
3 3 6    0.00316393
4 3 4    0.0517347
4 3 5    0.0272669
4 3 6    0.0208493
;

f11 = 8.09455

f12 = 15

f13 = 1.6312

f21 = 7.08841

f22 = 15

f23 = -4.2352

f31 = 8.16188

f32 = 15

f33 = -1.25152

