solve_message = ' \
Ipopt 3.9.1: Converged to a locally infeasible point. Problem may be infeasible.'

Solve time:
_solve_time = 33.1658

Objective:
torque = 8.81212

cnh1 = 0.679719

cnh2 = 0.575979

cnh3 = 0.193883

snh1 = 0.812393

snh2 = 0.740438

snh3 = 0.917829

Hx = -0.0597424

Hy = 0.0649464

Hz = -0.0146909

cnf11 = 0.455618

cnf21 = 0.58439

cnf31 = 0.481108

cnf12 = 0.455618

cnf22 = 0.238577

cnf32 = 0.412599

cnt1 = 0.766

cnt2 = 0.552086

snf11 = 0.820008

snf21 = 0.857581

snf31 = 0.886434

snf12 = 0.820008

snf22 = 0.928755

snf32 = 0.891853

snt1 = 0.704291

snt2 = 0.843682

p :=
1 1    0.0175921
1 2   -0.0263944
1 3   -0.0617904
2 1    0.0333038
2 2    0.00879364
2 3    0.0106928
3 1   -0.00854931
3 2   -0.0297617
3 3    0.0626689
;

mf :=
1 1   -0.337619
1 2    0.566463
1 3    0.66387
2 1   -0.870527
2 2   -0.0910555
2 3   -0.138805
;

mt [*] :=
1   0.272292
2   0.572887
3  -0.79368
;

phi :=
1 1   0.0107653
1 2   0.0408518
1 3   0.0494498
2 1   0
2 2   0
2 3   0
3 1   0.0104706
3 2   0.0405244
3 3   0.0491735
4 1   0.339686
4 2   0.291676
4 3   0.242026
;

l [*,1,*]
:       1           2          3        :=
1   -0.337476   0.566065    0.664205
2   -0.51717    1.06687     0.244125
3   -0.338048   0.567659    0.662868
4   -0.158068   0.0660551   1.08361

 [*,2,*]
:       1           2            3        :=
1   -0.870379   -0.0913721   -0.139144
2   -1.05677     0.306498     0.287016
3   -0.870972   -0.0901057   -0.137787
4   -0.684287   -0.488607    -0.564624

 [*,3,*]
:       1          2           3        :=
1    0.27279    0.572979   -0.793471
2   -0.353431   0.458343   -1.05601
3    0.270797   0.572614   -0.794307
4    0.898012   0.687431   -0.531348
;

W[i,j,k] :=
1 1 1   -0.337476
1 1 2    0.566065
1 1 3    0.664205
2 1 1   -0.51717
2 1 2    1.06687
2 1 3    0.244125
3 1 1   -0.338048
3 1 2    0.567659
3 1 3    0.662868
4 1 1   -0.158068
4 1 2    0.0660551
4 1 3    1.08361
;

W[i,j,k] :=
1 1 4    0.0174461
1 1 5    0.00916804
1 1 6    0.00105077
2 1 4    0.059479
2 1 5    0.0276615
2 1 6    0.0051181
3 1 4    0.0175798
3 1 5    0.0092269
3 1 6    0.00106371
4 1 4   -0.0245198
4 1 5   -0.00929592
4 1 6   -0.00301008
;

W[i,j,k] :=
1 2 1   -0.870379
1 2 2   -0.0913721
1 2 3   -0.139144
2 2 1   -1.05677
2 2 2    0.306498
2 2 3    0.287016
3 2 1   -0.870972
3 2 2   -0.0901057
3 2 3   -0.137787
4 2 1   -0.684287
4 2 2   -0.488607
4 2 3   -0.564624
;

W[i,j,k] :=
1 2 4   -0.000246556
1 2 5   -0.00467278
1 2 6    0.00461076
2 2 4   -0.000753405
2 2 5   -0.0208586
2 2 6    0.0195004
3 2 4   -0.000248169
3 2 5   -0.0047243
3 2 6    0.00465816
4 2 4    0.000259484
4 2 5    0.0114872
4 2 6   -0.0102551
;

W[i,j,k] :=
1 3 1    0.27279
1 3 2    0.572979
1 3 3   -0.793471
2 3 1   -0.353431
2 3 2    0.458343
2 3 3   -1.05601
3 3 1    0.270797
3 3 2    0.572614
3 3 3   -0.794307
4 3 1    0.898012
4 3 2    0.687431
4 3 3   -0.531348
;

W[i,j,k] :=
1 3 4   -0.0122929
1 3 5    0.0103118
1 3 6    0.00322011
2 3 4    0.00270488
2 3 5   -0.0311773
2 3 6   -0.0144372
3 3 4   -0.0122452
3 3 5    0.0101798
3 3 6    0.00316391
4 3 4   -0.0272668
4 3 5    0.0517347
4 3 6    0.0208493
;

f11 = 8.09454

f12 = 15

f13 = 1.63121

f21 = 7.08842

f22 = 15

f23 = -4.23518

f31 = 8.16187

f32 = 15

f33 = -1.25152

