solve_message = ' \
Ipopt 3.9.1: Converged to a locally infeasible point. Problem may be infeasible.'

Solve time:
_solve_time = 13.2289

Objective:
torque = 6.38732

cnh1 = 0.801648

cnh2 = 0.937999

cnh3 = 0.173249

snh1 = -0.487196

snh2 = 0.012547

snh3 = 1.04498

Hx = 0.040343

Hy = 0.0459796

Hz = 0.012972

cnf11 = 1

cnf21 = 0.135717

cnf31 = 0.401361

cnf12 = 1

cnf22 = 0.205211

cnf32 = 0.354273

cnt1 = 0.766

cnt2 = 0.585074

snf11 = 0

snf21 = 0.928214

snf31 = 0.881131

snf12 = 0

snf22 = 0.994109

snf32 = 0.949231

snt1 = 0.596655

snt2 = 0.811429

p :=
1 1    0.00551763
1 2   -0.0340004
1 3    0.00244475
2 1    0.00511943
2 2   -0.0331818
2 3    0.0518127
3 1   -0.0325848
3 2    0.0140892
3 3    0.0294046
;

mf :=
1 1   -0.00618399
1 2    0.875896
1 3   -0.135958
2 1    0.00848824
2 2    0.997883
2 3   -0.11378
;

mt [*] :=
1   0.760401
2  -0.447159
3  -0.0146982
;

phi :=
1 1   0.0795787
1 2   0
1 3   0.0431293
2 1   0.0773715
2 2   0
2 3   0
3 1   0.0794747
3 2   0
3 3   0.0427585
4 1   0.249576
4 2   0.167399
4 3   0.426023
;

l [*,1,*]
:        1           2           3        :=
1   -0.00655502   0.875814   -0.136346
2    0.459742     0.978433    0.352316
3   -0.0050709    0.876141   -0.134791
4   -0.472108     0.77336    -0.624229

 [*,2,*]
:        1           2           3        :=
1    0.00805153   0.997821   -0.11414
2    0.556896     1.07581     0.338233
3    0.00979838   0.998069   -0.1127
4   -0.539917     0.919957   -0.565791

 [*,3,*]
:      1           2           3         :=
1   0.76024    -0.447443   -0.0142432
2   0.962339   -0.09002    -0.586163
3   0.760883   -0.446306   -0.0160635
4   0.558464   -0.804297    0.556765
;

W[i,j,k] :=
1 1 1   -0.00655502
1 1 2    0.875814
1 1 3   -0.136346
2 1 1    0.459742
2 1 2    0.978433
2 1 3    0.352316
3 1 1   -0.0050709
3 1 2    0.876141
3 1 3   -0.134791
4 1 1   -0.472108
4 1 2    0.77336
4 1 3   -0.624229
;

W[i,j,k] :=
1 1 4    0.00249468
1 1 5    0.000736284
1 1 6    0.00460954
2 1 4   -0.0143709
2 1 5   -0.000819991
2 1 6    0.02103
3 1 4    0.002441
3 1 5    0.00073133
3 1 6    0.00466181
4 1 4    0.0193333
4 1 5    0.00229008
4 1 6   -0.0117847
;

W[i,j,k] :=
1 2 1    0.00805153
1 2 2    0.997821
1 2 3   -0.11414
2 2 1    0.556896
2 2 2    1.07581
2 2 3    0.338233
3 2 1    0.00979838
3 2 2    0.998069
3 2 3   -0.1127
4 2 1   -0.539917
4 2 2    0.919957
4 2 3   -0.565791
;

W[i,j,k] :=
1 2 4   -0.0479124
1 2 5    0.0010015
1 2 6    0.00537544
2 2 4   -0.0669637
2 2 5    0.0271227
2 2 6    0.0239863
3 2 4   -0.047973
3 2 5    0.00108464
3 2 6    0.00543467
4 2 4   -0.0288914
4 2 5   -0.025078
4 2 6   -0.0132058
;

W[i,j,k] :=
1 3 1    0.76024
1 3 2   -0.447443
1 3 3   -0.0142432
2 3 1    0.962339
2 3 2   -0.09002
2 3 3   -0.586163
3 3 1    0.760883
3 3 2   -0.446306
3 3 3   -0.0160635
4 3 1    0.558464
4 3 2   -0.804297
4 3 3    0.556765
;

W[i,j,k] :=
1 3 4    0.0129562
1 3 5    0.0218904
1 3 6    0.00386866
2 3 4   -0.00561157
2 3 5    0.00919716
2 3 6   -0.0106253
3 3 4    0.0128971
3 3 5    0.02185
3 3 6    0.00382253
4 3 4    0.0314944
4 3 5    0.0345634
4 3 6    0.0183395
;

f11 = 8.17528

f12 = 15

f13 = -1.16075

f21 = 1.49803

f22 = 4.09573

f23 = -1.43863

f31 = 7.93739

f32 = 15

f33 = -2.27603

