solve_message = ' \
Ipopt 3.9.1: Converged to a locally infeasible point. Problem may be infeasible.'

Solve time:
_solve_time = 3.93123

Objective:
torque = 7.87762

cnh1 = 0.803166

cnh2 = -0.738455

cnh3 = 0.629783

snh1 = 0.48469

snh2 = -0.57852

snh3 = 0.69525

Hx = 0.0100535

Hy = 0.0515974

Hz = -0.00226449

cnf11 = 0.751597

cnf21 = 0.266639

cnf31 = 0.430672

cnf12 = 0.751597

cnf22 = 0.818551

cnf32 = 0.622043

cnt1 = 0.290743

cnt2 = 0.436769

snf11 = 0.561339

snf21 = 0.899391

snf31 = 0.877916

snf12 = 0.561339

snf22 = 0.45823

snf32 = 0.772724

snt1 = 0.89189

snt2 = 0.876352

p :=
1 1    0.00475684
1 2   -0.0341151
1 3   -0.01196
2 1    0.0313936
2 2   -0.00952971
2 3   -0.0555345
3 1    0.0315609
3 2   -0.004604
3 3   -0.0615499
;

mf :=
1 1    0.0279186
1 2    0.771556
1 3   -0.135494
2 1    0.739508
2 2   -0.0272721
2 3   -0.206654
;

mt [*] :=
1  -0.411196
2   0.250519
3   0.677208
;

phi :=
1 1   0.0478162
1 2   0.0950601
1 3   0.0238716
2 1   0.0262662
2 2   0.0375027
2 3   0
3 1   0.0477371
3 2   0.0948045
3 3   0.0235613
4 1   0.076942
4 2   0.232524
4 3   0.34516
;

l [*,1,*]
:       1           2           3        :=
1    0.0282752   0.77148    -0.135779
2   -0.419846    0.866663    0.22237
3    0.0268489   0.771783   -0.134639
4    0.475681    0.676448   -0.493357

 [*,2,*]
:      1           2            3         :=
1   0.739531   -0.0277195   -0.206532
2   0.711429    0.534536    -0.359974
3   0.739441   -0.02593     -0.207021
4   0.767588   -0.589078    -0.0533356

 [*,3,*]
:       1            2          3        :=
1   -0.411589    0.250361    0.677035
2    0.0827903   0.449029    0.894388
3   -0.410016    0.250993    0.677727
4   -0.90518     0.0520093   0.460028
;

W[i,j,k] :=
1 1 1    0.0282752
1 1 2    0.77148
1 1 3   -0.135779
2 1 1   -0.419846
2 1 2    0.866663
2 1 3    0.22237
3 1 1    0.0268489
3 1 2    0.771783
3 1 3   -0.134639
4 1 1    0.475681
4 1 2    0.676448
4 1 3   -0.493357
;

W[i,j,k] :=
1 1 4    0.013859
1 1 5    0.000307708
1 1 6    0.00463442
2 1 4    0.00277912
2 1 5    0.00396358
2 1 6   -0.0102005
3 1 4    0.0138238
3 1 5    0.000319344
3 1 6    0.0045872
4 1 4    0.0249213
4 1 5   -0.00334233
4 1 6    0.0194457
;

W[i,j,k] :=
1 2 1    0.739531
1 2 2   -0.0277195
1 2 3   -0.206532
2 2 1    0.711429
2 2 2    0.534536
2 2 3   -0.359974
3 2 1    0.739441
3 2 2   -0.02593
3 2 3   -0.207021
4 2 1    0.767588
4 2 2   -0.589078
4 2 3   -0.0533356
;

W[i,j,k] :=
1 2 4    0.000428807
1 2 5   -0.0345857
1 2 6    0.0061773
2 2 4    0.0331156
2 2 5   -0.028208
2 2 6    0.0235607
3 2 4    0.000532842
3 2 5   -0.0345654
3 2 6    0.00623263
4 2 4   -0.0322059
4 2 5   -0.0409532
4 2 6   -0.0111784
;

W[i,j,k] :=
1 3 1   -0.411589
1 3 2    0.250361
1 3 3    0.677035
2 3 1    0.0827903
2 3 2    0.449029
2 3 3    0.894388
3 3 1   -0.410016
3 3 2    0.250993
3 3 3    0.677727
4 3 1   -0.90518
4 3 2    0.0520093
4 3 3    0.460028
;

W[i,j,k] :=
1 3 4    0.0122926
1 3 5    0.00396546
1 3 6    0.00600666
2 3 4    0.02352
2 3 5   -0.0333234
2 3 6    0.0145529
3 3 4    0.0123284
3 3 5    0.00384678
3 3 6    0.00603386
4 3 4    0.0010832
4 3 5    0.0411949
4 3 6   -0.00252599
;

f11 = 7.78433

f12 = 15

f13 = -2.7544

f21 = 6.73294

f22 = 15

f23 = 4.78016

f31 = 7.96955

f32 = 15

f33 = 2.16074

