solve_message = ' \
Ipopt 3.9.1: Converged to a locally infeasible point. Problem may be infeasible.'

Solve time:
_solve_time = 5.97484

Objective:
torque = 5.75958

cnh1 = -0.825337

cnh2 = 0.900146

cnh3 = -0.482304

snh1 = 0.445891

snh2 = 0.264079

snh3 = -0.804601

Hx = 0.0232714

Hy = 0.0481165

Hz = 0.00714183

cnf11 = 0.932738

cnf21 = 0.855496

cnf31 = 0.581768

cnf12 = 0.932738

cnf22 = 0.500924

cnf32 = 0.497301

cnt1 = 0.292074

cnt2 = 0.402247

snf11 = 0

snf21 = 0.624601

snf31 = 0.823905

snf12 = 0

snf22 = 0.793143

snf32 = 0.852294

snt1 = 0.955076

snt2 = 0.914977

p :=
1 1   -0.0316853
1 2    0.0114106
1 3   -0.0510703
2 1   -0.0326465
2 2    0.00676611
2 3   -0.0587273
3 1    0.0166517
3 2   -0.0301461
3 3   -0.0280258
;

mf :=
1 1    0.702811
1 2   -0.420119
1 3    0.34783
2 1    0.709511
2 2    0.02514
2 3    0.328156
;

mt [*] :=
1  -0.292101
2   0.806705
3   0.156355
;

phi :=
1 1   0.0662782
1 2   0.0137906
1 3   0.0523426
2 1   0
2 2   0
2 3   0
3 1   0.0659232
3 2   0.0137122
3 3   0.0519616
4 1   0.326968
4 2   0.0444547
4 3   0.402112
;

l [*,1,*]
:      1           2           3        :=
1   0.702533   -0.420525    0.347906
2   1.05198     0.0897116   0.252448
3   0.703645   -0.418901    0.347602
4   0.353642   -0.929949    0.443211

 [*,2,*]
:      1           2           3        :=
1   0.709437    0.0247172   0.328323
2   0.802375    0.556143    0.118361
3   0.709733    0.0264086   0.327654
4   0.616647   -0.505861    0.53795

 [*,3,*]
:       1          2           3        :=
1   -0.292235   0.806759    0.155875
2   -0.123729   0.73804     0.759761
3   -0.291698   0.806541    0.157797
4   -0.460472   0.875369   -0.447048
;

W[i,j,k] :=
1 1 1    0.702533
1 1 2   -0.420525
1 1 3    0.347906
2 1 1    1.05198
2 1 2    0.0897116
2 1 3    0.252448
3 1 1    0.703645
3 1 2   -0.418901
3 1 3    0.347602
4 1 1    0.353642
4 1 2   -0.929949
4 1 3    0.443211
;

W[i,j,k] :=
1 1 4   -0.0175066
1 1 5   -0.024855
1 1 6    0.0053082
2 1 4    0.00746217
2 1 5   -0.0457261
2 1 6   -0.0148462
3 1 4   -0.0174271
3 1 5   -0.0249215
3 1 6    0.00524405
4 1 4   -0.0424354
4 1 5   -0.0040173
4 1 6    0.0254305
;

W[i,j,k] :=
1 2 1    0.709437
1 2 2    0.0247172
1 2 3    0.328323
2 2 1    0.802375
2 2 2    0.556143
2 2 3    0.118361
3 2 1    0.709733
3 2 2    0.0264086
3 2 3    0.327654
4 2 1    0.616647
4 2 2   -0.505861
4 2 3    0.53795
;

W[i,j,k] :=
1 2 4    0.00367304
1 2 5   -0.0309447
1 2 6   -0.00560706
2 2 4    0.0334616
2 2 5   -0.0432572
2 2 6   -0.0235851
3 2 4    0.00376785
3 2 5   -0.0309839
3 2 6   -0.00566428
4 2 4   -0.026068
4 2 5   -0.0186519
4 2 6    0.0123423
;

W[i,j,k] :=
1 3 1   -0.292235
1 3 2    0.806759
1 3 3    0.155875
2 3 1   -0.123729
2 3 2    0.73804
2 3 3    0.759761
3 3 1   -0.291698
3 3 2    0.806541
3 3 3    0.157797
4 3 1   -0.460472
4 3 2    0.875369
4 3 3   -0.447048
;

W[i,j,k] :=
1 3 4    0.017911
1 3 5    0.00559452
1 3 6    0.00462419
2 3 4   -0.0022197
2 3 5   -0.00918372
2 3 6    0.00855968
3 3 4    0.017847
3 3 5    0.00554748
3 3 6    0.00463672
4 3 4    0.0380097
4 3 5    0.0203492
4 3 6    0.000694976
;

f11 = 7.87417

f12 = 15

f13 = 2.48594

f21 = -0.430323

f22 = 1.89764

f23 = 0.913829

f31 = 5.35186

f32 = 14.0324

f33 = 4.55021

