solve_message = ' \
Ipopt 3.9.1: Converged to a locally infeasible point. Problem may be infeasible.'

Solve time:
_solve_time = 5.89684

Objective:
torque = 5.33821

cnh1 = 0.147847

cnh2 = -0.937891

cnh3 = 0.361744

snh1 = -0.926359

snh2 = -0.0189735

snh3 = 0.86553

Hx = 0.0888429

Hy = -0.0438266

Hz = 0.081909

cnf11 = 0.932738

cnf21 = 0.84832

cnf31 = 0.610474

cnf12 = 0.932738

cnf22 = 0.880871

cnf32 = 0.593903

cnt1 = -0.0800879

cnt2 = 0.371367

snf11 = 0

snf21 = 0.514474

snf31 = 0.790777

snf12 = 0

snf22 = 0.588273

snf32 = 0.814815

snt1 = 0.934658

snt2 = 0.861444

p :=
1 1   -3.19306e-05
1 2    0.0351607
1 3    0.0477392
2 1   -6.05107e-05
2 2    0.0343501
2 3    0.0396668
3 1    0.0315194
3 2    0.00586952
3 3    0.0576745
;

mf :=
1 1    0.00547403
1 2   -0.818422
1 3    0.0248475
2 1    0.138343
2 2   -0.86278
2 3   -0.120378
;

mt [*] :=
1  0.631697
2  0.343159
3  0.288538
;

phi :=
1 1   0.0604744
1 2   0.00277334
1 3   0.0539727
2 1   0
2 2   0
2 3   0
3 1   0.0601037
3 2   0.00265334
3 3   0.053582
4 1   0.339897
4 2   0.0531612
4 3   0.414467
;

l [*,1,*]
:        1            2           3         :=
1    0.00502588   -0.818425    0.0250139
2    0.568234     -0.815315   -0.184085
3    0.00681845   -0.818415    0.0243484
4   -0.557284     -0.821529    0.233779

 [*,2,*]
:       1           2           3        :=
1    0.137881   -0.862878   -0.12022
2    0.718468   -0.740021   -0.319156
3    0.139728   -0.862487   -0.120853
4   -0.441781   -0.985539    0.078399

 [*,3,*]
:      1           2            3        :=
1   0.631695    0.343462     0.288183
2   0.634878   -0.0369676    0.733681
3   0.631705    0.342251     0.289601
4   0.628516    0.723285    -0.156604
;

W[i,j,k] :=
1 1 1    0.00502588
1 1 2   -0.818425
1 1 3    0.0250139
2 1 1    0.568234
2 1 2   -0.815315
2 1 3   -0.184085
3 1 1    0.00681845
3 1 2   -0.818415
3 1 3    0.0243484
4 1 1   -0.557284
4 1 2   -0.821529
4 1 3    0.233779
;

W[i,j,k] :=
1 1 4    0.0399504
1 1 5    0.000240728
1 1 6   -0.000150581
2 1 4    0.0324499
2 1 5    0.0271212
2 1 6   -0.0199535
3 1 4    0.0399265
3 1 5    0.000326282
3 1 6   -0.000213609
4 1 4    0.047439
4 1 5   -0.0265968
4 1 6    0.0196208
;

W[i,j,k] :=
1 2 1    0.137881
1 2 2   -0.862878
1 2 3   -0.12022
2 2 1    0.718468
2 2 2   -0.740021
2 2 3   -0.319156
3 2 1    0.139728
3 2 2   -0.862487
3 2 3   -0.120853
4 2 1   -0.441781
4 2 2   -0.985539
4 2 3    0.078399
;

W[i,j,k] :=
1 2 4    0.0300981
1 2 5    0.005462
1 2 6   -0.004684
2 2 4    0.0183912
2 2 5    0.02848
2 2 6   -0.0246347
3 2 4    0.0300608
3 2 5    0.00553526
3 2 6   -0.0047475
4 2 4    0.0417862
4 2 5   -0.0175193
4 2 6    0.0152349
;

W[i,j,k] :=
1 3 1    0.631695
1 3 2    0.343462
1 3 3    0.288183
2 3 1    0.634878
2 3 2   -0.0369676
2 3 3    0.733681
3 3 1    0.631705
3 3 2    0.342251
3 3 3    0.289601
4 3 1    0.628516
4 3 2    0.723285
4 3 3   -0.156604
;

W[i,j,k] :=
1 3 4   -0.0181175
1 3 5    0.0273493
1 3 6    0.00711798
2 3 4    0.00643845
2 3 5    0.0134911
2 3 6   -0.00489163
3 3 4   -0.0180393
3 3 5    0.0273052
3 3 6    0.00707976
4 3 4   -0.0426343
4 3 5    0.0411854
4 3 6    0.0191084
;

f11 = 8.25239

f12 = 15

f13 = 0.283823

f21 = 0.347544

f22 = 0

f23 = -0.0413883

f31 = 7.05444

f32 = 14.3096

f33 = 1.24331

