solve_message = ' \
Ipopt 3.9.1: Converged to a locally infeasible point. Problem may be infeasible.'

Solve time:
_solve_time = 19.7029

Objective:
torque = 5.55299

cnh1 = 0.604863

cnh2 = -0.928556

cnh3 = 0.592767

snh1 = 0.717036

snh2 = -0.133352

snh3 = 0.727067

Hx = -0.0226343

Hy = 0.0404761

Hz = 0.00579046

cnf11 = 0.932738

cnf21 = 0.811314

cnf31 = 0.56986

cnf12 = 0.932738

cnf22 = 0.439879

cnf32 = 0.478413

cnt1 = 0.228866

cnt2 = 0.412966

snf11 = 0

snf21 = 0.653176

snf31 = 0.829405

snf12 = 0

snf22 = 0.828557

snf32 = 0.861118

snt1 = 0.926154

snt2 = 0.889304

p :=
1 1   -0.0194395
1 2   -0.0297095
1 3   -0.0265278
2 1   -0.0129234
2 2   -0.0305993
2 3   -0.0538501
3 1    0.0315829
3 2    0.00998719
3 3   -0.0542766
;

mf :=
1 1    0.56046
1 2    0.658268
1 3   -0.0157271
2 1    0.1304
2 2    0.753549
2 3    0.12813
;

mt [*] :=
1  -0.674381
2  -0.0281902
3   0.479465
;

phi :=
1 1   0.0519657
1 2   0.0100784
1 3   0.0464962
2 1   0
2 2   0
2 3   0
3 1   0.0516113
3 2   0.00996795
3 3   0.0461002
4 1   0.304288
4 2   0.109504
4 3   0.435964
;

l [*,1,*]
:       1          2           3         :=
1   0.560832    0.657946   -0.0157019
2   0.0928028   1.06227    -0.0473646
3   0.559343    0.659233   -0.0158027
4   1.02811     0.25427     0.0159103

 [*,2,*]
:       1          2           3        :=
1    0.130843   0.753445   0.128167
2   -0.426387   0.884      0.0815435
3    0.12907    0.75386    0.128019
4    0.687184   0.623098   0.174716

 [*,3,*]
:       1           2            3        :=
1   -0.674626   -0.0283842   0.479106
2   -0.366528    0.215487    0.929684
3   -0.673645   -0.027608    0.48054
4   -0.982232   -0.271867    0.0292476
;

W[i,j,k] :=
1 1 1    0.560832
1 1 2    0.657946
1 1 3   -0.0157019
2 1 1    0.0928028
2 1 2    1.06227
2 1 3   -0.0473646
3 1 1    0.559343
3 1 2    0.659233
3 1 3   -0.0158027
4 1 1    1.02811
4 1 2    0.25427
4 1 3    0.0159103
;

W[i,j,k] :=
1 1 4    0.0179203
1 1 5   -0.0151829
1 1 6    0.00387191
2 1 4    0.0295868
2 1 5   -0.00338259
2 1 6   -0.0178928
3 1 4    0.0179575
3 1 5   -0.0151453
3 1 6    0.00380264
4 1 4    0.00627254
4 1 5   -0.0269643
4 1 6    0.0256019
;

W[i,j,k] :=
1 2 1    0.130843
1 2 2    0.753445
1 2 3    0.128167
2 2 1   -0.426387
2 2 2    0.884
2 2 3    0.0815435
3 2 1    0.12907
3 2 2    0.75386
3 2 3    0.128019
4 2 1    0.687184
4 2 2    0.623098
4 2 3    0.174716
;

W[i,j,k] :=
1 2 4    0.0366512
1 2 5   -0.00538956
1 2 6   -0.00573337
2 2 4    0.0451083
2 2 5    0.0240148
2 2 6   -0.0244714
3 2 4    0.0366782
3 2 5   -0.00529598
3 2 6   -0.005793
4 2 4    0.0282077
4 2 5   -0.034747
4 2 6    0.0129748
;

W[i,j,k] :=
1 3 1   -0.674626
1 3 2   -0.0283842
1 3 3    0.479106
2 3 1   -0.366528
2 3 2    0.215487
2 3 3    0.929684
3 3 1   -0.673645
3 3 2   -0.027608
3 3 3    0.48054
4 3 1   -0.982232
4 3 2   -0.271867
4 3 3    0.0292476
;

W[i,j,k] :=
1 3 4    0.00324433
1 3 5    0.0214848
1 3 6    0.00584116
2 3 4    0.0209809
2 3 5   -0.00946821
2 3 6    0.0104663
3 3 4    0.00330078
3 3 5    0.0213863
3 3 6    0.00585588
4 3 4   -0.0144639
4 3 5    0.0523885
4 3 6    0.0012234
;

f11 = 7.35325

f12 = 15

f13 = 3.75662

f21 = 0.339053

f22 = 0

f23 = 0.0868492

f31 = 5.0453

f32 = 13.8426

f33 = 4.7507

