solve_message = ' \
Ipopt 3.9.1: Converged to a locally infeasible point. Problem may be infeasible.'

Solve time:
_solve_time = 15.5533

Objective:
torque = 7.35443

cnh1 = -0.869998

cnh2 = -0.601706

cnh3 = -0.0810519

snh1 = 0.350861

snh2 = -0.719687

snh3 = 0.934575

Hx = -0.0260468

Hy = -0.0594718

Hz = -0.0370479

cnf11 = 0.646362

cnf21 = 0.748077

cnf31 = 0.588236

cnf12 = 0.646362

cnf22 = 0.825063

cnf32 = 0.567863

cnt1 = 0.344602

cnt2 = 0.451057

snf11 = 0.679865

snf21 = 0.566022

snf31 = 0.797745

snf12 = 0.679865

snf22 = 0.664283

snf32 = 0.834039

snt1 = 0.872496

snt2 = 0.871914

p :=
1 1   -0.0250075
1 2    0.0147599
1 3    0.0641271
2 1    0.0352734
2 2   -0.00356385
2 3   -0.0380046
3 1   -0.0192191
3 2    0.0252359
3 3   -0.0584026
;

mf :=
1 1    0.0700818
1 2    0.0126916
1 3   -0.7885
2 1   -0.828604
2 2    0.193947
2 3   -0.0924496
;

mt [*] :=
1   0.195537
2  -0.651066
3   0.469949
;

phi :=
1 1   0.0773687
1 2   0.0511871
1 3   0.0747535
2 1   0.0432303
2 2   0
2 3   0.0180672
3 1   0.0772346
3 2   0.0509315
3 3   0.0744904
4 1   0.131914
4 2   0.20387
4 3   0.228868
;

l [*,1,*]
:       1            2            3        :=
1    0.0698851    0.0131      -0.788536
2    0.317041    -0.500174    -0.743393
3    0.0706718    0.0114664   -0.788392
4   -0.176876     0.525556    -0.833607

 [*,2,*]
:       1           2           3         :=
1   -0.828529    0.194295   -0.0920921
2   -0.92358    -0.242421   -0.541267
3   -0.828831    0.192905   -0.0935218
4   -0.733628    0.630314    0.356366

 [*,3,*]
:       1           2          3        :=
1    0.195984   -0.650953   0.469912
2   -0.365871   -0.793678   0.51638
3    0.194196   -0.651407   0.47006
4    0.756943   -0.508455   0.423518
;

W[i,j,k] :=
1 1 1    0.0698851
1 1 2    0.0131
1 1 3   -0.788536
2 1 1    0.317041
2 1 2   -0.500174
2 1 3   -0.743393
3 1 1    0.0706718
3 1 2    0.0114664
3 1 3   -0.788392
4 1 1   -0.176876
4 1 2    0.525556
4 1 3   -0.833607
;

W[i,j,k] :=
1 1 4   -0.0124788
1 1 5   -0.0152378
1 1 6   -0.00135909
2 1 4    0.0211024
2 1 5    0.00174047
2 1 6    0.00782866
3 1 4   -0.0123719
3 1 5   -0.0151838
3 1 6   -0.00132985
4 1 4   -0.0460063
4 1 5   -0.032189
4 1 6   -0.0105322
;

W[i,j,k] :=
1 2 1   -0.828529
1 2 2    0.194295
1 2 3   -0.0920921
2 2 1   -0.92358
2 2 2   -0.242421
2 2 3   -0.541267
3 2 1   -0.828831
3 2 2    0.192905
3 2 3   -0.0935218
4 2 1   -0.733628
4 2 2    0.630314
4 2 3    0.356366
;

W[i,j,k] :=
1 2 4    0.00771231
1 2 5    0.0347363
1 2 6    0.00390069
2 2 4   -0.00728414
2 2 5    0.0541926
2 2 6   -0.0118425
3 2 4    0.00766458
3 2 5    0.0347983
3 2 6    0.00385058
4 2 4    0.0226848
4 2 5    0.0153111
4 2 6    0.0196188
;

W[i,j,k] :=
1 3 1    0.195984
1 3 2   -0.650953
1 3 3    0.469912
2 3 1   -0.365871
2 3 2   -0.793678
2 3 3    0.51638
3 3 1    0.194196
3 3 2   -0.651407
3 3 3    0.47006
4 3 1    0.756943
4 3 2   -0.508455
4 3 3    0.423518
;

W[i,j,k] :=
1 3 4   -0.0261587
1 3 5   -0.0024147
1 3 6    0.00756487
2 3 4   -0.0333215
2 3 5    0.0312922
2 3 6    0.0244868
3 3 4   -0.0261815
3 3 5   -0.00230742
3 3 6    0.00761873
4 3 4   -0.0190073
4 3 5   -0.0360678
4 3 6   -0.0093301
;

f11 = -1.57167

f12 = 14.7751

f13 = -4.02767

f21 = 8.11573

f22 = 15

f23 = 1.52233

f31 = 6.01226

f32 = 15

f33 = 3.24093

