solve_message = ' \
Ipopt 3.9.1: Converged to a locally infeasible point. Problem may be infeasible.'

Solve time:
_solve_time = 13.5097

Objective:
torque = 8.22195

cnh1 = 0.915952

cnh2 = 0.844267

cnh3 = 0.460826

snh1 = -0.202562

snh2 = -0.408916

snh3 = 0.817092

Hx = 0.025047

Hy = 0.0566685

Hz = -0.0546231

cnf11 = 0.59154

cnf21 = 0.271027

cnf31 = 0.368931

cnf12 = 0.59154

cnf22 = 0.62998

cnf32 = 0.541213

cnt1 = 0.766

cnt2 = 0.561819

snf11 = 0.878681

snf21 = 0.989317

snf31 = 0.947438

snf12 = 0.878681

snf22 = 0.695072

snf32 = 0.828295

snt1 = 0.680877

snt2 = 0.838355

p :=
1 1    0.00930182
1 2   -0.0330368
1 3   -0.0409869
2 1    0.00894853
2 2    0.0279215
2 3    0.0639645
3 1   -0.0345214
3 2    0.000362776
3 3   -0.0539699
;

mf :=
1 1   -0.117516
1 2    0.925191
1 3   -0.0992832
2 1   -0.163575
2 2   -0.128867
2 3   -0.852876
;

mt [*] :=
1   0.860729
2  -0.100116
3   0.389872
;

phi :=
1 1   0.0358481
1 2   0.085239
1 3   0.0360742
2 1   0
2 2   0.0485573
2 3   0
3 1   0.0356197
3 2   0.0850823
3 3   0.0358105
4 1   0.200482
4 2   0.163478
4 3   0.326203
;

l [*,1,*]
:       1          2           3         :=
1   -0.118035   0.925137   -0.099371
2    0.534193   0.993195    0.010949
3   -0.115959   0.925354   -0.0990199
4   -0.769223   0.857188   -0.209515

 [*,2,*]
:       1            2           3        :=
1   -0.1634      -0.129327   -0.852835
2   -0.382658     0.448668   -0.903632
3   -0.164098    -0.127487   -0.852997
4    0.0555079   -0.706399   -0.80212

 [*,3,*]
:      1           2            3        :=
1   0.860536   -0.100229     0.39033
2   1.1023      0.0422465   -0.185296
3   0.861306   -0.0997757    0.388498
4   0.619155   -0.242478     0.965037
;

W[i,j,k] :=
1 1 1   -0.118035
1 1 2    0.925137
1 1 3   -0.099371
2 1 1    0.534193
2 1 2    0.993195
2 1 3    0.010949
3 1 1   -0.115959
3 1 2    0.925354
3 1 3   -0.0990199
4 1 1   -0.769223
4 1 2    0.857188
4 1 3   -0.209515
;

W[i,j,k] :=
1 1 4    0.0412014
1 1 5    0.00576224
1 1 6    0.00470595
2 1 4    0.0403463
2 1 5   -0.0219968
2 1 6    0.0268866
3 1 4    0.0411987
3 1 5    0.00567388
3 1 6    0.00477654
4 1 4    0.0420552
4 1 5    0.033477
4 1 6   -0.0174393
;

W[i,j,k] :=
1 2 1   -0.1634
1 2 2   -0.129327
1 2 3   -0.852835
2 2 1   -0.382658
2 2 2    0.448668
2 2 3   -0.903632
3 2 1   -0.164098
3 2 2   -0.127487
3 2 3   -0.852997
4 2 1    0.0555079
4 2 2   -0.706399
4 2 3   -0.80212
;

W[i,j,k] :=
1 2 4   -0.0155402
1 2 5   -0.00282021
1 2 6    0.00340511
2 2 4   -0.0539296
2 2 5   -0.0163904
2 2 6    0.0146993
3 2 4   -0.0156624
3 2 5   -0.0028634
3 2 6    0.00344106
4 2 4    0.0227881
4 2 5    0.0107283
4 2 6   -0.0078711
;

W[i,j,k] :=
1 3 1    0.860536
1 3 2   -0.100229
1 3 3    0.39033
2 3 1    1.1023
2 3 2    0.0422465
2 3 3   -0.185296
3 3 1    0.861306
3 3 2   -0.0997757
3 3 3    0.388498
4 3 1    0.619155
4 3 2   -0.242478
4 3 3    0.965037
;

W[i,j,k] :=
1 3 4   -0.00526775
1 3 5   -0.0329683
1 3 6    0.00314787
2 3 4    0.00221281
2 3 5   -0.0658878
2 3 6   -0.0018583
3 3 4   -0.00524394
3 3 5   -0.0330731
3 3 6    0.00313194
4 3 4   -0.0127364
4 3 5   -0.000101234
4 3 6    0.00814606
;

f11 = 2.83136

f12 = 14.4325

f13 = -1.33239

f21 = 5.363

f22 = 15

f23 = -5.54274

f31 = 8.24271

f32 = 15

f33 = 0.490089

