solve_message = ' \
Ipopt 3.9.1: Converged to a locally infeasible point. Problem may be infeasible.'

Solve time:
_solve_time = 58.984

Objective:
torque = 7.69121

cnh1 = 0.442364

cnh2 = -0.483105

cnh3 = 0.93269

snh1 = 0.827233

snh2 = -0.804121

snh3 = -0.100444

Hx = 0.015288

Hy = 0.0395021

Hz = 0.0594127

cnf11 = 0.577439

cnf21 = 0.227633

cnf31 = 0.366852

cnf12 = 0.577439

cnf22 = 0.7449

cnf32 = 0.533606

cnt1 = 0.766

cnt2 = 0.599852

snf11 = 0.739299

snf21 = 0.987288

snf31 = 0.940246

snf12 = 0.739299

snf22 = 0.753076

snf32 = 0.857846

snt1 = 0.530381

snt2 = 0.789442

p :=
1 1    0.00109406
1 2   -0.0344268
1 3    0.0223987
2 1   -0.034371
2 2    0.000960125
2 3    0.054776
3 1    0.00218663
3 2    0.0319025
3 3   -0.0614311
;

mf :=
1 1    0.108117
1 2    0.823785
1 3    0.133764
2 1    0.797773
2 2    0.0144494
2 3   -0.408652
;

mt [*] :=
1  -0.21738
2  -0.397428
3   0.726544
;

phi :=
1 1   0.0457149
1 2   0.0788179
1 3   0.0634769
2 1   0
2 2   0.0465734
2 3   0.00153066
3 1   0.0454894
3 2   0.0786938
3 3   0.0631631
4 1   0.177097
4 2   0.128354
4 3   0.301209
;

l [*,1,*]
:      1          2           3        :=
1   0.108112   0.823857    0.133269
2   0.113853   0.733239    0.755812
3   0.108131   0.823568    0.13525
4   0.102381   0.91433    -0.488281

 [*,2,*]
:      1           2            3        :=
1   0.797774    0.0139706   -0.408663
2   0.797292    0.615715    -0.395227
3   0.797772    0.0158858   -0.40862
4   0.798255   -0.586814    -0.422078

 [*,3,*]
:       1           2          3        :=
1   -0.217823   -0.397443   0.726382
2    0.338376   -0.378666   0.929842
3   -0.216052   -0.397383   0.72703
4   -0.773134   -0.41619    0.523246
;

W[i,j,k] :=
1 1 1    0.108112
1 1 2    0.823857
1 1 3    0.133269
2 1 1    0.113853
2 1 2    0.733239
2 1 3    0.755812
3 1 1    0.108131
3 1 2    0.823568
3 1 3    0.13525
4 1 1    0.102381
4 1 2    0.91433
4 1 3   -0.488281
;

W[i,j,k] :=
1 1 4   -0.0230413
1 1 5    0.00227577
1 1 6    0.00462332
2 1 4   -0.0424438
2 1 5    0.00172325
2 1 6    0.0047218
3 1 4   -0.0231031
3 1 5    0.00227401
3 1 6    0.00462363
4 1 4   -0.00366984
4 1 5    0.00282741
4 1 6    0.00452498
;

W[i,j,k] :=
1 2 1    0.797774
1 2 2    0.0139706
1 2 3   -0.408663
2 2 1    0.797292
2 2 2    0.615715
2 2 3   -0.395227
3 2 1    0.797772
3 2 2    0.0158858
3 2 3   -0.40862
4 2 1    0.798255
4 2 2   -0.586814
4 2 3   -0.422078
;

W[i,j,k] :=
1 2 4   -0.00115762
1 2 5    0.0296527
1 2 6   -0.00124615
2 2 4   -0.0341059
2 2 5    0.0300881
2 2 6   -0.0219283
3 2 4   -0.00126249
3 2 5    0.0296541
3 2 6   -0.00131197
4 2 4    0.0317381
4 2 5    0.0292179
4 2 6    0.019403
;

W[i,j,k] :=
1 3 1   -0.217823
1 3 2   -0.397443
1 3 3    0.726382
2 3 1    0.338376
2 3 2   -0.378666
2 3 3    0.929842
3 3 1   -0.216052
3 3 2   -0.397383
3 3 3    0.72703
4 3 1   -0.773134
4 3 2   -0.41619
4 3 3    0.523246
;

W[i,j,k] :=
1 3 4   -0.00124199
1 3 5    0.0117927
1 3 6    0.00608001
2 3 4    0.00640237
2 3 5   -0.02282
2 3 6   -0.011623
3 3 4   -0.00121766
3 3 5    0.0116826
3 3 6    0.00602367
4 3 4   -0.00887414
4 3 5    0.0463503
4 3 6    0.0237548
;

f11 = 3.06987

f12 = 13.7441

f13 = -0.598352

f21 = 8.12243

f22 = 15

f23 = 1.48613

f31 = 3.47341

f32 = 15

f33 = 7.49119

