solve_message = ' \
Ipopt 3.9.1: Converged to a locally infeasible point. Problem may be infeasible.'

Solve time:
_solve_time = 6.17764

Objective:
torque = 7.87336

cnh1 = -0.918185

cnh2 = -0.832949

cnh3 = -0.452177

snh1 = 0.192186

snh2 = -0.431503

snh3 = -0.82191

Hx = 0.0238853

Hy = 0.0589548

Hz = -0.0520381

cnf11 = 0.54994

cnf21 = 0.301491

cnf31 = 0.384219

cnf12 = 0.54994

cnf22 = 0.67587

cnf32 = 0.558483

cnt1 = 0.766

cnt2 = 0.560446

snf11 = 0.759978

snf21 = 0.97873

snf31 = 0.937016

snf12 = 0.759978

snf22 = 0.650538

snf32 = 0.817644

snt1 = 0.684592

snt2 = 0.839328

p :=
1 1    0.0101036
1 2   -0.0328498
1 3   -0.0386253
2 1    0.00728726
2 2    0.0290306
2 3    0.0635602
3 1   -0.0344303
3 2    0.000656843
3 3   -0.0544859
;

mf :=
1 1   -0.126357
1 2    0.874508
1 3   -0.115421
2 1   -0.166988
2 2   -0.145052
2 3   -0.752073
;

mt [*] :=
1   0.853285
2  -0.0828187
3   0.412502
;

phi :=
1 1   0.0414121
1 2   0.0922607
1 3   0.0426482
2 1   0
2 2   0.0541078
2 3   0
3 1   0.0411933
3 2   0.0921077
3 3   0.0423774
4 1   0.193885
4 2   0.156951
4 3   0.285821
;

l [*,1,*]
:       1          2            3         :=
1   -0.126817   0.874408   -0.115512
2    0.450802   1.0003     -0.00059681
3   -0.124979   0.874808   -0.115146
4   -0.703515   0.748718   -0.230244

 [*,2,*]
:       1            2           3        :=
1   -0.166842    -0.145485   -0.752002
2   -0.350395     0.398689   -0.841778
3   -0.167426    -0.143753   -0.752287
4    0.0164183   -0.68879    -0.662368

 [*,3,*]
:      1           2            3        :=
1   0.853085   -0.0829373    0.412954
2   1.10518     0.0660935   -0.156051
3   0.853887   -0.082463     0.411143
4   0.601392   -0.23173      0.981052
;

W[i,j,k] :=
1 1 1   -0.126817
1 1 2    0.874408
1 1 3   -0.115512
2 1 1    0.450802
2 1 2    1.0003
2 1 3   -0.00059681
3 1 1   -0.124979
3 1 2    0.874808
3 1 3   -0.115146
4 1 1   -0.703515
4 1 2    0.748718
4 1 3   -0.230244
;

W[i,j,k] :=
1 1 4    0.0375688
1 1 5    0.00606543
1 1 6    0.00466872
2 1 4    0.0386564
2 1 5   -0.0174063
2 1 6    0.0249154
3 1 4    0.0375723
3 1 5    0.00599072
3 1 6    0.00473316
4 1 4    0.0364829
4 1 5    0.0294998
4 1 6   -0.0155456
;

W[i,j,k] :=
1 2 1   -0.166842
1 2 2   -0.145485
1 2 3   -0.752002
2 2 1   -0.350395
2 2 2    0.398689
2 2 3   -0.841778
3 2 1   -0.167426
3 2 2   -0.143753
3 2 3   -0.752287
4 2 1    0.0164183
4 2 2   -0.68879
4 2 3   -0.662368
;

W[i,j,k] :=
1 2 4   -0.012584
1 2 5   -0.00512449
1 2 6    0.00378335
2 2 4   -0.0497781
2 2 5   -0.0161369
2 2 6    0.0130775
3 2 4   -0.0127024
3 2 5   -0.00515954
3 2 6    0.00381293
4 2 4    0.0245507
4 2 5    0.0058704
4 2 6   -0.00549603
;

W[i,j,k] :=
1 3 1    0.853085
1 3 2   -0.0829373
1 3 3    0.412954
2 3 1    1.10518
2 3 2    0.0660935
2 3 3   -0.156051
3 3 1    0.853887
3 3 2   -0.082463
3 3 3    0.411143
4 3 1    0.601392
4 3 2   -0.23173
4 3 3    0.981052
;

W[i,j,k] :=
1 3 4   -0.00424767
1 3 5   -0.0322629
1 3 6    0.00229521
2 3 4    0.00349866
2 3 5   -0.0655896
2 3 6   -0.00300155
3 3 4   -0.00422301
3 3 5   -0.032369
3 3 6    0.00227835
4 3 4   -0.0119816
4 3 5    0.00101053
4 3 6    0.00758352
;

f11 = 1.61002

f12 = 10.4786

f13 = -0.531289

f21 = 4.52055

f22 = 15

f23 = -6.84168

f31 = 8.21624

f32 = 15

f33 = 0.822134

