solve_message = ' \
Ipopt 3.9.1: Converged to a locally infeasible point. Problem may be infeasible.'

Solve time:
_solve_time = 22.8073

Objective:
torque = 4.9092

cnh1 = 0.134537

cnh2 = -0.716312

cnh3 = 0.911955

snh1 = -0.928386

snh2 = -0.780319

snh3 = -0.219859

Hx = -0.0258879

Hy = -0.0474077

Hz = 0.00819172

cnf11 = -0.117433

cnf21 = 0.218193

cnf31 = 0.395478

cnf12 = -0.117433

cnf22 = 0.754178

cnf32 = 0.590937

cnt1 = 0.200898

cnt2 = 0.415089

snf11 = 0.930704

snf21 = 0.953232

snf31 = 0.906362

snf12 = 0.930704

snf22 = 0.557867

snf32 = 0.795842

snt1 = 0.916319

snt2 = 0.880723

p :=
1 1   -0.0272833
1 2    0.0153409
1 3   -0.0591596
2 1    0.0354416
2 2    0.000207043
2 3   -0.0388669
3 1   -0.0145611
3 2   -0.000144482
3 3   -0.0639614
;

mf :=
1 1    0.374446
1 2   -0.511466
1 3    0.644926
2 1   -0.763031
2 2    0.105448
2 3   -0.0521946
;

mt [*] :=
1  -0.13213
2  -0.12887
3   0.907572
;

phi :=
1 1   0.0265671
1 2   0.105132
1 3   0
2 1   0
2 2   0.037558
2 3   0
3 1   0.0262695
3 2   0.104796
3 3   0
4 1   0.435782
4 2   0.338399
4 3   0.0121315
;

l [*,1,*]
:       1            2          3        :=
1    0.374794    -0.511542   0.644568
2   -0.0629611   -0.415334   1.0939
3    0.373401    -0.511236   0.645998
4    0.811851    -0.607597   0.195954

 [*,2,*]
:       1           2           3         :=
1   -0.762985    0.105949   -0.0521399
2   -0.820336   -0.522687   -0.120895
3   -0.763168    0.103948   -0.0523587
4   -0.705726    0.733581    0.0165055

 [*,3,*]
:       1           2          3        :=
1   -0.131787   -0.12854    0.907715
2   -0.562322   -0.543521   0.728519
3   -0.133157   -0.129861   0.907144
4    0.298061    0.285779   1.08662
;

W[i,j,k] :=
1 1 1    0.374794
1 1 2   -0.511542
1 1 3    0.644568
2 1 1   -0.0629611
2 1 2   -0.415334
2 1 3    1.0939
3 1 1    0.373401
3 1 2   -0.511236
3 1 3    0.645998
4 1 1    0.811851
4 1 2   -0.607597
4 1 3    0.195954
;

W[i,j,k] :=
1 1 4   -0.0203744
1 1 5   -0.00458676
1 1 6    0.00820688
2 1 4   -0.00778964
2 1 5    0.0335699
2 1 6    0.0122976
3 1 4   -0.0203344
3 1 5   -0.00446531
3 1 6    0.0082199
4 1 4   -0.0329391
4 1 5   -0.0426826
4 1 6    0.00412273
;

W[i,j,k] :=
1 2 1   -0.762985
1 2 2    0.105949
1 2 3   -0.0521399
2 2 1   -0.820336
2 2 2   -0.522687
2 2 3   -0.120895
3 2 1   -0.763168
3 2 2    0.103948
3 2 3   -0.0523587
4 2 1   -0.705726
4 2 2    0.733581
4 2 3    0.0165055
;

W[i,j,k] :=
1 2 4    0.0041071
1 2 5    0.0315028
1 2 6    0.00391296
2 2 4   -0.0203403
2 2 5    0.0361686
2 2 6   -0.018355
3 2 4    0.00402929
3 2 5    0.0315177
3 2 6    0.00384208
4 2 4    0.0285155
4 2 5    0.0268444
4 2 6    0.0261454
;

W[i,j,k] :=
1 3 1   -0.131787
1 3 2   -0.12854
1 3 3    0.907715
2 3 1   -0.562322
2 3 2   -0.543521
2 3 3    0.728519
3 3 1   -0.133157
3 3 2   -0.129861
3 3 3    0.907144
4 3 1    0.298061
4 3 2    0.285779
4 3 3    1.08662
;

W[i,j,k] :=
1 3 4   -0.00835277
1 3 5    0.0216466
1 3 6    0.00185265
2 3 4   -0.0348697
2 3 5    0.046575
2 3 6    0.00783304
3 3 4   -0.00843717
3 3 5    0.021726
3 3 6    0.00187168
4 3 4    0.0181218
4 3 5   -0.00324195
4 3 6   -0.0041182
;

f11 = 5.5981

f12 = 15

f13 = 6.06991

f21 = 6.23726

f22 = 13.8803

f23 = 3.0631

f31 = 0.04544

f32 = 0

f33 = 0.347038

