solve_message = ' \
Ipopt 3.9.1: Converged to a locally infeasible point. Problem may be infeasible.'

Solve time:
_solve_time = 6.13084

Objective:
torque = 7.50839

cnh1 = -0.217728

cnh2 = 0.936597

cnh3 = -0.192275

snh1 = 0.912466

snh2 = -0.0527788

snh3 = 0.918167

Hx = -0.0878923

Hy = -0.0126353

Hz = -0.0291493

cnf11 = 0.281202

cnf21 = -0.0800879

cnf31 = 0.371367

cnf12 = 0.281202

cnf22 = 0.802668

cnf32 = 0.613841

cnt1 = 0.766

cnt2 = 0.611929

snf11 = 0.894944

snf21 = 0.934658

snf31 = 0.861444

snf12 = 0.894944

snf22 = 0.485514

snf32 = 0.779036

snt1 = 0.508634

snt2 = 0.789088

p :=
1 1   -0.0312785
1 2    0.00101903
1 3   -0.0591685
2 1   -0.00336118
2 2    0.0302744
2 3    0.0631415
3 1    0.0070927
3 2   -0.0342151
3 3   -0.0506097
;

mf :=
1 1   -0.635389
1 2   -0.242057
1 3    0.36026
2 1   -0.00509015
2 2   -0.196004
2 3   -0.744928
;

mt [*] :=
1  -0.101729
2   0.862371
3   0.0305804
;

phi :=
1 1   0.0554022
1 2   0.0889288
1 3   0.0490309
2 1   0
2 2   0.0960447
2 3   0
3 1   0.055125
3 2   0.0889502
3 3   0.048744
4 1   0.222859
4 2   0.0827563
4 3   0.241851
;

l [*,1,*]
:       1           2          3        :=
1   -0.63517    -0.242419   0.360376
2   -0.910105    0.212141   0.214752
3   -0.636045   -0.240972   0.359913
4   -0.360674   -0.696254   0.505768

 [*,2,*]
:        1            2           3        :=
1   -0.00487148   -0.195612   -0.745035
2   -0.279698     -0.688953   -0.609397
3   -0.00574618   -0.197182   -0.744604
4    0.269516      0.296942   -0.880458

 [*,3,*]
:       1          2           3         :=
1   -0.10132    0.862411    0.03085
2   -0.616277   0.811229   -0.308025
3   -0.102958   0.862248    0.0297714
4    0.412817   0.913512    0.369184
;

W[i,j,k] :=
1 1 1   -0.63517
1 1 2   -0.242419
1 1 3    0.360376
2 1 1   -0.910105
2 1 2    0.212141
2 1 3    0.214752
3 1 1   -0.636045
3 1 2   -0.240972
3 1 3    0.359913
4 1 1   -0.360674
4 1 2   -0.696254
4 1 3    0.505768
;

W[i,j,k] :=
1 1 4   -0.0139763
1 1 5    0.0488541
1 1 6    0.00822975
2 1 4    0.0127709
2 1 5    0.0605667
2 1 6   -0.00570803
3 1 4   -0.0138912
3 1 5    0.0488914
3 1 6    0.00818539
4 1 4   -0.0406809
4 1 5    0.0371602
4 1 6    0.0221453
;

W[i,j,k] :=
1 2 1   -0.00487148
1 2 2   -0.195612
1 2 3   -0.745035
2 2 1   -0.279698
2 2 2   -0.688953
2 2 3   -0.609397
3 2 1   -0.00574618
3 2 2   -0.197182
3 2 3   -0.744604
4 2 1    0.269516
4 2 2    0.296942
4 2 3   -0.880458
;

W[i,j,k] :=
1 2 4   -0.0102043
1 2 5   -0.00281179
1 2 6    0.000804967
2 2 4    0.0250523
2 2 5   -0.0197088
2 2 6    0.0107834
3 2 4   -0.0100921
3 2 5   -0.00286557
3 2 6    0.000836726
4 2 4   -0.0454047
4 2 5    0.0140583
4 2 6   -0.00915753
;

W[i,j,k] :=
1 3 1   -0.10132
1 3 2    0.862411
1 3 3    0.03085
2 3 1   -0.616277
2 3 2    0.811229
2 3 3   -0.308025
3 3 1   -0.102958
3 3 2    0.862248
3 3 3    0.0297714
4 3 1    0.412817
4 3 2    0.913512
4 3 3    0.369184
;

W[i,j,k] :=
1 3 4    0.0425908
1 3 5    0.00490894
1 3 6    0.00265017
2 3 4    0.0515951
2 3 5    0.0333743
2 3 6   -0.0153322
3 3 4    0.0426195
3 3 5    0.00499953
3 3 6    0.00259294
4 3 4    0.0336009
4 3 5   -0.023511
4 3 6    0.0206038
;

f11 = 4.09436

f12 = 15

f13 = 7.17068

f21 = -1.52997

f22 = 11.4131

f23 = -4.30454

f31 = 7.11867

f32 = 15

f33 = 4.18414

