solve_message = ' \
Ipopt 3.9.1: Converged to a locally infeasible point. Problem may be infeasible.'

Solve time:
_solve_time = 22.8853

Objective:
torque = 7.92104

cnh1 = 0.61691

cnh2 = 0.675147

cnh3 = 0.794847

snh1 = 0.706698

snh2 = -0.651288

snh3 = -0.498215

Hx = 0.0531834

Hy = 0.00336708

Hz = -0.0223325

cnf11 = 0.802716

cnf21 = 0.38798

cnf31 = 0.463192

cnf12 = 0.802716

cnf22 = 0.79409

cnf32 = 0.600018

cnt1 = 0.385455

cnt2 = 0.462471

snf11 = 0.485434

snf21 = 0.854091

snf31 = 0.867452

snf12 = 0.485434

snf22 = 0.536673

snf32 = 0.79287

snt1 = 0.855233

snt2 = 0.867732

p :=
1 1    0.0204857
1 2   -0.0187054
1 3    0.0647217
2 1    0.0027621
2 2    0.0345313
2 3    0.0531896
3 1   -0.0267433
3 2   -0.0217086
3 3    0.00110912
;

mf :=
1 1    0.00351191
1 2    0.0081841
1 3   -0.803472
2 1   -0.185362
2 2   -0.699896
2 3   -0.314778
;

mt [*] :=
1  0.682642
2  0.381276
3  0.172851
;

phi :=
1 1   0
1 2   0
1 3   0.136807
2 1   0
2 2   0
2 3   0.0427962
3 1   0
3 2   0
3 3   0.136327
4 1   0.555657
4 2   0.180844
4 3   0.228465
;

l [*,1,*]
:        1            2            3        :=
1    0.0032373     0.0078373   -0.803488
2    0.348355      0.443683    -0.784345
3    0.00433573    0.0092245   -0.803427
4   -0.34133      -0.427314    -0.822599

 [*,2,*]
:       1           2           3        :=
1   -0.185417   -0.700041   -0.314334
2   -0.116127   -0.517692   -0.872359
3   -0.185196   -0.699461   -0.31611
4   -0.254596   -0.8821      0.242801

 [*,3,*]
:      1           2            3         :=
1   0.682396    0.381652     0.173019
2   0.991064   -0.0917201   -0.0384509
3   0.683378    0.380146     0.172346
4   0.37422     0.85427      0.384152
;

W[i,j,k] :=
1 1 1    0.0032373
1 1 2    0.0078373
1 1 3   -0.803488
2 1 1    0.348355
2 1 2    0.443683
2 1 3   -0.784345
3 1 1    0.00433573
3 1 2    0.0092245
3 1 3   -0.803427
4 1 1   -0.34133
4 1 2   -0.427314
4 1 3   -0.822599
;

W[i,j,k] :=
1 1 4    0.0145223
1 1 5    0.0166695
1 1 6    0.000221108
2 1 4   -0.0140444
2 1 5    0.038614
2 1 6    0.0156053
3 1 4    0.0144314
3 1 5    0.0167394
3 1 6    0.000270072
4 1 4    0.0430435
4 1 5   -0.00523988
4 1 6   -0.0151385
;

W[i,j,k] :=
1 2 1   -0.185417
1 2 2   -0.700041
1 2 3   -0.314334
2 2 1   -0.116127
2 2 2   -0.517692
2 2 3   -0.872359
3 2 1   -0.185196
3 2 2   -0.699461
3 2 3   -0.31611
4 2 1   -0.254596
4 2 2   -0.8821
4 2 3    0.242801
;

W[i,j,k] :=
1 2 4    0.0263806
1 2 5   -0.00899403
1 2 6    0.00446909
2 2 4   -0.00258781
2 2 5   -0.0037672
2 2 6    0.00258009
3 2 4    0.0262884
3 2 5   -0.00897739
3 2 6    0.00446308
4 2 4    0.0553028
4 2 5   -0.0142125
4 2 6    0.00635508
;

W[i,j,k] :=
1 3 1    0.682396
1 3 2    0.381652
1 3 3    0.173019
2 3 1    0.991064
2 3 2   -0.0917201
2 3 3   -0.0384509
3 3 1    0.683378
3 3 2    0.380146
3 3 3    0.172346
4 3 1    0.37422
4 3 2    0.85427
4 3 3    0.384152
;

W[i,j,k] :=
1 3 4   -0.0041793
1 3 5    0.00538397
1 3 6    0.0046072
2 3 4    0.000936443
2 3 5    7.08999e-05
2 3 6    0.0239675
3 3 4   -0.00416302
3 3 5    0.00536706
3 3 6    0.00466882
4 3 4   -0.00928688
4 3 5    0.0106886
4 3 6   -0.0147222
;

f11 = 2.23145

f12 = 15

f13 = -7.95004

f21 = 8.24513

f22 = 15

f23 = 0.447617

f31 = 7.54262

f32 = 15

f33 = -3.36026

