solve_message = ' \
Ipopt 3.9.1: Converged to a locally infeasible point. Problem may be infeasible.'

Solve time:
_solve_time = 53.0091

Objective:
torque = 7.51959

cnh1 = 0.0709055

cnh2 = -0.27271

cnh3 = -0.202268

snh1 = 0.9354

snh2 = -0.897568

snh3 = 1.00176

Hx = -0.0761617

Hy = 0.000178629

Hz = -0.0326001

cnf11 = 0.913934

cnf21 = 0.738306

cnf31 = 0.583981

cnf12 = 0.913934

cnf22 = 0.877476

cnf32 = 0.657611

cnt1 = 0.456984

cnt2 = 0.418878

snf11 = 0.21148

snf21 = 0.578709

snf31 = 0.800711

snf12 = 0.21148

snf22 = 0.331717

snf32 = 0.743476

snt1 = 0.955597

snt2 = 0.930673

p :=
1 1   -0.000249922
1 2    0.0252155
1 3    0.0632848
2 1   -0.00693235
2 2   -0.0314606
2 3    0.0610656
3 1    0.025095
3 2    0.0203407
3 3   -0.0609214
;

mf :=
1 1    0.0104597
1 2    0.0453514
1 3   -0.817636
2 1    0.306157
2 2    0.393073
2 3   -0.645587
;

mt [*] :=
1  -0.67894
2  -0.279548
3   0.702517
;

phi :=
1 1   0.0518962
1 2   0.0824798
1 3   0.0867607
2 1   0.0310386
2 2   0.0381184
2 3   0.0307008
3 1   0.0518188
3 2   0.0822917
3 3   0.0865037
4 1   0.0811365
4 2   0.172607
4 3   0.237534
;

l [*,1,*]
:        1            2            3        :=
1    0.0107676     0.0457213   -0.817603
2   -0.376269     -0.41925     -0.859044
3    0.00953577    0.0442414   -0.817735
4    0.397187      0.509951    -0.776228

 [*,2,*]
:       1            2           3        :=
1    0.30644     0.393342    -0.645293
2   -0.0494001   0.0545566   -1.01532
3    0.305308    0.392264    -0.64647
4    0.661713    0.731588    -0.275854

 [*,3,*]
:       1           2          3        :=
1   -0.678583   -0.279927   0.702676
2   -1.12703     0.196393   0.503124
3   -0.680011   -0.278411   0.702041
4   -0.230849   -0.755488   0.90191
;

W[i,j,k] :=
1 1 1    0.0107676
1 1 2    0.0457213
1 1 3   -0.817603
2 1 1   -0.376269
2 1 2   -0.41925
2 1 3   -0.859044
3 1 1    0.00953577
3 1 2    0.0442414
3 1 3   -0.817735
4 1 1    0.397187
4 1 2    0.509951
4 1 3   -0.776228
;

W[i,j,k] :=
1 1 4   -0.0235097
1 1 5    0.000477089
1 1 6   -0.000282937
2 1 4    0.00487096
2 1 5   -0.0240268
2 1 6    0.00959258
3 1 4   -0.0234194
3 1 5    0.000399099
3 1 6   -0.000251506
4 1 4   -0.0518451
4 1 5    0.0249419
4 1 6   -0.0101427
;

W[i,j,k] :=
1 2 1    0.30644
1 2 2    0.393342
1 2 3   -0.645293
2 2 1   -0.0494001
2 2 2    0.0545566
2 2 3   -1.01532
3 2 1    0.305308
3 2 2    0.392264
3 2 3   -0.64647
4 2 1    0.661713
4 2 2    0.731588
4 2 3   -0.275854
;

W[i,j,k] :=
1 2 4   -0.00371843
1 2 5    0.0142396
1 2 6    0.00691399
2 2 4    0.028611
2 2 5   -0.0100552
2 2 6   -0.00193236
3 2 4   -0.00361553
3 2 5    0.0141622
3 2 6    0.00688584
4 2 4   -0.0359963
4 2 5    0.0384956
4 2 6    0.0157462
;

W[i,j,k] :=
1 3 1   -0.678583
1 3 2   -0.279927
1 3 3    0.702676
2 3 1   -1.12703
2 3 2    0.196393
2 3 3    0.503124
3 3 1   -0.680011
3 3 2   -0.278411
3 3 3    0.702041
4 3 1   -0.230849
4 3 2   -0.755488
4 3 3    0.90191
;

W[i,j,k] :=
1 3 4   -0.0027607
1 3 5    0.0237066
1 3 6    0.00677804
2 3 4    0.0221984
2 3 5    0.0560346
2 3 6    0.0278531
3 3 4   -0.00268126
3 3 5    0.0238095
3 3 6    0.00684512
4 3 4   -0.02768
4 3 5   -0.00856978
4 3 6   -0.0142634
;

f11 = -7.63512

f12 = 15

f13 = -3.14442

f21 = 7.93887

f22 = 15

f23 = 1.25147

f31 = 8.07176

f32 = 15

f33 = -1.74046

