solve_message = ' \
Ipopt 3.9.1: Converged to a locally infeasible point. Problem may be infeasible.'

Solve time:
_solve_time = 3.41642

Objective:
torque = 5.07957

cnh1 = -0.178824

cnh2 = 0.166968

cnh3 = 0.93766

snh1 = -0.920881

snh2 = 0.923104

snh3 = -0.0281681

Hx = 0.0256495

Hy = 0.0726324

Hz = -0.0630685

cnf11 = 0.0313394

cnf21 = 0.797766

cnf31 = 0.555869

cnf12 = 0.0313394

cnf22 = 0.464186

cnf32 = 0.421951

cnt1 = -0.0800879

cnt2 = 0.371367

snf11 = 0.93756

snf21 = 0.696828

snf31 = 0.842553

snf12 = 0.93756

snf22 = 0.952119

snf32 = 0.928699

snt1 = 0.934658

snt2 = 0.861444

p :=
1 1   -0.0346228
1 2    0.00558641
1 3   -0.0490849
2 1    0.0263703
2 2   -0.021463
2 3   -0.0478897
3 1    0.01623
3 2    0.0273516
3 3   -0.0582347
;

mf :=
1 1    0.881851
1 2   -0.0224375
1 3    0.00348762
2 1   -0.588389
2 2    0.668394
2 3   -0.0800042
;

mt [*] :=
1   0.0992674
2   0.626921
3  -0.387436
;

phi :=
1 1   0.06412
1 2   0.0378755
1 3   0.00926343
2 1   0.00509018
2 2   0
2 3   0.00506309
3 1   0.0638096
3 2   0.0376389
3 3   0.00924889
4 1   0.37706
4 2   0.409259
4 3   0.0147843
;

l [*,1,*]
:      1           2             3         :=
1   0.881843   -0.0227241    0.00389972
2   0.891181    0.337487    -0.514017
3   0.881873   -0.0215776    0.00225131
4   0.872521   -0.38236      0.52099

 [*,2,*]
:       1          2           3         :=
1   -0.588677   0.66811    -0.0802877
2   -0.227321   1.02419     0.275986
3   -0.587527   0.669244   -0.0791538
4   -0.949456   0.312594   -0.435993

 [*,3,*]
:       1           2           3         :=
1    0.0995889   0.626724   -0.387727
2   -0.304413    0.874511   -0.0215057
3    0.0983031   0.627513   -0.386561
4    0.502947    0.379333   -0.753364
;

W[i,j,k] :=
1 1 1    0.881843
1 1 2   -0.0227241
1 1 3    0.00389972
2 1 1    0.891181
2 1 2    0.337487
2 1 3   -0.514017
3 1 1    0.881873
3 1 2   -0.0215776
3 1 3    0.00225131
4 1 1    0.872521
4 1 2   -0.38236
4 1 3    0.52099
;

W[i,j,k] :=
1 1 4   -0.00109363
1 1 5   -0.0431502
1 1 6   -0.00413956
2 1 4    0.013694
2 1 5   -0.0615403
2 1 6   -0.0166632
3 1 4   -0.00104656
3 1 5   -0.0432087
3 1 6   -0.00417942
4 1 4   -0.0158577
4 1 5   -0.0247895
4 1 6    0.00836413
;

W[i,j,k] :=
1 2 1   -0.588677
1 2 2    0.66811
1 2 3   -0.0802877
2 2 1   -0.227321
2 2 2    1.02419
2 2 3    0.275986
3 2 1   -0.587527
3 2 2    0.669244
3 2 3   -0.0791538
4 2 1   -0.949456
4 2 2    0.312594
4 2 3   -0.435993
;

W[i,j,k] :=
1 2 4    0.0337188
1 2 5    0.0303088
1 2 6    0.0049835
2 2 4    0.0431249
2 2 5    0.00360853
2 2 6    0.0221293
3 2 4    0.0337488
3 2 5    0.0302238
3 2 6    0.00503807
4 2 4    0.0243278
4 2 5    0.0569664
4 2 6   -0.012135
;

W[i,j,k] :=
1 3 1    0.0995889
1 3 2    0.626724
1 3 3   -0.387727
2 3 1   -0.304413
2 3 2    0.874511
2 3 3   -0.0215057
3 3 1    0.0983031
3 3 2    0.627513
3 3 3   -0.386561
4 3 1    0.502947
4 3 2    0.379333
4 3 3   -0.753364
;

W[i,j,k] :=
1 3 4    0.0258922
1 3 5    0.000493278
1 3 6    0.00744782
2 3 4    0.0503387
2 3 5    0.0180765
2 3 6    0.0225195
3 3 4    0.02597
3 3 5    0.000549241
3 3 6    0.00749579
4 3 4    0.00148462
4 3 5   -0.0170619
4 3 6   -0.00759983
;

f11 = 8.13962

f12 = 15

f13 = -1.38894

f21 = 2.82167

f22 = 13.9223

f23 = -0.535822

f31 = 0.22126

f32 = 0

f33 = -0.27119

