solve_message = ' \
Ipopt 3.9.1: Converged to a locally infeasible point. Problem may be infeasible.'

Solve time:
_solve_time = 3.61922

Objective:
torque = 6.1141

cnh1 = 0.911064

cnh2 = -0.0897266

cnh3 = 0.924706

snh1 = 0.223524

snh2 = -0.933782

snh3 = 0.157857

Hx = 0.0860652

Hy = 0.026211

Hz = 0.0552991

cnf11 = 0.0579346

cnf21 = 0.171911

cnf31 = 0.346488

cnf12 = 0.0579346

cnf22 = 0.778187

cnf32 = 0.601928

cnt1 = -0.0800879

cnt2 = 0.371367

snf11 = 0.936292

snf21 = 0.996131

snf31 = 0.950371

snf12 = 0.936292

snf22 = 0.523856

snf32 = 0.787926

snt1 = 0.934658

snt2 = 0.861444

p :=
1 1   -0.0150886
1 2   -0.0303876
1 3    0.0487683
2 1   -0.016955
2 2    0.0303575
2 3    0.0522029
3 1    0.0316712
3 2    0.00192475
3 3    0.0583856
;

mf :=
1 1    0.506638
1 2    0.684833
1 3    0.0393515
2 1    0.25901
2 2   -0.721402
2 3   -0.0425335
;

mt [*] :=
1  0.604603
2  0.275637
3  0.328967
;

phi :=
1 1   0.0612897
1 2   0.0767996
1 3   0
2 1   0
2 2   0
2 3   0
3 1   0.0608947
3 2   0.0763946
3 3   0
4 1   0.328829
4 2   0.354656
4 3   0.0468084
;

l [*,1,*]
:      1          2           3         :=
1   0.506413   0.685022    0.0389631
2   0.789057   0.447823    0.527062
3   0.507313   0.684267    0.0405166
4   0.224221   0.921843   -0.448357

 [*,2,*]
:       1           2           3         :=
1    0.258702   -0.721535   -0.0422149
2    0.645244   -0.553255   -0.442708
3    0.259933   -0.721      -0.0434896
4   -0.127222   -0.889548    0.357639

 [*,3,*]
:      1           2            3         :=
1   0.604357    0.275915     0.329262
2   0.913708   -0.0739118   -0.0422199
3   0.605342    0.274802     0.32808
4   0.2955      0.625184     0.700152
;

W[i,j,k] :=
1 1 1    0.506413
1 1 2    0.685022
1 1 3    0.0389631
2 1 1    0.789057
2 1 2    0.447823
2 1 3    0.527062
3 1 1    0.507313
3 1 2    0.684267
3 1 3    0.0405166
4 1 1    0.224221
4 1 2    0.921843
4 1 3   -0.448357
;

W[i,j,k] :=
1 1 4   -0.0345913
1 1 5    0.0252848
1 1 6    0.00505265
2 1 4   -0.0378557
2 1 5    0.0464336
2 1 6    0.0172205
3 1 4   -0.0346017
3 1 5    0.0253521
3 1 6    0.00509138
4 1 4   -0.0313322
4 1 5    0.00416977
4 1 6   -0.00709579
;

W[i,j,k] :=
1 2 1    0.258702
1 2 2   -0.721535
1 2 3   -0.0422149
2 2 1    0.645244
2 2 2   -0.553255
2 2 3   -0.442708
3 2 1    0.259933
3 2 2   -0.721
3 2 3   -0.0434896
4 2 1   -0.127222
4 2 2   -0.889548
4 2 3    0.357639
;

W[i,j,k] :=
1 2 4    0.0363847
1 2 5    0.0127893
1 2 6    0.00438006
2 2 4    0.015442
2 2 5    0.0261775
2 2 6   -0.0102076
3 2 4    0.036318
3 2 5    0.0128319
3 2 6    0.00433363
4 2 4    0.057294
4 2 5   -0.000577601
4 2 6    0.0189444
;

W[i,j,k] :=
1 3 1    0.604357
1 3 2    0.275915
1 3 3    0.329262
2 3 1    0.913708
2 3 2   -0.0739118
2 3 3   -0.0422199
3 3 1    0.605342
3 3 2    0.274802
3 3 3    0.32808
4 3 1    0.2955
4 3 2    0.625184
4 3 3    0.700152
;

W[i,j,k] :=
1 3 4   -0.0154757
1 3 5    0.0248577
1 3 6    0.00757533
2 3 4    0.00423413
2 3 5    0.0546845
2 3 6   -0.00409953
3 3 4   -0.015413
3 3 5    0.0249526
3 3 6    0.00753817
4 3 4   -0.0351542
4 3 5   -0.00492167
4 3 6    0.0192316
;

f11 = 8.25706

f12 = 15

f13 = -0.0598692

f21 = 8.22904

f22 = 15

f23 = 0.682211

f31 = 0.307012

f32 = 2.87425

f33 = 1.44605

