solve_message = ' \
Ipopt 3.9.1: Converged to a locally infeasible point. Problem may be infeasible.'

Solve time:
_solve_time = 20.9041

Objective:
torque = 6.7416

cnh1 = -0.893207

cnh2 = 0.898448

cnh3 = 0.318202

snh1 = 0.286673

snh2 = -0.269798

snh3 = -0.882467

Hx = 0.0935416

Hy = 0.0583436

Hz = -0.0685554

cnf11 = 0.927861

cnf21 = 0.631783

cnf31 = 0.541872

cnf12 = 0.927861

cnf22 = 0.96463

cnf32 = 0.64868

cnt1 = 0.359028

cnt2 = 0.333648

snf11 = 0.13811

snf21 = 0.693434

snf31 = 0.827901

snf12 = 0.13811

snf22 = 0.400249

snf32 = 0.768219

snt1 = 0.996543

snt2 = 1

p :=
1 1    0.0305957
1 2    0.00867691
1 3   -0.0582393
2 1   -0.0319119
2 2    0.0148925
2 3   -0.0467475
3 1    0.0183331
3 2   -0.0288176
3 3   -0.0454972
;

mf :=
1 1    0.672393
1 2   -0.0532319
1 3   -0.389676
2 1    0.731005
2 2   -0.467987
2 3   -0.0499445
;

mt [*] :=
1  -0.400976
2   0.895573
3  -0.065084
;

phi :=
1 1   0.0325292
1 2   0.0797792
1 3   0.066425
2 1   0.0115828
2 2   0.0179825
2 3   0.000767161
3 1   0.0324486
3 2   0.0794837
3 3   0.0660852
4 1   0.0650919
4 2   0.255213
4 3   0.321988
;

l [*,1,*]
:      1           2            3         :=
1   0.672551   -0.053482    -0.389329
2   0.473808    0.260799    -0.825656
3   0.671919   -0.0524817   -0.390718
4   0.870978   -0.367261     0.0463015

 [*,2,*]
:      1           2           3        :=
1   0.730903   -0.46819    -0.049505
2   0.858817   -0.212554   -0.601854
3   0.73131    -0.467377   -0.051263
4   0.603194   -0.723419    0.501963

 [*,3,*]
:       1          2           3        :=
1   -0.401427   0.895353   -0.065226
2    0.166017   1.17179     0.11323
3   -0.399621   0.896233   -0.064658
4   -0.967966   0.619359   -0.243397
;

W[i,j,k] :=
1 1 1    0.672551
1 1 2   -0.053482
1 1 3   -0.389329
2 1 1    0.473808
2 1 2    0.260799
2 1 3   -0.825656
3 1 1    0.671919
3 1 2   -0.0524817
3 1 3   -0.390718
4 1 1    0.870978
4 1 2   -0.367261
4 1 3    0.0463015
;

W[i,j,k] :=
1 1 4   -0.00649293
1 1 5   -0.0272572
1 1 6   -0.00747198
2 1 4    0.0080246
2 1 5   -0.00233277
2 1 6    0.00386812
3 1 4   -0.00644672
3 1 5   -0.0271778
3 1 6   -0.00743589
4 1 4   -0.0209873
4 1 5   -0.0521418
4 1 6   -0.018794
;

W[i,j,k] :=
1 2 1    0.730903
1 2 2   -0.46819
1 2 3   -0.049505
2 2 1    0.858817
2 2 2   -0.212554
2 2 3   -0.601854
3 2 1    0.73131
3 2 2   -0.467377
3 2 3   -0.051263
4 2 1    0.603194
4 2 2   -0.723419
4 2 3    0.501963
;

W[i,j,k] :=
1 2 4   -0.022624
1 2 5   -0.0357477
1 2 6    0.00405586
2 2 4   -0.0188995
2 2 5   -0.0593539
2 2 6   -0.00600695
3 2 4   -0.0226122
3 2 5   -0.0358229
3 2 6    0.00402383
4 2 4   -0.0263425
4 2 5   -0.0121792
4 2 6    0.0141026
;

W[i,j,k] :=
1 3 1   -0.401427
1 3 2    0.895353
1 3 3   -0.065226
2 3 1    0.166017
2 3 2    1.17179
2 3 3    0.11323
3 3 1   -0.399621
3 3 2    0.896233
3 3 3   -0.064658
4 3 1   -0.967966
4 3 2    0.619359
4 3 3   -0.243397
;

W[i,j,k] :=
1 3 4    0.0426157
1 3 5    0.0194596
1 3 6    0.00484641
2 3 4    0.0500501
2 3 5   -0.00962915
2 3 6    0.0262667
3 3 4    0.0426394
3 3 5    0.019367
3 3 6    0.00491459
4 3 4    0.0351932
4 3 5    0.048502
4 3 6   -0.0165397
;

f11 = 6.38677

f12 = 15

f13 = -5.22396

f21 = 4.23926

f22 = 8.48048

f23 = 0.358232

f31 = 6.42735

f32 = 15

f33 = -5.18379

