solve_message = ' \
Ipopt 3.9.1: Converged to a locally infeasible point. Problem may be infeasible.'

Solve time:
_solve_time = 36.9566

Objective:
torque = 6.31855

cnh1 = -0.0195223

cnh2 = -0.706495

cnh3 = -0.25852

snh1 = -0.93788

snh2 = 0.617143

snh3 = 0.901758

Hx = 0.0643086

Hy = -0.0167696

Hz = 0.0170208

cnf11 = 0.709345

cnf21 = 0.807851

cnf31 = 0.560254

cnf12 = 0.709345

cnf22 = 0.741813

cnf32 = 0.585499

cnt1 = 0.377827

cnt2 = 0.460304

snf11 = 0.613865

snf21 = 0.68511

snf31 = 0.839464

snf12 = 0.613865

snf22 = 0.574207

snf32 = 0.799658

snt1 = 0.858631

snt2 = 0.868565

p :=
1 1   -6.07242e-05
1 2    0.0351895
1 3    0.047241
2 1   -0.0297498
2 2   -0.000325048
2 3   -0.0629952
3 1   -0.0149252
3 2   -0.027732
3 3    0.0588297
;

mf :=
1 1   -0.0722973
1 2   -0.856624
1 3    0.0271974
2 1    0.156364
2 2   -0.146084
2 3    0.765794
;

mt [*] :=
1   0.491843
2   0.383692
3  -0.550886
;

phi :=
1 1   0.0584533
1 2   0.0612638
1 3   0.0752282
2 1   0.0212746
2 2   0.00865739
2 3   0.0145917
3 1   0.0582997
3 2   0.0610162
3 3   0.0749349
4 1   0.126388
4 2   0.207889
4 3   0.261932
;

l [*,1,*]
:       1            2           3         :=
1   -0.0725935   -0.856608    0.0276077
2    0.299648    -0.877147   -0.488023
3   -0.0714087   -0.856673    0.0259666
4   -0.444241    -0.836101    0.542416

 [*,2,*]
:       1           2          3        :=
1    0.156129   -0.145716   0.765899
2    0.452039   -0.608606   0.634091
3    0.157071   -0.147189   0.765479
4   -0.13931     0.316436   0.897497

 [*,3,*]
:       1          2           3        :=
1   0.491502    0.383686   -0.551228
2   0.919338    0.392191   -0.121945
3   0.492864    0.383713   -0.549861
4   0.0643491   0.375194   -0.979826
;

W[i,j,k] :=
1 1 1   -0.0725935
1 1 2   -0.856608
1 1 3    0.0276077
2 1 1    0.299648
2 1 2   -0.877147
2 1 3   -0.488023
3 1 1   -0.0714087
3 1 2   -0.856673
3 1 3    0.0259666
4 1 1   -0.444241
4 1 2   -0.836101
4 1 3    0.542416
;

W[i,j,k] :=
1 1 4    0.0414385
1 1 5   -0.00342771
1 1 6    0.00260654
2 1 4    0.024264
2 1 5    0.014126
2 1 6   -0.0104912
3 1 4    0.0413838
3 1 5   -0.00337184
3 1 6    0.00256486
4 1 4    0.0585856
4 1 5   -0.0209534
4 1 6    0.0156834
;

W[i,j,k] :=
1 2 1    0.156129
1 2 2   -0.145716
1 2 3    0.765899
2 2 1    0.452039
2 2 2   -0.608606
2 2 3    0.634091
3 2 1    0.157071
3 2 2   -0.147189
3 2 3    0.765479
4 2 1   -0.13931
4 2 2    0.316436
4 2 3    0.897497
;

W[i,j,k] :=
1 2 4   -0.00942834
1 2 5    0.01295
1 2 6    0.00438577
2 2 4   -0.0385453
2 2 5   -0.00961222
2 2 6    0.0182528
3 2 4   -0.00952102
3 2 5    0.0128782
3 2 6    0.0044299
4 2 4    0.0196422
4 2 5    0.0354762
4 2 6   -0.00945919
;

W[i,j,k] :=
1 3 1    0.491502
1 3 2    0.383686
1 3 3   -0.551228
2 3 1    0.919338
2 3 2    0.392191
2 3 3   -0.121945
3 3 1    0.492864
3 3 2    0.383713
3 3 3   -0.549861
4 3 1    0.0643491
4 3 2    0.375194
4 3 3   -0.979826
;

W[i,j,k] :=
1 3 4   -0.00728544
1 3 5    0.0206877
1 3 6    0.00790377
2 3 4   -0.0196907
2 3 5    0.0522643
2 3 6    0.0196416
3 3 4   -0.00732492
3 3 5    0.0207882
3 3 6    0.00794112
4 3 4    0.00510005
4 3 5   -0.0108385
4 3 6   -0.00381532
;

f11 = 8.23013

f12 = 15

f13 = -0.668879

f21 = 0.241572

f22 = 4.21871

f23 = -2.10337

f31 = 2.56842

f32 = 15

f33 = -7.84766

