solve_message = ' \
Ipopt 3.9.1: Converged to a locally infeasible point. Problem may be infeasible.'

Solve time:
_solve_time = 2.07481

Objective:
torque = 7.78099

cnh1 = -0.204593

cnh2 = -0.661581

cnh3 = -0.599188

snh1 = 0.915501

snh2 = -0.665064

snh3 = -0.721785

Hx = 0.0512284

Hy = -0.0360084

Hz = 0.0330723

cnf11 = 0.551165

cnf21 = 0.171347

cnf31 = 0.345522

cnf12 = 0.551165

cnf22 = 0.630028

cnf32 = 0.54123

cnt1 = 0.766

cnt2 = 0.7431

snf11 = 0.75909

snf21 = 0.996524

snf31 = 0.951316

snf12 = 0.75909

snf22 = 0.695028

snf32 = 0.828285

snt1 = 0

snt2 = 0.6691

p :=
1 1   -0.0286456
1 2   -0.0152528
1 3    0.0566648
2 1    0.0252023
2 2    0.00541803
2 3    0.0652834
3 1    0.018429
3 2    0.0246357
3 3   -0.0599489
;

mf :=
1 1    0.795365
1 2    0.192805
1 3   -0.354403
2 1   -0.199766
2 2   -0.134323
2 3   -0.747722
;

mt [*] :=
1  -0.467805
2  -0.131356
3   0.599161
;

phi :=
1 1   0.0820808
1 2   0.0541248
1 3   0.108031
2 1   0.0819966
2 2   0.052969
2 3   0.129654
3 1   0.0820526
3 2   0.0541205
3 3   0.108
4 1   0.0957811
4 2   0.0560062
4 3   0.131394
;

l [*,1,*]
:      1           2           3         :=
1   0.79517     0.193178   -0.35463
2   1.04038    -0.275227   -0.0691271
3   0.79595     0.191687   -0.353721
4   0.550352    0.660835   -0.639677

 [*,2,*]
:       1           2           3        :=
1   -0.200128   -0.13456    -0.747552
2    0.255145    0.163842   -0.960989
3   -0.198679   -0.133611   -0.748231
4   -0.654676   -0.432487   -0.534455

 [*,3,*]
:       1           2          3        :=
1   -0.467804   -0.130919   0.599236
2   -0.468629   -0.680836   0.504779
3   -0.467807   -0.132669   0.598935
4   -0.466981    0.418122   0.693542
;

W[i,j,k] :=
1 1 1    0.79517
1 1 2    0.193178
1 1 3   -0.35463
2 1 1    1.04038
2 1 2   -0.275227
2 1 3   -0.0691271
3 1 1    0.79595
3 1 2    0.191687
3 1 3   -0.353721
4 1 1    0.550352
4 1 2    0.660835
4 1 3   -0.639677
;

W[i,j,k] :=
1 1 4   -0.00553728
1 1 5    0.0348996
1 1 6    0.00659487
2 1 4    0.0166501
2 1 5    0.0569727
2 1 6    0.0237527
3 1 4   -0.00546666
3 1 5    0.0349698
3 1 6    0.00664948
4 1 4   -0.0276892
4 1 5    0.0128617
4 1 6   -0.0105356
;

W[i,j,k] :=
1 2 1   -0.200128
1 2 2   -0.13456
1 2 3   -0.747552
2 2 1    0.255145
2 2 2    0.163842
2 2 3   -0.960989
3 2 1   -0.198679
3 2 2   -0.133611
3 2 3   -0.748231
4 2 1   -0.654676
4 2 2   -0.432487
4 2 3   -0.534455
;

W[i,j,k] :=
1 2 4    0.0047343
1 2 5    0.00577497
1 2 6   -0.00230693
2 2 4   -0.0159028
2 2 5    0.0408759
2 2 6    0.0027468
3 2 4    0.00466862
3 2 5    0.00588669
3 2 6   -0.00229085
4 2 4    0.0253385
4 2 5   -0.0292699
4 2 6   -0.00735261
;

W[i,j,k] :=
1 3 1   -0.467804
1 3 2   -0.130919
1 3 3    0.599236
2 3 1   -0.468629
2 3 2   -0.680836
2 3 3    0.504779
3 3 1   -0.467807
3 3 2   -0.132669
3 3 3    0.598935
4 3 1   -0.466981
4 3 2    0.418122
4 3 3    0.693542
;

W[i,j,k] :=
1 3 4    0.00691421
1 3 5    0.017001
1 3 6    0.00911201
2 3 4   -0.0283798
2 3 5    0.0187912
2 3 6   -0.00100211
3 3 4    0.00680188
3 3 5    0.0170067
3 3 6    0.00907982
4 3 4    0.0421519
4 3 5    0.0152137
4 3 6    0.01921
;

f11 = -2.92762

f12 = 15

f13 = -7.72085

f21 = 6.56628

f22 = 15

f23 = -5.00664

f31 = -2.09196

f32 = 15

f33 = 2.5183

