solve_message = ' \
Ipopt 3.9.1: Converged to a locally infeasible point. Problem may be infeasible.'

Solve time:
_solve_time = 17.7529

Objective:
torque = 8.50642

cnh1 = 0.918185

cnh2 = -0.83295

cnh3 = -0.452177

snh1 = -0.192186

snh2 = -0.431503

snh3 = -0.82191

Hx = -0.0238853

Hy = -0.0589548

Hz = -0.0520382

cnf11 = 0.54994

cnf21 = 0.301491

cnf31 = 0.384219

cnf12 = 0.54994

cnf22 = 0.67587

cnf32 = 0.558483

cnt1 = 0.766

cnt2 = 0.560446

snf11 = 0.759978

snf21 = 0.97873

snf31 = 0.937016

snf12 = 0.759978

snf22 = 0.650538

snf32 = 0.817644

snt1 = 0.684592

snt2 = 0.839328

p :=
1 1   -0.0101036
1 2    0.0328498
1 3   -0.0386253
2 1   -0.00728734
2 2   -0.0290306
2 3    0.0635602
3 1    0.0344303
3 2   -0.000656836
3 3   -0.0544859
;

mf :=
1 1    0.126357
1 2   -0.874508
1 3   -0.11542
2 1    0.166989
2 2    0.145052
2 3   -0.752073
;

mt [*] :=
1  -0.853286
2   0.0828188
3   0.412501
;

phi :=
1 1   0.049573
1 2   0.0843837
1 3   0.0477991
2 1   0
2 2   0.0444992
2 3   0
3 1   0.0493173
3 2   0.0842084
3 3   0.0474826
4 1   0.191468
4 2   0.174976
4 3   0.270172
;

l [*,1,*]
:       1           2            3          :=
1    0.126817   -0.874408   -0.115512
2   -0.450803   -1.0003     -0.000596917
3    0.124978   -0.874808   -0.115146
4    0.703515   -0.748718   -0.230244

 [*,2,*]
:       1            2           3        :=
1    0.166843     0.145485   -0.752001
2    0.350396    -0.398688   -0.841778
3    0.167427     0.143753   -0.752287
4   -0.0164178    0.68879    -0.662368

 [*,3,*]
:       1           2            3        :=
1   -0.853085    0.0829374    0.412954
2   -1.10518    -0.0660935   -0.156052
3   -0.853887    0.0824631    0.411143
4   -0.601392    0.231731     0.981052
;

W[i,j,k] :=
1 1 1    0.126817
1 1 2   -0.874408
1 1 3   -0.115512
2 1 1   -0.450803
2 1 2   -1.0003
2 1 3   -0.000596917
3 1 1    0.124978
3 1 2   -0.874808
3 1 3   -0.115146
4 1 1    0.703515
4 1 2   -0.748718
4 1 3   -0.230244
;

W[i,j,k] :=
1 1 4   -0.0375688
1 1 5   -0.00606543
1 1 6    0.00466872
2 1 4   -0.0386565
2 1 5    0.0174064
2 1 6    0.0249154
3 1 4   -0.0375723
3 1 5   -0.00599072
3 1 6    0.00473316
4 1 4   -0.0364829
4 1 5   -0.0294998
4 1 6   -0.0155456
;

W[i,j,k] :=
1 2 1    0.166843
1 2 2    0.145485
1 2 3   -0.752001
2 2 1    0.350396
2 2 2   -0.398688
2 2 3   -0.841778
3 2 1    0.167427
3 2 2    0.143753
3 2 3   -0.752287
4 2 1   -0.0164178
4 2 2    0.68879
4 2 3   -0.662368
;

W[i,j,k] :=
1 2 4    0.012584
1 2 5    0.00512446
1 2 6    0.00378335
2 2 4    0.049778
2 2 5    0.0161369
2 2 6    0.0130776
3 2 4    0.0127024
3 2 5    0.00515952
3 2 6    0.00381293
4 2 4   -0.0245507
4 2 5   -0.00587042
4 2 6   -0.00549607
;

W[i,j,k] :=
1 3 1   -0.853085
1 3 2    0.0829374
1 3 3    0.412954
2 3 1   -1.10518
2 3 2   -0.0660935
2 3 3   -0.156052
3 3 1   -0.853887
3 3 2    0.0824631
3 3 3    0.411143
4 3 1   -0.601392
4 3 2    0.231731
4 3 3    0.981052
;

W[i,j,k] :=
1 3 4    0.00424767
1 3 5    0.032263
1 3 6    0.00229522
2 3 4   -0.00349866
2 3 5    0.0655896
2 3 6   -0.00300154
3 3 4    0.00422302
3 3 5    0.032369
3 3 6    0.00227836
4 3 4    0.0119817
4 3 5   -0.0010105
4 3 6    0.00758353
;

f11 = 1.61004

f12 = 14.9013

f13 = -0.531265

f21 = 4.52053

f22 = 15

f23 = -6.84167

f31 = 8.21624

f32 = 15

f33 = 0.822118

