solve_message = ' \
Ipopt 3.9.1: Converged to a locally infeasible point. Problem may be infeasible.'

Solve time:
_solve_time = 35.5214

Objective:
torque = 7.08823

cnh1 = -0.468899

cnh2 = -0.937993

cnh3 = -0.00575316

snh1 = -0.812486

snh2 = 0.0130308

snh3 = 1.05923

Hx = 0.0461755

Hy = -0.0759944

Hz = 0.000416251

cnf11 = 0.871351

cnf21 = 0.744597

cnf31 = 0.586711

cnf12 = 0.871351

cnf22 = 0.752386

cnf32 = 0.59014

cnt1 = 0.200838

cnt2 = 0.312055

snf11 = 0.347488

snf21 = 0.570592

snf31 = 0.798813

snf12 = 0.347488

snf22 = 0.560281

snf32 = 0.796405

snt1 = 0.994232

snt2 = 0.995139

p :=
1 1    0.00902061
1 2    0.0323067
1 3    0.0581527
2 1    0.00883768
2 2    0.0319869
2 3   -0.0591275
3 1   -0.0343801
3 2   -0.00211567
3 3    0.00100311
;

mf :=
1 1   -0.343555
1 2   -0.629445
1 3   -0.310477
2 1   -0.350863
2 2   -0.615817
2 3    0.331573
;

mt [*] :=
1   1.02188
2  -0.0715721
3  -0.0116482
;

phi :=
1 1   0
1 2   0
1 3   0.0516023
2 1   0
2 2   0
2 3   0
3 1   0
3 2   0
3 3   0.0513391
4 1   0.545507
4 2   0.123048
4 3   0.413854
;

l [*,1,*]
:       1           2           3        :=
1   -0.343933   -0.629369   -0.310131
2    0.13165    -0.725303   -0.744953
3   -0.34242    -0.629674   -0.311515
4   -0.818758   -0.533588    0.123997

 [*,2,*]
:       1            2           3        :=
1   -0.351117    -0.615525    0.331918
2   -0.0316179   -0.982155   -0.101928
3   -0.350101    -0.616692    0.330537
4   -0.670107    -0.24948     0.765072

 [*,3,*]
:      1          2            3         :=
1   1.02186   -0.0711933   -0.0120475
2   1.04315   -0.547141     0.489787
3   1.02193   -0.0727082   -0.0104503
4   1.00061    0.403995    -0.513082
;

W[i,j,k] :=
1 1 1   -0.343933
1 1 2   -0.629369
1 1 3   -0.310131
2 1 1    0.13165
2 1 2   -0.725303
2 1 3   -0.744953
3 1 1   -0.34242
3 1 2   -0.629674
3 1 3   -0.311515
4 1 1   -0.818758
4 1 2   -0.533588
4 1 3    0.123997
;

W[i,j,k] :=
1 1 4    0.0265802
1 1 5   -0.0172031
1 1 6    0.00543406
2 1 4    0.0181113
2 1 5    0.0143757
2 1 6   -0.0107959
3 1 4    0.0265532
3 1 5   -0.0171026
3 1 6    0.0053824
4 1 4    0.0350355
4 1 5   -0.0487315
4 1 6    0.0216381
;

W[i,j,k] :=
1 2 1   -0.351117
1 2 2   -0.615525
1 2 3    0.331918
2 2 1   -0.0316179
2 2 2   -0.982155
2 2 3   -0.101928
3 2 1   -0.350101
3 2 2   -0.616692
3 2 3    0.330537
4 2 1   -0.670107
4 2 2   -0.24948
4 2 3    0.765072
;

W[i,j,k] :=
1 2 4   -0.0257774
1 2 5    0.0178273
1 2 6    0.00579136
2 2 4   -0.0613327
2 2 5    0.0027703
2 2 6   -0.00766861
3 2 4   -0.0258906
3 2 5    0.0177794
3 2 6    0.00574852
4 2 4    0.0097212
4 2 5    0.0328603
4 2 6    0.0192299
;

W[i,j,k] :=
1 3 1    1.02186
1 3 2   -0.0711933
1 3 3   -0.0120475
2 3 1    1.04315
2 3 2   -0.547141
2 3 3    0.489787
3 3 1    1.02193
3 3 2   -0.0727082
3 3 3   -0.0104503
4 3 1    1.00061
4 3 2    0.403995
4 3 3   -0.513082
;

W[i,j,k] :=
1 3 4    9.69035e-05
1 3 5    0.000610847
1 3 6    0.00460955
2 3 4   -0.000487382
2 3 5    0.0178854
2 3 6    0.0210177
3 3 4    9.50438e-05
3 3 5    0.000665828
3 3 6    0.00466178
4 3 4    0.000680257
4 3 5   -0.0166361
4 3 6   -0.0117725
;

f11 = 7.96637

f12 = 15

f13 = -2.17244

f21 = 4.3927

f22 = 8.99092

f23 = 1.01653

f31 = 8.02168

f32 = 15

f33 = -1.95837

