solve_message = ' \
Ipopt 3.9.1: Converged to a locally infeasible point. Problem may be infeasible.'

Solve time:
_solve_time = 12.6985

Objective:
torque = 8.81212

cnh1 = -0.81239

cnh2 = -0.57598

cnh3 = -0.193885

snh1 = 0.679722

snh2 = 0.740437

snh3 = -0.917828

Hx = 0.0649466

Hy = 0.0597425

Hz = -0.0146911

cnf11 = 0.455621

cnf21 = 0.58439

cnf31 = 0.481107

cnf12 = 0.455621

cnf22 = 0.238578

cnf32 = 0.4126

cnt1 = 0.766

cnt2 = 0.552085

snf11 = 0.820006

snf21 = 0.857583

snf31 = 0.886435

snf12 = 0.820006

snf22 = 0.928755

snf32 = 0.891853

snt1 = 0.704293

snt2 = 0.843682

p :=
1 1   -0.0263943
1 2   -0.0175924
1 3   -0.0617904
2 1    0.00879363
2 2   -0.0333038
2 3    0.0106927
3 1   -0.0297616
3 2    0.00854949
3 3    0.0626689
;

mf :=
1 1    0.566464
1 2    0.337624
1 3    0.663872
2 1   -0.0910554
2 2    0.870528
2 3   -0.138805
;

mt [*] :=
1   0.572888
2  -0.272294
3  -0.793681
;

phi :=
1 1   0.0100387
1 2   0.0395191
1 3   0.0579382
2 1   0
2 2   0
2 3   0
3 1   0.00974057
3 2   0.0391994
3 3   0.05764
4 1   0.339179
4 2   0.285183
4 3   0.233299
;

l [*,1,*]
:       1          2          3        :=
1   0.566065    0.337481   0.664206
2   1.06687     0.517174   0.244126
3   0.567659    0.338053   0.662869
4   0.0660543   0.158075   1.08362

 [*,2,*]
:       1           2           3        :=
1   -0.091372    0.870379   -0.139144
2    0.3065      1.05677     0.287015
3   -0.0901057   0.870973   -0.137787
4   -0.488609    0.684287   -0.564623

 [*,3,*]
:      1           2           3        :=
1   0.57298    -0.272792   -0.793472
2   0.458345    0.353429   -1.05602
3   0.572615   -0.270799   -0.794308
4   0.687431   -0.898014   -0.531348
;

W[i,j,k] :=
1 1 1   0.566065
1 1 2   0.337481
1 1 3   0.664206
2 1 1   1.06687
2 1 2   0.517174
2 1 3   0.244126
3 1 1   0.567659
3 1 2   0.338053
3 1 3   0.662869
4 1 1   0.0660543
4 1 2   0.158075
4 1 3   1.08362
;

W[i,j,k] :=
1 1 4    0.00916816
1 1 5   -0.0174462
1 1 6    0.00105084
2 1 4    0.0276616
2 1 5   -0.0594791
2 1 6    0.00511841
3 1 4    0.00922702
3 1 5   -0.0175799
3 1 6    0.00106379
4 1 4   -0.00929582
4 1 5    0.0245197
4 1 6   -0.00301023
;

W[i,j,k] :=
1 2 1   -0.091372
1 2 2    0.870379
1 2 3   -0.139144
2 2 1    0.3065
2 2 2    1.05677
2 2 3    0.287015
3 2 1   -0.0901057
3 2 2    0.870973
3 2 3   -0.137787
4 2 1   -0.488609
4 2 2    0.684287
4 2 3   -0.564623
;

W[i,j,k] :=
1 2 4   -0.00467272
1 2 5    0.000246563
1 2 6    0.00461076
2 2 4   -0.0208584
2 2 5    0.000753418
2 2 6    0.0195004
3 2 4   -0.00472423
3 2 5    0.000248177
3 2 6    0.00465816
4 2 4    0.0114872
4 2 5   -0.000259483
4 2 6   -0.0102552
;

W[i,j,k] :=
1 3 1    0.57298
1 3 2   -0.272792
1 3 3   -0.793472
2 3 1    0.458345
2 3 2    0.353429
2 3 3   -1.05602
3 3 1    0.572615
3 3 2   -0.270799
3 3 3   -0.794308
4 3 1    0.687431
4 3 2   -0.898014
4 3 3   -0.531348
;

W[i,j,k] :=
1 3 4    0.0103118
1 3 5    0.012293
1 3 6    0.00322005
2 3 4   -0.0311774
2 3 5   -0.00270475
2 3 6   -0.0144372
3 3 4    0.0101797
3 3 5    0.0122452
3 3 6    0.00316385
4 3 4    0.0517348
4 3 5    0.0272668
4 3 6    0.0208492
;

f11 = 8.09455

f12 = 15

f13 = 1.63117

f21 = 7.08846

f22 = 15

f23 = -4.23512

f31 = 8.16187

f32 = 15

f33 = -1.25153

