solve_message = ' \
Ipopt 3.9.1: Maximum Number of Iterations Exceeded.'

Solve time:
_solve_time = 72.1505

Objective:
torque = 6.93443

cnh1 = 0.665862

cnh2 = -0.176778

cnh3 = 0.602275

snh1 = 0.806372

snh2 = 0.929352

snh3 = 0.874553

Hx = -0.0919289

Hy = 0.0368075

Hz = 0.0327059

cnf11 = 0.909528

cnf21 = 0.842668

cnf31 = 0.59027

cnf12 = 0.915958

cnf22 = 0.714189

cnf32 = 0.566815

cnt1 = 0.515019

cnt2 = 0.442945

snf11 = 0.227844

snf21 = 0.593797

snf31 = 0.812157

snf12 = 0.227208

snf22 = 0.619771

snf32 = 0.813702

snt1 = 0.925615

snt2 = 0.915968

p :=
1 1   -0.00416535
1 2   -0.0310898
1 3   -0.0621906
2 1   -0.00236358
2 2    0.0273683
2 3   -0.0621709
3 1    0.0311041
3 2    0.00807739
3 3    0.0614203
;

mf :=
1 1    0.130169
1 2    0.379394
1 3    0.838283
2 1   -0.00459303
2 2   -0.0755458
2 3    0.838545
;

mt [*] :=
1  -0.73406
2  -0.0462315
3  -0.750198
;

phi :=
1 1   0.0536606
1 2   0.0542495
1 3   0.0839313
2 1   0.00857742
2 2   0.00908772
2 3   0.0191618
3 1   0.0534531
3 2   0.0540466
3 3   0.0836166
4 1   0.169123
4 2   0.160373
4 3   0.283711
;

l [*,1,*]
:       1           2          3        :=
1    0.132714    0.378775   0.839729
2   -0.392121    0.895565   0.723225
3    0.131045    0.380411   0.839358
4    0.657324   -0.134329   0.955836

 [*,2,*]
:        1            2           3        :=
1   -0.00395908   -0.0735509   0.841655
2   -0.45629       0.466724    0.876146
3   -0.00539579   -0.0718304   0.841765
4    0.447074     -0.615974    0.807064

 [*,3,*]
:       1           2            3        :=
1   -0.735461   -0.0451886   -0.751806
2   -1.18719    -0.441624    -0.342042
3   -0.73689    -0.046447    -0.750502
4   -0.288952    0.351053    -1.16126
;

W[i,j,k] :=
1 1 1    0.130931
1 1 2    0.37949
1 1 3    0.840552
2 1 1   -0.393227
2 1 2    0.896408
2 1 3    0.723431
3 1 1    0.129264
3 1 2    0.381127
3 1 3    0.840179
4 1 1    0.655222
4 1 2   -0.133693
4 1 3    0.957059
;

W[i,j,k] :=
1 1 4   -0.0026155
1 1 5   -0.0049146
1 1 6    0.00240721
2 1 4    0.0330913
2 1 5    0.0271055
2 1 6   -0.0158834
3 1 4   -0.00250251
3 1 5   -0.0048128
3 1 6    0.0023491
4 1 4   -0.0379689
4 1 5   -0.0369433
4 1 6    0.0206803
;

W[i,j,k] :=
1 2 1   -0.00108271
1 2 2   -0.0713883
1 2 3    0.842764
2 2 1   -0.453269
2 2 2    0.467458
2 2 3    0.875733
3 2 1   -0.00251914
3 2 2   -0.0696725
3 2 3    0.842869
4 2 1    0.450059
4 2 2   -0.612424
4 2 3    0.809529
;

W[i,j,k] :=
1 2 4    0.0199785
1 2 5    0.00283048
1 2 6    0.000835604
2 2 4    0.0543173
2 2 5    0.0310742
2 2 6    0.0124527
3 2 4    0.0200877
3 2 5    0.0029202
3 2 6    0.000872483
4 2 4   -0.0144178
4 2 5   -0.0253429
4 2 6   -0.0107194
;

W[i,j,k] :=
1 3 1   -0.731649
1 3 2   -0.0449268
1 3 3   -0.75162
2 3 1   -1.18328
2 3 2   -0.438847
2 3 3   -0.342539
3 3 1   -0.733079
3 3 2   -0.0461771
3 3 3   -0.750317
4 3 1   -0.284703
4 3 2    0.348829
4 3 3   -1.16077
;

W[i,j,k] :=
1 3 4   -0.00347847
1 3 5   -0.021657
1 3 6    0.00462824
2 3 4    0.0240569
2 3 5   -0.0620775
2 3 6   -0.00384102
3 3 4   -0.00339119
3 3 5   -0.0217851
3 3 6    0.00460132
4 3 4   -0.0308073
4 3 5    0.0183927
4 3 6    0.0131467
;

f11 = 8.32072

f12 = 15

f13 = -0.786655

f21 = -5.29408

f22 = 10.8613

f23 = 1.86637

f31 = 8.12974

f32 = 15

f33 = 0.364596

