solve_message = ' \
Ipopt 3.9.1: Converged to a locally infeasible point. Problem may be infeasible.'

Solve time:
_solve_time = 2.52722

Objective:
torque = 6.64859

cnh1 = 0.900408

cnh2 = 0.938043

cnh3 = 0.773205

snh1 = 0.263185

snh2 = 0.00865072

snh3 = 0.531182

Hx = -0.054156

Hy = 0.0635063

Hz = -0.0220671

cnf11 = 0.932738

cnf21 = 0.38638

cnf31 = 0.462735

cnf12 = 0.932738

cnf22 = 0.741866

cnf32 = 0.585521

cnt1 = 0.766

cnt2 = 0.546762

snf11 = 0

snf21 = 0.854816

snf31 = 0.86763

snf12 = 0

snf22 = 0.574139

snf32 = 0.799642

snt1 = 0.720493

snt2 = 0.848886

p :=
1 1   -0.0285961
1 2    0.0138461
1 3    0.058301
2 1    0.0316277
2 2    0.0124143
2 3    0.0481901
3 1   -0.0334698
3 2   -0.00820669
3 3    0.0543433
;

mf :=
1 1   -0.643232
1 2    0.0489734
1 3   -0.438767
2 1   -0.754323
2 2   -0.137415
2 3    0.0358738
;

mt [*] :=
1   0.86216
2   0.349125
3  -0.144797
;

phi :=
1 1   0.0451224
1 2   0.089199
1 3   0.101115
2 1   0.0184455
2 2   0.0396317
2 3   0.0475733
3 1   0.0450218
3 2   0.0889978
3 3   0.100894
4 1   0.0832698
4 2   0.173243
4 3   0.200185
;

l [*,1,*]
:       1           2            3        :=
1   -0.643254    0.0485183   -0.438751
2   -0.615613    0.620431    -0.459224
3   -0.643167    0.0503386   -0.438816
4   -0.670852   -0.522482    -0.418311

 [*,2,*]
:       1           2           3         :=
1   -0.754237   -0.137862    0.0359581
2   -0.862843    0.423601   -0.0699416
3   -0.754582   -0.136075    0.035621
4   -0.645804   -0.698429    0.141689

 [*,3,*]
:      1          2           3        :=
1   0.862205   0.349221   -0.144295
2   0.806055   0.228231   -0.775016
3   0.862026   0.348836   -0.146302
4   0.918265   0.470018    0.48542
;

W[i,j,k] :=
1 1 1   -0.643254
1 1 2    0.0485183
1 1 3   -0.438751
2 1 1   -0.615613
2 1 2    0.620431
2 1 3   -0.459224
3 1 1   -0.643167
3 1 2    0.0503386
3 1 3   -0.438816
4 1 1   -0.670852
4 1 2   -0.522482
4 1 3   -0.418311
;

W[i,j,k] :=
1 1 4   -0.00890367
1 1 5   -0.050049
1 1 6    0.00751915
2 1 4   -0.0425302
2 1 5   -0.0490229
2 1 6   -0.00921807
3 1 4   -0.0090107
3 1 5   -0.0500457
3 1 6    0.00746588
4 1 4    0.0246693
4 1 5   -0.0510734
4 1 6    0.0242297
;

W[i,j,k] :=
1 2 1   -0.754237
1 2 2   -0.137862
1 2 3    0.0359581
2 2 1   -0.862843
2 2 2    0.423601
2 2 3   -0.0699416
3 2 1   -0.754582
3 2 2   -0.136075
3 2 3    0.035621
4 2 1   -0.645804
4 2 2   -0.698429
4 2 3    0.141689
;

W[i,j,k] :=
1 2 4    0.00708998
1 2 5   -0.037484
1 2 6    0.00500308
2 2 4   -0.0212816
2 2 5   -0.0393684
2 2 6    0.0241092
3 2 4    0.00699968
3 2 5   -0.03749
3 2 6    0.00506389
4 2 4    0.0354164
4 2 5   -0.0356026
4 2 6   -0.0140725
;

W[i,j,k] :=
1 3 1    0.862205
1 3 2    0.349221
1 3 3   -0.144295
2 3 1    0.806055
2 3 2    0.228231
2 3 3   -0.775016
3 3 1    0.862026
3 3 2    0.348836
3 3 3   -0.146302
4 3 1    0.918265
4 3 2    0.470018
4 3 3    0.48542
;

W[i,j,k] :=
1 3 4   -0.0177937
1 3 5    0.0420256
1 3 6   -0.00461253
2 3 4   -0.00604253
2 3 5    0.0178641
2 3 6   -0.00102382
3 3 4   -0.0177563
3 3 5    0.0419487
3 3 6   -0.00460111
4 3 4   -0.0295261
4 3 5    0.0661485
4 3 6   -0.00819551
;

f11 = 2.88688

f12 = 9.08016

f13 = 0.179603

f21 = 0.82256

f22 = 11.0355

f23 = -5.46708

f31 = 6.67673

f32 = 15

f33 = -4.85838

