solve_message = ' \
Ipopt 3.9.1: Converged to a locally infeasible point. Problem may be infeasible.'

Solve time:
_solve_time = 8.68926

Objective:
torque = 5.75958

cnh1 = 0.825337

cnh2 = -0.900146

cnh3 = 0.482304

snh1 = -0.445891

snh2 = 0.264079

snh3 = 0.804601

Hx = 0.0232715

Hy = 0.0481165

Hz = 0.0071418

cnf11 = 0.932738

cnf21 = 0.855496

cnf31 = 0.581768

cnf12 = 0.932738

cnf22 = 0.500924

cnf32 = 0.497301

cnt1 = 0.292074

cnt2 = 0.402247

snf11 = 0

snf21 = 0.624602

snf31 = 0.823905

snf12 = 0

snf22 = 0.793143

snf32 = 0.852294

snt1 = 0.955075

snt2 = 0.914977

p :=
1 1   -0.0316853
1 2    0.0114106
1 3   -0.0510703
2 1   -0.0326465
2 2    0.00676612
2 3   -0.0587273
3 1    0.0166517
3 2   -0.0301461
3 3   -0.0280258
;

mf :=
1 1    0.702811
1 2   -0.420119
1 3    0.34783
2 1    0.709511
2 2    0.0251399
2 3    0.328156
;

mt [*] :=
1  -0.2921
2   0.806705
3   0.156355
;

phi :=
1 1   0.0651025
1 2   0.0138054
1 3   0.0497068
2 1   0
2 2   0
2 3   0
3 1   0.0647619
3 2   0.0137262
3 3   0.0493486
4 1   0.330238
4 2   0.0456894
4 3   0.408056
;

l [*,1,*]
:      1           2           3        :=
1   0.702533   -0.420525    0.347906
2   1.05198     0.0897117   0.252448
3   0.703645   -0.418901    0.347602
4   0.353642   -0.929948    0.443211

 [*,2,*]
:      1           2           3        :=
1   0.709437    0.0247171   0.328323
2   0.802375    0.556143    0.11836
3   0.709733    0.0264085   0.327654
4   0.616647   -0.505861    0.53795

 [*,3,*]
:       1          2           3        :=
1   -0.292234   0.806759    0.155875
2   -0.123729   0.738039    0.759761
3   -0.291698   0.80654     0.157797
4   -0.460471   0.875369   -0.447048
;

W[i,j,k] :=
1 1 1    0.702533
1 1 2   -0.420525
1 1 3    0.347906
2 1 1    1.05198
2 1 2    0.0897117
2 1 3    0.252448
3 1 1    0.703645
3 1 2   -0.418901
3 1 3    0.347602
4 1 1    0.353642
4 1 2   -0.929948
4 1 3    0.443211
;

W[i,j,k] :=
1 1 4   -0.0175065
1 1 5   -0.024855
1 1 6    0.0053082
2 1 4    0.00746217
2 1 5   -0.0457261
2 1 6   -0.0148462
3 1 4   -0.0174271
3 1 5   -0.0249215
3 1 6    0.00524405
4 1 4   -0.0424354
4 1 5   -0.0040173
4 1 6    0.0254305
;

W[i,j,k] :=
1 2 1    0.709437
1 2 2    0.0247171
1 2 3    0.328323
2 2 1    0.802375
2 2 2    0.556143
2 2 3    0.11836
3 2 1    0.709733
3 2 2    0.0264085
3 2 3    0.327654
4 2 1    0.616647
4 2 2   -0.505861
4 2 3    0.53795
;

W[i,j,k] :=
1 2 4    0.00367303
1 2 5   -0.0309447
1 2 6   -0.00560706
2 2 4    0.0334616
2 2 5   -0.0432572
2 2 6   -0.0235851
3 2 4    0.00376784
3 2 5   -0.0309839
3 2 6   -0.00566428
4 2 4   -0.026068
4 2 5   -0.0186519
4 2 6    0.0123423
;

W[i,j,k] :=
1 3 1   -0.292234
1 3 2    0.806759
1 3 3    0.155875
2 3 1   -0.123729
2 3 2    0.738039
2 3 3    0.759761
3 3 1   -0.291698
3 3 2    0.80654
3 3 3    0.157797
4 3 1   -0.460471
4 3 2    0.875369
4 3 3   -0.447048
;

W[i,j,k] :=
1 3 4    0.0179111
1 3 5    0.00559452
1 3 6    0.00462419
2 3 4   -0.00221969
2 3 5   -0.00918372
2 3 6    0.00855968
3 3 4    0.017847
3 3 5    0.00554748
3 3 6    0.00463672
4 3 4    0.0380097
4 3 5    0.0203492
4 3 6    0.000694974
;

f11 = 7.87418

f12 = 15

f13 = 2.48593

f21 = -0.430312

f22 = 1.89765

f23 = 0.913836

f31 = 5.35187

f32 = 14.0324

f33 = 4.55021

