solve_message = ' \
Ipopt 3.9.1: Converged to a locally infeasible point. Problem may be infeasible.'

Solve time:
_solve_time = 3.36962

Objective:
torque = 7.14311

cnh1 = 0.935288

cnh2 = -0.91271

cnh3 = 0.0839408

snh1 = -0.0723622

snh2 = 0.216703

snh3 = 0.93432

Hx = 0.0256058

Hy = 0.0533729

Hz = 0.0553141

cnf11 = 0.79344

cnf21 = 0.79976

cnf31 = 0.612383

cnf12 = 0.79344

cnf22 = 0.712998

cnf32 = 0.57332

cnt1 = 0.247948

cnt2 = 0.303799

snf11 = 0.500453

snf21 = 0.49029

snf31 = 0.780142

snf12 = 0.500453

snf22 = 0.609618

snf32 = 0.807966

snt1 = 0.984001

snt2 = 1

p :=
1 1    0.0249096
1 2   -0.0175378
1 3    0.0603275
2 1   -0.0268664
2 2   -0.0156186
2 3    0.0595112
3 1    0.0198785
3 2   -0.0272287
3 3    0.0507911
;

mf :=
1 1    0.710923
1 2   -0.11277
1 3   -0.243722
2 1    0.540622
2 2   -0.00476589
2 3    0.560574
;

mt [*] :=
1  -0.423259
2   0.844308
3  -0.0485759
;

phi :=
1 1   0.0744779
1 2   0.0487211
1 3   0.0700108
2 1   0.0226594
2 2   0
2 3   0.00306257
3 1   0.074295
3 2   0.0484657
3 3   0.0697259
4 1   0.140252
4 2   0.180581
4 3   0.223196
;

l [*,1,*]
:      1           2           3        :=
1   0.710979   -0.113124   -0.243426
2   0.639805    0.332399   -0.614519
3   0.710753   -0.111706   -0.244607
4   0.78204    -0.557937    0.127074

 [*,2,*]
:      1            2           3        :=
1   0.540391   -0.00509825   0.560792
2   0.830904    0.412598     0.286869
3   0.541315   -0.00376881   0.55992
4   0.250341   -0.422128     0.834278

 [*,3,*]
:       1          2           3         :=
1   -0.423506   0.844166   -0.0490118
2   -0.113016   1.0228      0.498923
3   -0.422518   0.844734   -0.0472679
4   -0.7335     0.665814   -0.596073
;

W[i,j,k] :=
1 1 1    0.710979
1 1 2   -0.113124
1 1 3   -0.243426
2 1 1    0.639805
2 1 2    0.332399
2 1 3   -0.614519
3 1 1    0.710753
3 1 2   -0.111706
3 1 3   -0.244607
4 1 1    0.78204
4 1 2   -0.557937
4 1 3    0.127074
;

W[i,j,k] :=
1 1 4    0.0110937
1 1 5    0.0489552
1 1 6    0.00965111
2 1 4   -0.00927548
2 1 5    0.0539052
2 1 6    0.0195007
3 1 4    0.0110288
3 1 5    0.048971
3 1 6    0.00968246
4 1 4    0.0314303
4 1 5    0.0440132
4 1 6   -0.000182725
;

W[i,j,k] :=
1 2 1    0.540391
1 2 2   -0.00509825
1 2 3    0.560792
2 2 1    0.830904
2 2 2    0.412598
2 2 3    0.286869
3 2 1    0.541315
3 2 2   -0.00376881
3 2 3    0.55992
4 2 1    0.250341
4 2 2   -0.422128
4 2 3    0.834278
;

W[i,j,k] :=
1 2 4   -0.00845538
1 2 5    0.0472257
1 2 6    0.00857712
2 2 4   -0.0290347
2 2 5    0.0571552
2 2 6    0.00189254
3 2 4   -0.00852088
3 2 5    0.0472573
3 2 6    0.00855584
4 2 4    0.0120911
4 2 5    0.0373121
4 2 6    0.015251
;

W[i,j,k] :=
1 3 1   -0.423506
1 3 2    0.844166
1 3 3   -0.0490118
2 3 1   -0.113016
2 3 2    1.0228
2 3 3    0.498923
3 3 1   -0.422518
3 3 2    0.844734
3 3 3   -0.0472679
4 3 1   -0.7335
4 3 2    0.665814
4 3 3   -0.596073
;

W[i,j,k] :=
1 3 4   -0.0415415
1 3 5   -0.020536
1 3 6    0.00524919
2 3 4   -0.0655343
2 3 5   -0.015658
2 3 6    0.0172545
3 3 4   -0.0416179
3 3 5   -0.0205205
3 3 6    0.0052874
4 3 4   -0.0175871
4 3 5   -0.0254062
4 3 6   -0.00673694
;

f11 = 8.23382

f12 = 15

f13 = -0.621881

f21 = 4.38485

f22 = 9.87207

f23 = 2.29293

f31 = 5.35725

f32 = 15

f33 = 0.886244

