solve_message = ' \
Ipopt 3.9.1: Converged to a locally infeasible point. Problem may be infeasible.'

Solve time:
_solve_time = 9.84366

Objective:
torque = 7.19025

cnh1 = 0.816432

cnh2 = 0.543209

cnh3 = -0.938052

snh1 = -0.461995

snh2 = -0.764803

snh3 = 0.00760072

Hx = -0.0404556

Hy = 0.00962582

Hz = 0.0552079

cnf11 = 0.648875

cnf21 = 0.242436

cnf31 = 0.369665

cnf12 = 0.648875

cnf22 = 0.720621

cnf32 = 0.57648

cnt1 = 0.732402

cnt2 = 0.581449

snf11 = 0.677466

snf21 = 0.986319

snf31 = 0.940384

snf12 = 0.677466

snf22 = 0.600587

snf32 = 0.805842

snt1 = 0.586164

snt2 = 0.802457

p :=
1 1    0.0343518
1 2    0.00253375
1 3    0.0149659
2 1   -0.000459271
2 2   -0.0340879
2 3    0.0561894
3 1   -0.0311883
3 2    0.00365981
3 3   -0.0621889
;

mf :=
1 1   -0.834258
1 2    0.0730337
1 3    0.134535
2 1   -0.0315338
2 2    0.653336
2 3   -0.427662
;

mt [*] :=
1   0.385885
2  -0.217996
3   0.732838
;

phi :=
1 1   0.0488852
1 2   0.0915186
1 3   0.0619565
2 1   0.00787612
2 2   0.0650617
2 3   0.00247452
3 1   0.0487052
3 2   0.0914215
3 3   0.0616556
4 1   0.136656
4 2   0.127248
4 3   0.286469
;

l [*,1,*]
:       1           2            3        :=
1   -0.834322    0.0731007    0.134043
2   -0.753773   -0.0111474    0.752655
3   -0.834066    0.0728326    0.136012
4   -0.914743    0.157214    -0.483582

 [*,2,*]
:       1           2           3        :=
1   -0.0310858   0.653359   -0.427658
2   -0.59405     0.62393    -0.432117
3   -0.0328776   0.653266   -0.427672
4    0.53098     0.682742   -0.423207

 [*,3,*]
:      1           2          3        :=
1   0.385934   -0.218429   0.732665
2   0.324766    0.325937   0.950324
3   0.385739   -0.216697   0.733358
4   0.447003   -0.761927   0.515353
;

W[i,j,k] :=
1 1 1   -0.834322
1 1 2    0.0731007
1 1 3    0.134043
2 1 1   -0.753773
2 1 2   -0.0111474
2 1 3    0.752655
3 1 1   -0.834066
3 1 2    0.0728326
3 1 3    0.136012
4 1 1   -0.914743
4 1 2    0.157214
4 1 3   -0.483582
;

W[i,j,k] :=
1 1 4   -0.000754388
1 1 5   -0.017091
1 1 6    0.00462511
2 1 4    0.00207387
2 1 5   -0.037136
2 1 6    0.00152694
3 1 4   -0.000745386
3 1 5   -0.0171548
3 1 6    0.00461525
4 1 4   -0.00357813
4 1 5    0.00292193
4 1 6    0.00771833
;

W[i,j,k] :=
1 2 1   -0.0310858
1 2 2    0.653359
1 2 3   -0.427658
2 2 1   -0.59405
2 2 2    0.62393
2 2 3   -0.432117
3 2 1   -0.0328776
3 2 2    0.653266
3 2 3   -0.427672
4 2 1    0.53098
4 2 2    0.682742
4 2 3   -0.423207
;

W[i,j,k] :=
1 2 4   -0.0221339
1 2 5   -0.0019431
1 2 6   -0.00135972
2 2 4   -0.0203283
2 2 5   -0.0335778
2 2 6   -0.0205365
3 2 4   -0.0221282
3 2 5   -0.00204379
3 2 6   -0.00142075
4 2 4   -0.0239366
4 2 5    0.0296411
4 2 6    0.0177864
;

W[i,j,k] :=
1 3 1    0.385934
1 3 2   -0.218429
1 3 3    0.732665
2 3 1    0.324766
2 3 2    0.325937
2 3 3    0.950324
3 3 1    0.385739
3 3 2   -0.216697
3 3 3    0.733358
4 3 1    0.447003
4 3 2   -0.761927
4 3 3    0.515353
;

W[i,j,k] :=
1 3 4   -0.0109025
1 3 5   -0.00115018
1 3 6    0.0054
2 3 4    0.0237477
2 3 5    0.00944217
2 3 6   -0.011354
3 3 4   -0.0107922
3 3 5   -0.00111646
3 3 6    0.00534668
4 3 4   -0.0454973
4 3 5   -0.0117256
4 3 6    0.0221273
;

f11 = 1.40257

f12 = 11.2423

f13 = 1.58296

f21 = 8.00638

f22 = 15

f23 = 2.02

f31 = 3.91175

f32 = 15

f33 = 7.27191

