solve_message = ' \
Ipopt 3.9.1: Converged to a locally infeasible point. Problem may be infeasible.'

Solve time:
_solve_time = 29.7026

Objective:
torque = 7.82185

cnh1 = 0.607578

cnh2 = 0.90542

cnh3 = 0.340308

snh1 = -0.714737

snh2 = -0.245386

snh3 = -0.87418

Hx = -0.0559281

Hy = -0.0307194

Hz = -0.0450238

cnf11 = 0.750561

cnf21 = 0.744191

cnf31 = 0.586534

cnf12 = 0.750561

cnf22 = 0.79036

cnf32 = 0.552681

cnt1 = 0.284097

cnt2 = 0.313543

snf11 = 0.562724

snf21 = 0.571122

snf31 = 0.798937

snf12 = 0.562724

snf22 = 0.705217

snf32 = 0.844783

snt1 = 0.989088

snt2 = 1

p :=
1 1    0.00447049
1 2   -0.030578
1 3    0.0627315
2 1    0.0324126
2 2   -0.0100061
2 3   -0.056871
3 1    0.00223381
3 2    0.0343723
3 3   -0.0194898
;

mf :=
1 1   -0.199766
1 2    0.467753
1 3   -0.591316
2 1   -0.750141
2 2    0.387911
2 3    0.227251
;

mt [*] :=
1  -0.19463
2  -0.925331
3  -0.134268
;

phi :=
1 1   0.0713554
1 2   0.0215756
1 3   0.043519
2 1   0.0211618
2 2   0
2 3   0
3 1   0.071139
3 2   0.021259
3 3   0.0431312
4 1   0.172217
4 2   0.271356
4 3   0.334089
;

l [*,1,*]
:       1           2           3        :=
1   -0.19979    0.468104    -0.591025
2   -0.1696     0.0260287   -0.956282
3   -0.199694   0.466697    -0.592188
4   -0.229932   0.909475    -0.226351

 [*,2,*]
:       1          2           3        :=
1   -0.749928   0.388027    0.227689
2   -1.01874    0.24146    -0.322494
3   -0.750783   0.387561    0.225938
4   -0.481547   0.534361    0.776995

 [*,3,*]
:       1           2           3         :=
1   -0.194145   -0.925404   -0.134421
2   -0.803691   -0.833595    0.0575665
3   -0.196085   -0.925112   -0.13381
4    0.414429   -1.01707    -0.326101
;

W[i,j,k] :=
1 1 1   -0.19979
1 1 2    0.468104
1 1 3   -0.591025
2 1 1   -0.1696
2 1 2    0.0260287
2 1 3   -0.956282
3 1 1   -0.199694
3 1 2    0.466697
3 1 3   -0.592188
4 1 1   -0.229932
4 1 2    0.909475
4 1 3   -0.226351
;

W[i,j,k] :=
1 1 4   -0.0112925
1 1 5   -0.00989095
1 1 6   -0.00401653
2 1 4    0.0276084
2 1 5   -0.00636421
2 1 6   -0.00506967
3 1 4   -0.0111687
3 1 5   -0.00987973
3 1 6   -0.00401988
4 1 4   -0.0501313
4 1 5   -0.0134121
4 1 6   -0.00296506
;

W[i,j,k] :=
1 2 1   -0.749928
1 2 2    0.388027
1 2 3    0.227689
2 2 1   -1.01874
2 2 2    0.24146
2 2 3   -0.322494
3 2 1   -0.750783
3 2 2    0.387561
3 2 3    0.225938
4 2 1   -0.481547
4 2 2    0.534361
4 2 3    0.776995
;

W[i,j,k] :=
1 2 4    0.0197892
1 2 5    0.0352692
1 2 6    0.00507315
2 2 4    0.016959
2 2 5    0.0683895
2 2 6   -0.00236723
3 2 4    0.0197802
3 2 5    0.0353746
3 2 6    0.00504947
4 2 4    0.022615
4 2 5    0.00220163
4 2 6    0.0125017
;

W[i,j,k] :=
1 3 1   -0.194145
1 3 2   -0.925404
1 3 3   -0.134421
2 3 1   -0.803691
2 3 2   -0.833595
2 3 3    0.0575665
3 3 1   -0.196085
3 3 2   -0.925112
3 3 3   -0.13381
4 3 1    0.414429
4 3 2   -1.01707
4 3 3   -0.326101
;

W[i,j,k] :=
1 3 4   -0.0226562
1 3 5    0.0040841
1 3 6    0.00460603
2 3 4   -0.0142679
2 3 5    0.0155351
2 3 6    0.0257627
3 3 4   -0.0226295
3 3 5    0.00412055
3 3 6    0.00467337
4 3 4   -0.0310313
4 3 5   -0.00734867
4 3 6   -0.0165168
;

f11 = 4.82817

f12 = 15

f13 = -6.6986

f21 = 7.99981

f22 = 15

f23 = 2.04588

f31 = 8.22054

f32 = 15

f33 = 0.777971

