solve_message = ' \
Ipopt 3.9.1: Converged to a locally infeasible point. Problem may be infeasible.'

Solve time:
_solve_time = 8.36165

Objective:
torque = 7.30466

cnh1 = 0.87934

cnh2 = -0.938051

cnh3 = -9.39411e-05

snh1 = -0.512631

snh2 = -0.00773061

snh3 = 0.938083

Hx = 0.0754972

Hy = 0.0421548

Hz = -0.000888137

cnf11 = 0.827796

cnf21 = 0.742083

cnf31 = 0.585616

cnf12 = 0.827796

cnf22 = 0.73449

cnf32 = 0.582341

cnt1 = 0.190063

cnt2 = 0.308443

snf11 = 0.44131

snf21 = 0.573858

snf31 = 0.799577

snf12 = 0.44131

snf22 = 0.583545

snf32 = 0.801844

snt1 = 0.992784

snt2 = 0.99673

p :=
1 1   -0.032075
1 2    0.00829228
1 3    0.0592643
2 1   -0.032229
2 2    0.00772502
2 3   -0.0592343
3 1    0.00327121
3 2   -0.0342895
3 3   -0.000934486
;

mf :=
1 1    0.643657
1 2   -0.348458
1 3   -0.366877
2 1    0.656142
2 2   -0.338049
2 3    0.35473
;

mt [*] :=
1  0.0388146
2  1.00626
3  0.00374971
;

phi :=
1 1   0.0439157
1 2   0.0377681
1 3   0.0544886
2 1   0.0082717
2 2   0
2 3   0
3 1   0.0437706
3 2   0.0374802
3 3   0.0539551
4 1   0.147431
4 2   0.284869
4 3   0.344626
;

l [*,1,*]
:      1           2            3         :=
1   0.643632   -0.348853   -0.366593
2   0.674208    0.147298   -0.72464
3   0.64373    -0.347273   -0.367732
4   0.613105   -0.844211   -0.00911617

 [*,2,*]
:      1           2            3         :=
1   0.655832   -0.338278     0.355028
2   1.04503    -0.0515536   -0.0189084
3   0.657071   -0.337365     0.353838
4   0.267252   -0.624544     0.728368

 [*,3,*]
:       1           2            3         :=
1    0.0384114   1.00627     0.00340223
2    0.545145    0.985045    0.440114
3    0.0400242   1.0062      0.00479218
4   -0.467514    1.02747    -0.432613
;

W[i,j,k] :=
1 1 1    0.643632
1 1 2   -0.348853
1 1 3   -0.366593
2 1 1    0.674208
2 1 2    0.147298
2 1 3   -0.72464
3 1 1    0.64373
3 1 2   -0.347273
3 1 3   -0.367732
4 1 1    0.613105
4 1 2   -0.844211
4 1 3   -0.00911617
;

W[i,j,k] :=
1 1 4    0.0176346
1 1 5    0.026386
1 1 6    0.00585225
2 1 4   -0.0147384
2 1 5    0.0167137
2 1 6   -0.0103153
3 1 4    0.0175316
3 1 5    0.0263552
3 1 6    0.00580079
4 1 4    0.049956
4 1 5    0.0360428
4 1 6    0.021994
;

W[i,j,k] :=
1 2 1    0.655832
1 2 2   -0.338278
1 2 3    0.355028
2 2 1    1.04503
2 2 2   -0.0515536
2 2 3   -0.0189084
3 2 1    0.657071
3 2 2   -0.337365
3 2 3    0.353838
4 2 1    0.267252
4 2 2   -0.624544
4 2 3    0.728368
;

W[i,j,k] :=
1 2 4   -0.017295
1 2 5   -0.0274055
1 2 6    0.00583604
2 2 4   -0.00319981
2 2 5   -0.0625111
2 2 6   -0.00641138
3 2 4   -0.0172502
3 2 5   -0.0275172
3 2 6    0.00579706
4 2 4   -0.0313677
4 2 5    0.0076441
4 2 6    0.0180639
;

W[i,j,k] :=
1 3 1    0.0384114
1 3 2    1.00627
1 3 3    0.00340223
2 3 1    0.545145
2 3 2    0.985045
2 3 3    0.440114
3 3 1    0.0400242
3 3 2    1.0062
3 3 3    0.00479218
4 3 1   -0.467514
4 3 2    1.02747
4 3 3   -0.432613
;

W[i,j,k] :=
1 3 4    0.000823687
1 3 5   -4.70243e-05
1 3 6    0.00460884
2 3 4   -0.0141708
2 3 5   -0.00194914
2 3 6    0.021915
3 3 4    0.000775963
3 3 5   -5.30783e-05
3 3 6    0.00466392
4 3 4    0.0157942
4 3 5    0.00185206
4 3 6   -0.0126697
;

f11 = 7.90868

f12 = 15

f13 = -2.37387

f21 = 5.07633

f22 = 10.6213

f23 = 1.59808

f31 = 8.18758

f32 = 15

f33 = -1.07051

