solve_message = ' \
Ipopt 3.9.1: Converged to a locally infeasible point. Problem may be infeasible.'

Solve time:
_solve_time = 2.62082

Objective:
torque = 8.53763

cnh1 = 0.764819

cnh2 = -0.547955

cnh3 = -0.930304

snh1 = 0.543186

snh2 = -0.76141

snh3 = 0.120561

Hx = -0.0673032

Hy = -0.0402982

Hz = -0.0515041

cnf11 = 0.858642

cnf21 = -0.0800879

cnf31 = 0.371367

cnf12 = 0.858642

cnf22 = 0.797481

cnf32 = 0.555746

cnt1 = 0.729535

cnt2 = 0.527321

snf11 = 0.377802

snf21 = 0.934658

snf31 = 0.861444

snf12 = 0.377802

snf22 = 0.697154

snf32 = 0.842639

snt1 = 0.76797

snt2 = 0.862053

p :=
1 1   -0.0315506
1 2   -0.000458287
1 3   -0.0587202
2 1   -0.0119722
2 2   -0.0295905
2 3    0.0579897
3 1    0.0298182
3 2    0.0147995
3 3   -0.0588638
;

mf :=
1 1   -0.36119
1 2   -0.253175
1 3   -0.614365
2 1    0.119476
2 2    0.533298
2 3   -0.739726
;

mt [*] :=
1  -0.601687
2  -0.388856
3   0.645821
;

phi :=
1 1   0.044713
1 2   0.0824673
1 3   0.0576707
2 1   0.00229918
2 2   0.0685925
2 3   0
3 1   0.0445267
3 2   0.0824193
3 3   0.0573177
4 1   0.148375
4 2   0.0981419
4 3   0.284266
;

l [*,1,*]
:       1           2           3        :=
1   -0.361034   -0.252849   -0.614626
2   -0.55683    -0.663563   -0.286444
3   -0.361657   -0.254156   -0.613582
4   -0.16555     0.157211   -0.942285

 [*,2,*]
:       1          2           3        :=
1   0.119531    0.533669   -0.73941
2   0.0496857   0.068498   -1.13659
3   0.119309    0.532188   -0.740674
4   0.189266    0.998097   -0.34286

 [*,3,*]
:       1           2          3        :=
1   -0.60131    -0.389072   0.646088
2   -1.07504    -0.118126   0.309757
3   -0.602817   -0.388209   0.645018
4   -0.128339   -0.659585   0.981884
;

W[i,j,k] :=
1 1 1   -0.361034
1 1 2   -0.252849
1 1 3   -0.614626
2 1 1   -0.55683
2 1 2   -0.663563
2 1 3   -0.286444
3 1 1   -0.361657
3 1 2   -0.254156
3 1 3   -0.613582
4 1 1   -0.16555
4 1 2    0.157211
4 1 3   -0.942285
;

W[i,j,k] :=
1 1 4   -0.0145656
1 1 5    0.00180813
1 1 6    0.00781207
2 1 4   -0.0388333
2 1 5    0.0236597
2 1 6    0.0206806
3 1 4   -0.0146429
3 1 5    0.00187768
3 1 6    0.00785303
4 1 4    0.00966329
4 1 5   -0.0200086
4 1 6   -0.00503597
;

W[i,j,k] :=
1 2 1    0.119531
1 2 2    0.533669
1 2 3   -0.73941
2 2 1    0.0496857
2 2 2    0.068498
2 2 3   -1.13659
3 2 1    0.119309
3 2 2    0.532188
3 2 3   -0.740674
4 2 1    0.189266
4 2 2    0.998097
4 2 3   -0.34286
;

W[i,j,k] :=
1 2 4   -0.00906777
1 2 5   -0.0019208
1 2 6   -0.00285221
2 2 4    0.0296602
2 2 5   -0.0107263
2 2 6    0.000650151
3 2 4   -0.00894451
3 2 5   -0.00194882
3 2 6   -0.00284106
4 2 4   -0.047734
4 2 5    0.00687067
4 2 6   -0.00634899
;

W[i,j,k] :=
1 3 1   -0.60131
1 3 2   -0.389072
1 3 3    0.646088
2 3 1   -1.07504
2 3 2   -0.118126
2 3 3    0.309757
3 3 1   -0.602817
3 3 2   -0.388209
3 3 3    0.645018
4 3 1   -0.128339
4 3 2   -0.659585
4 3 3    0.981884
;

W[i,j,k] :=
1 3 4   -0.0133405
1 3 5    0.0161302
1 3 6   -0.00270232
2 3 4   -0.0023691
2 3 5    0.0540443
2 3 6    0.0123877
3 3 4   -0.0133055
3 3 5    0.0162509
3 3 6   -0.00265429
4 3 4   -0.0242943
4 3 5   -0.0217234
4 3 6   -0.0177683
;

f11 = 3.26913

f12 = 15

f13 = -7.58257

f21 = 7.9018

f22 = 15

f23 = -2.39669

f31 = 7.41629

f32 = 15

f33 = -3.63058

