solve_message = ' \
Ipopt 3.9.1: Optimal Solution Found'

Solve time:
_solve_time = 0.624004

Objective:
p :=
1 1   -0.0172001
1 2   -0.0135223
1 3    0.0648602
2 1   -0.0178256
2 2    0.0137298
2 3   -0.0648147
3 1    0.0350257
3 2   -0.000207499
3 3   -4.54582e-05
;

phi :=
1 1   0.0566622
1 2   0.124511
1 3   0.0665184
2 1   0.0651673
2 2   0.130396
2 3   0.0692658
3 1   0.0682396
3 2   0.131104
3 3   0.0698716
4 1   0.059555
4 2   0.127179
4 3   0.0671501
;

l [*,1,*]
:       1           2          3        :=
1   0.927504     0.652803   0.597444
2   0.0316553    0.452376   1.19959
3   0.193939    -0.692871   1.06114
4   1.09005     -0.494268   0.458778

 [*,2,*]
:       1           2           3        :=
1   -1.19361     0.352445   -0.309624
2   -0.350837    0.743576   -0.985197
3   -0.071807   -0.304276   -1.24527
4   -0.91414    -0.697076   -0.57011

 [*,3,*]
:      1           2          3        :=
1   1.1858      0.443222   0.233019
2   0.362774    0.629857   1.06228
3   0.236487   -0.451795   1.18193
4   1.05931    -0.640153   0.352862
;

np :=
1 1   -0.0293244
1 2   -0.023054
1 3    0.985039
2 1   -0.0359491
2 2    0.0276889
2 3   -0.980217
3 1    1.00526
3 2   -0.00595535
3 3   -8.18267e-23
;

vp :=
1 1    0.561143
1 2   -0.0204107
1 3    0.828999
2 1   -0.632935
2 2    0.0235111
2 3   -0.777281
3 1    0.711419
3 2   -0.00479187
3 3    0.707191
;

