solve_message = ' \
Ipopt 3.9.1: Optimal Solution Found'

Solve time:
_solve_time = 0.873606

Objective:
p :=
1 1   -0.0343928
1 2    0.00434014
1 3   -0.00180935
2 1    0.0198165
2 2    0.0130353
2 3   -0.0637148
3 1    0.0145723
3 2   -0.0173766
3 3    0.0655207
;

phi :=
1 1   0.0880591
1 2   0.0797864
1 3   0.08336
2 1   0.0881308
2 2   0.0473572
2 3   0.129263
3 1   0.0612285
3 2   0.0411153
3 3   0.182205
4 1   0.0445998
4 2   0.091653
4 3   0.0988642
;

l [*,1,*]
:       1            2            3        :=
1   -0.697802     0.820441    -0.685623
2   -0.0487656    0.0612981   -1.28191
3   -0.565758    -0.76857     -0.809642
4   -1.21562     -0.010749    -0.212606

 [*,2,*]
:       1           2           3        :=
1    0.709445   -0.466031   -0.916259
2   -0.149004   -0.833023   -0.89306
3   -0.672642    0.361687   -1.02755
4    0.184974    0.730581   -1.05096

 [*,3,*]
:       1           2          3        :=
1   -0.605146   -0.582144   0.941144
2    0.53457    -0.746752   0.860982
3    0.702263    0.333573   1.01851
4   -0.437186    0.499901   1.09893
;

np :=
1 1   -0.927635
1 2    0.117062
1 3   -1.23187e-11
2 1    0.0548498
2 2    0.0360803
2 3   -0.86954
3 1    0.0308102
3 2   -0.0367394
3 3    1.05744
;

vp :=
1 1   -0.632244
1 2    0.0259072
1 3   -0.747207
2 1    0.0185352
2 2   -0.0515499
2 3   -0.971967
3 1    0.0481715
3 2   -0.123789
3 3    0.979923
;

