solve_message = ' \
Ipopt 3.9.1: Optimal Solution Found'

Solve time:
_solve_time = 0.483603

Objective:
p :=
1 1    0.00942269
1 2    0.00923531
1 3    0.0652933
2 1   -0.00991816
2 2   -0.0336398
2 3   -0.000668184
3 1    0.000493408
3 2    0.0244024
3 3   -0.0646289
;

phi :=
1 1   0.0649058
1 2   0.0593927
1 3   0.137656
2 1   0.0676735
2 2   0.0541773
2 3   0.0710277
3 1   0.140229
3 2   0.0499242
3 3   0.0717535
4 1   0.130592
4 2   0.0537402
4 3   0.134591
;

l [*,1,*]
:       1           2          3        :=
1   -0.66643    -0.392257   1.03268
2    0.332058   -0.735133   1.00869
3    0.723584    0.407525   0.979906
4   -0.274281    0.75222    1.00384

 [*,2,*]
:       1           2           3        :=
1   -0.774768   -0.778559   -0.587575
2    0.384033   -1.19202    -0.294288
3    0.175157   -1.10345     0.668164
4   -0.983976   -0.689847    0.37641

 [*,3,*]
:       1           2           3        :=
1    0.689239    0.490661   -0.961988
2    0.312257   -0.63211    -1.07169
3   -0.705196   -0.295863   -1.02921
4   -0.329834    0.827444   -0.919434
;

np :=
1 1    0.000772063
1 2    0.000756696
1 3    1.03202
2 1   -0.286866
2 2   -0.972973
2 3    4.94883e-15
3 1    0.00162127
3 2    0.0801829
3 3   -0.960713
;

vp :=
1 1    0.0283347
1 2    0.0082259
1 3    1.00629
2 1   -0.30035
2 2   -0.940804
2 3    0.0405612
3 1   -0.0082334
3 2    0.0979804
3 3   -0.995536
;

