solve_message = ' \
Ipopt 3.9.1: Optimal Solution Found'

Solve time:
_solve_time = 0.717605

Objective:
p :=
1 1    0.00376888
1 2   -0.0348003
1 3   -0.00874937
2 1   -0.00419888
2 2    0.00134548
2 3    0.0650667
3 1    0.000475983
3 2    0.0334075
3 3   -0.0563065
;

phi :=
1 1   0.0695763
1 2   0.0778088
1 3   0.103261
2 1   0.103963
2 2   0.0635723
2 3   0.0747057
3 1   0.106403
3 2   0.0581128
3 3   0.0945793
4 1   0.0718656
4 2   0.0723041
4 3   0.139995
;

l [*,1,*]
:       1          2           3        :=
1   -0.651812   -1.08847   -0.349276
2    0.311835   -1.00741   -0.800989
3    0.82237    -0.99345    0.294796
4   -0.140464   -1.07448    0.748255

 [*,2,*]
:       1            2          3        :=
1   -0.115327     0.705821   1.06338
2   -0.991769     0.545441   0.598913
3   -0.819861    -0.690918   0.70078
4    0.0568542   -0.532507   1.16541

 [*,3,*]
:       1          2           3        :=
1   -0.397088   0.586602   -1.06888
2   -0.635121   1.11314    -0.046925
3    0.430541   1.19757     0.158963
4    0.670271   0.671162   -0.862668
;

np :=
1 1    0.107752
1 2   -0.994941
1 3   -7.9876e-07
2 1   -3.83139e-07
2 2    1.10313e-07
2 3    1.00721
3 1    0.0102907
3 2    0.72227
3 3   -0.366031
;

vp :=
1 1    0.0850985
1 2   -1.04098
1 3   -0.0266231
2 1   -0.467176
2 2    0.00702268
2 3    0.882306
3 1    0.017246
3 2    0.891908
3 3   -0.455286
;

