solve_message = ' \
Ipopt 3.9.1: Optimal Solution Found'

Solve time:
_solve_time = 1.48201

Objective:
p :=
1 1   -0.0277634
1 2    0.0170774
1 3   -0.0586796
2 1   -0.00720971
2 2   -0.0152219
2 3    0.0650707
3 1    0.0349731
3 2   -0.00185554
3 3   -0.00639109
;

phi :=
1 1   0.0734913
1 2   0.0398412
1 3   0.0865899
2 1   0.106386
2 2   0.0476307
2 3   0.0402149
3 1   0.182736
3 2   0.0838162
3 3   0.0491722
4 1   0.151227
4 2   0.0722316
4 3   0.101503
;

l [*,1,*]
:       1            2           3        :=
1   -0.658611     1.08475    -0.179012
2   -0.0467791    0.681768   -1.08591
3   -0.647061    -0.23765    -1.08399
4   -1.25985      0.163863   -0.177095

 [*,2,*]
:      1           2          3        :=
1   1.11759     0.560816   0.308045
2   0.276169    0.427489   1.18062
3   0.337716   -0.609591   1.08338
4   1.17924    -0.477915   0.210659

 [*,3,*]
:      1           2          3        :=
1   1.11657    -0.573295   0.227193
2   0.923244    0.704041   0.537424
3   0.293094    0.459709   1.15848
4   0.485416   -0.818017   0.849234
;

np :=
1 1   -0.517442
1 2    0.31827
1 3   -0.48867
2 1   -0.00255173
2 2   -0.00538901
2 3    1.00764
3 1    1.00306
3 2   -0.0532183
3 3   -8.88142e-08
;

vp :=
1 1   -0.653319
1 2    0.423342
1 3   -0.631141
2 1    0.728015
2 2   -0.0247477
2 3    0.695328
3 1    0.704658
3 2   -0.0573996
3 3    0.692958
;

