solve_message = ' \
Ipopt 3.11.8: Optimal Solution Found'

Solve time:
_solve_time = 0.896

Objective:
p :=
1 1    0.00603821
1 2   -0.0343733
1 3   -0.012282
2 1   -0.0260544
2 2    0.00625739
2 3    0.0630286
3 1    0.020016
3 2    0.0281159
3 3   -0.0507466
;

phi :=
1 1   0.220241
1 2   0.0276704
1 3   0.0638591
2 1   0.106469
2 2   0.0419018
2 3   0.0769397
3 1   0.0410598
3 2   0.0602388
3 3   0.252575
4 1   0.0596274
4 2   0.0625233
4 3   0.0324627
;

l [*,1,*]
:       1           2           3        :=
1   -0.548406   -0.981349   -0.851276
2    0.718665   -0.926192   -0.848853
3    0.720948   -1.03143     0.735701
4   -0.546119   -1.08676     0.735801

 [*,2,*]
:       1           2           3        :=
1    0.685832   -0.139308    1.20362
2   -0.711327    0.801552    0.979231
3   -1.24149    -0.0698784   0.616481
4    0.154829   -1.01213     0.840295

 [*,3,*]
:       1          2           3        :=
1    0.730885   0.453116   -1.13
2   -0.345013   1.25803    -0.644034
3    0.261797   1.27552     0.663052
4    1.33866    0.470625    0.179167
;

np :=
1 1    0.169573
1 2   -0.965319
1 3   -8.59967e-06
2 1   -0.149883
2 2    0.0359969
2 3    0.806065
3 1    0.525769
3 2    0.738534
3 3   -0.17679
;

vp :=
1 1    0.0857671
1 2   -1.00645
1 3   -0.0571573
2 1   -0.277481
2 2   -0.105315
2 3    0.909997
3 1    0.497012
3 2    0.864002
3 3   -0.233147
;

