solve_message = ' \
Ipopt 3.9.1: Converged to a locally infeasible point. Problem may be infeasible.'

Solve time:
_solve_time = 16.0369

Objective:
torque = 6.36184

cnh1 = 0.435201

cnh2 = 0.9371

cnh3 = 0.0329531

snh1 = -0.965712

snh2 = -0.0429425

snh3 = 0.937504

Hx = 0.0624287

Hy = 0.0313027

Hz = 0.00854234

cnf11 = -0.192603

cnf21 = 0.558007

cnf31 = 0.515992

cnf12 = -0.192603

cnf22 = 0.671555

cnf32 = 0.556812

cnt1 = -0.231066

cnt2 = 0.265118

snf11 = 0.918098

snf21 = 0.754074

snf31 = 0.84264

snf12 = 0.918098

snf22 = 0.654992

snf32 = 0.818703

snt1 = 0.997666

snt2 = 0.937944

p :=
1 1   -0.0297508
1 2   -0.000366582
1 3   -0.0636862
2 1   -0.0257594
2 2    0.0140417
2 3    0.063954
3 1   -0.0300647
3 2   -0.0168103
3 3    0.0115486
;

mf :=
1 1    0.393593
1 2    0.033511
1 3    0.689468
2 1    0.206877
2 2   -0.13808
2 3   -0.735076
;

mt [*] :=
1   0.922753
2   0.36219
3  -0.0287368
;

phi :=
1 1   0.052842
1 2   0.129693
1 3   0
2 1   0
2 2   0.094776
2 3   0.0255305
3 1   0.0524945
3 2   0.129547
3 3   0
4 1   0.386421
4 2   0.187407
4 3   0
;

l [*,1,*]
:       1           2           3        :=
1    0.393148    0.0336895   0.689643
2    0.952749   -0.190535    0.469735
3    0.394929    0.0329758   0.688943
4   -0.16556     0.257556    0.909201

 [*,2,*]
:       1           2           3        :=
1    0.206702   -0.138569   -0.735033
2    0.427241    0.476267   -0.788725
3    0.207404   -0.136612   -0.735204
4   -0.013485   -0.752424   -0.681428

 [*,3,*]
:      1           2            3         :=
1   0.922904    0.361844    -0.0283693
2   0.733938    0.796426    -0.490148
3   0.922302    0.363227    -0.0298391
4   1.11157    -0.0720447    0.432673
;

W[i,j,k] :=
1 1 1    0.393148
1 1 2    0.0336895
1 1 3    0.689643
2 1 1    0.952749
2 1 2   -0.190535
2 1 3    0.469735
3 1 1    0.394929
3 1 2    0.0329758
3 1 3    0.688943
4 1 1   -0.16556
4 1 2    0.257556
4 1 3    0.909201
;

W[i,j,k] :=
1 1 4    0.00189274
1 1 5   -0.00452067
1 1 6   -0.000858167
2 1 4   -0.0123066
2 1 5   -0.046702
2 1 6    0.00601781
3 1 4    0.00184755
3 1 5   -0.00465492
3 1 6   -0.000836282
4 1 4    0.0160694
4 1 5    0.0375933
4 1 6   -0.00772318
;

W[i,j,k] :=
1 2 1    0.206702
1 2 2   -0.138569
1 2 3   -0.735033
2 2 1    0.427241
2 2 2    0.476267
2 2 3   -0.788725
3 2 1    0.207404
3 2 2   -0.136612
3 2 3   -0.735204
4 2 1   -0.013485
4 2 2   -0.752424
4 2 3   -0.681428
;

W[i,j,k] :=
1 2 4   -0.00145906
1 2 5   -0.0057146
1 2 6    0.000667014
2 2 4   -0.0415342
2 2 5    0.00700667
2 2 6   -0.0182675
3 2 4   -0.00158661
3 2 5   -0.00567411
3 2 6    0.000606749
4 2 4    0.0385521
4 2 5   -0.0184156
4 2 6    0.0195713
;

W[i,j,k] :=
1 3 1    0.922904
1 3 2    0.361844
1 3 3   -0.0283693
2 3 1    0.733938
2 3 2    0.796426
2 3 3   -0.490148
3 3 1    0.922302
3 3 2    0.363227
3 3 3   -0.0298391
4 3 1    1.11157
4 3 2   -0.0720447
4 3 3    0.432673
;

W[i,j,k] :=
1 3 4   -0.00370189
1 3 5    0.00980531
1 3 6    0.00463554
2 3 4   -0.000958064
2 3 5   -0.00626021
2 3 6   -0.0116066
3 3 4   -0.00369316
3 3 5    0.00975418
3 3 6    0.00458384
4 3 4   -0.00644134
4 3 5    0.0258452
4 3 6    0.0208518
;

f11 = 8.10472

f12 = 15

f13 = 1.57989

f21 = 7.26918

f22 = 14.6002

f23 = -0.755248

f31 = -3.37412

f32 = 6.99765

f33 = 0.988472

