solve_message = ' \
Ipopt 3.9.1: Converged to a locally infeasible point. Problem may be infeasible.'

Solve time:
_solve_time = 58.2976

Objective:
torque = 7.74047

cnh1 = -0.139275

cnh2 = -0.691392

cnh3 = 0.204881

snh1 = -0.927687

snh2 = -0.634017

snh3 = 0.915436

Hx = 0.0657575

Hy = -0.0214698

Hz = -0.0173697

cnf11 = 0.593123

cnf21 = 0.722019

cnf31 = 0.577064

cnf12 = 0.593123

cnf22 = 0.672702

cnf32 = 0.50458

cnt1 = 0.411363

cnt2 = 0.469956

snf11 = 0.726777

snf21 = 0.598906

snf31 = 0.805447

snf12 = 0.726777

snf22 = 0.818213

snf32 = 0.876923

snt1 = 0.843078

snt2 = 0.864731

p :=
1 1   -0.0278404
1 2   -0.0112676
1 3    0.0634842
2 1    0.0011963
2 2    0.0344323
2 3   -0.0543911
3 1   -0.0167113
3 2   -0.0266572
3 3   -0.0588847
;

mf :=
1 1    0.184225
1 2   -0.0254306
1 3   -0.765832
2 1    0.0595377
2 2   -0.846846
2 3    0.137734
;

mt [*] :=
1  0.517662
2  0.349425
3  0.55262
;

phi :=
1 1   0.0746083
1 2   0.0400864
1 3   0.070624
2 1   0.0221592
2 2   0
2 3   0.0111955
3 1   0.0743783
3 2   0.039811
3 3   0.0703434
4 1   0.187343
4 2   0.217471
4 3   0.231949
;

l [*,1,*]
:       1           2            3        :=
1    0.18383    -0.0256453   -0.76594
2    0.680262    0.244216    -0.629993
3    0.18541    -0.0247864   -0.765508
4   -0.31181    -0.295076    -0.901671

 [*,2,*]
:       1            2           3        :=
1    0.0591315   -0.846794    0.138023
2    0.569621    -0.91108    -0.225208
3    0.0607563   -0.846999    0.136867
4   -0.450543    -0.782612    0.500674

 [*,3,*]
:      1           2          3        :=
1   0.517541    0.349839   0.552461
2   0.668899   -0.170564   0.752514
3   0.518023    0.348183   0.553098
4   0.366425    0.869412   0.352727
;

W[i,j,k] :=
1 1 1    0.18383
1 1 2   -0.0256453
1 1 3   -0.76594
2 1 1    0.680262
2 1 2    0.244216
2 1 3   -0.629993
3 1 1    0.18541
3 1 2   -0.0247864
3 1 3   -0.765508
4 1 1   -0.31181
4 1 2   -0.295076
4 1 3   -0.901671
;

W[i,j,k] :=
1 1 4    0.0102584
1 1 5   -0.00965382
1 1 6    0.00278529
2 1 4   -0.00840536
2 1 5    0.0256466
2 1 6    0.000865819
3 1 4    0.010199
3 1 5   -0.00954147
3 1 6    0.00277918
4 1 4    0.0288923
4 1 5   -0.044898
4 1 6    0.0047017
;

W[i,j,k] :=
1 2 1    0.0591315
1 2 2   -0.846794
1 2 3    0.138023
2 2 1    0.569621
2 2 2   -0.91108
2 2 3   -0.225208
3 2 1    0.0607563
3 2 2   -0.846999
3 2 3    0.136867
4 2 1   -0.450543
4 2 2   -0.782612
4 2 3    0.500674
;

W[i,j,k] :=
1 2 4   -0.0413056
1 2 5   -0.00338135
1 2 6   -0.00304906
2 2 4   -0.057309
2 2 5   -0.0307129
2 2 6   -0.0207033
3 2 4   -0.0413566
3 2 5   -0.00346834
3 2 6   -0.00310525
4 2 4   -0.0253277
4 2 5    0.0239066
4 2 6    0.014577
;

W[i,j,k] :=
1 3 1    0.517541
1 3 2    0.349839
1 3 3    0.552461
2 3 1    0.668899
2 3 2   -0.170564
2 3 3    0.752514
3 3 1    0.518023
3 3 2    0.348183
3 3 3    0.553098
4 3 1    0.366425
4 3 2    0.869412
4 3 3    0.352727
;

W[i,j,k] :=
1 3 4    0.00587308
1 3 5   -0.0212429
1 3 6    0.00794994
2 3 4   -0.0301035
2 3 5   -0.0268124
2 3 6    0.0206813
3 3 4    0.00575858
3 3 5   -0.0212606
3 3 6    0.00799046
4 3 4    0.0417923
4 3 5   -0.0156823
4 3 6   -0.00476115
;

f11 = 2.90941

f12 = 14.289

f13 = -2.28923

f21 = 8.16826

f22 = 15

f23 = 1.20917

f31 = 6.36596

f32 = 15

f33 = 5.25899

