solve_message = ' \
Ipopt 3.9.1: Converged to a locally infeasible point. Problem may be infeasible.'

Solve time:
_solve_time = 76.9397

Objective:
torque = 9.01086

cnh1 = 0.867712

cnh2 = 0.938083

cnh3 = 0.202876

snh1 = -0.356478

snh2 = -0.000242706

snh3 = 0.915883

Hx = 0.0334999

Hy = 0.0636691

Hz = -0.0232584

cnf11 = 0.431344

cnf21 = 0.410793

cnf31 = 0.469789

cnf12 = 0.431344

cnf22 = 0.534772

cnf32 = 0.508256

cnt1 = 0.666284

cnt2 = 0.502051

snf11 = 0.833032

snf21 = 0.843356

snf31 = 0.864799

snf12 = 0.833032

snf22 = 0.770726

snf32 = 0.84674

snt1 = 0.823448

snt2 = 0.878547

p :=
1 1    0.0138999
1 2   -0.0283994
1 3   -0.0586001
2 1    0.0297028
2 2   -0.00722127
2 3    0.060505
3 1   -0.0354741
3 2    0.00153442
3 3   -0.00279025
;

mf :=
1 1   -0.0435545
1 2    0.644877
1 3    0.435676
2 1   -0.222923
2 2    0.300543
2 3   -0.677014
;

mt [*] :=
1   0.939987
2  -0.0249118
3  -0.0737765
;

phi :=
1 1   0.037501
1 2   0.066355
1 3   0.0178626
2 1   0
2 2   0.0110409
2 3   0
3 1   0.0372072
3 2   0.0660879
3 3   0.0176293
4 1   0.276051
4 2   0.249965
4 3   0.28231
;

l [*,1,*]
:       1           2          3        :=
1   -0.0439967   0.644782   0.435738
2    0.511771    0.76414    0.357662
3   -0.0422278   0.645162   0.43549
4   -0.598878    0.525614   0.51369

 [*,2,*]
:       1           2           3        :=
1   -0.222838    0.300134   -0.677206
2   -0.330228    0.813861   -0.435886
3   -0.22318     0.301769   -0.676438
4   -0.115619   -0.212773   -0.918142

 [*,3,*]
:      1           2            3         :=
1   0.940011   -0.0252095   -0.0733587
2   0.908698    0.348924    -0.598451
3   0.939912   -0.0240187   -0.07503
4   0.971275   -0.398747     0.450896
;

W[i,j,k] :=
1 1 1   -0.0439967
1 1 2    0.644782
1 1 3    0.435738
2 1 1    0.511771
2 1 2    0.76414
2 1 3    0.357662
3 1 1   -0.0422278
3 1 2    0.645162
3 1 3    0.43549
4 1 1   -0.598878
4 1 2    0.525614
4 1 3    0.51369
;

W[i,j,k] :=
1 1 4    0.0254096
1 1 5   -0.00347853
1 1 6    0.00771296
2 1 4    0.0346213
2 1 5   -0.0349613
2 1 6    0.0251555
3 1 4    0.0254389
3 1 5   -0.00357874
3 1 6    0.00776847
4 1 4    0.0162125
4 1 5    0.027954
4 1 6   -0.00970179
;

W[i,j,k] :=
1 2 1   -0.222838
1 2 2    0.300134
1 2 3   -0.677206
2 2 1   -0.330228
2 2 2    0.813861
2 2 3   -0.435886
3 2 1   -0.22318
3 2 2    0.301769
3 2 3   -0.676438
4 2 1   -0.115619
4 2 2   -0.212773
4 2 3   -0.918142
;

W[i,j,k] :=
1 2 4   -0.0132693
1 2 5    0.00663213
1 2 6    0.00730566
2 2 4   -0.046095
2 2 5   -0.0070334
2 2 6    0.0217893
3 2 4   -0.0133738
3 2 5    0.00658864
3 2 6    0.00735175
4 2 4    0.019504
4 2 5    0.0202759
4 2 6   -0.00715488
;

W[i,j,k] :=
1 3 1    0.940011
1 3 2   -0.0252095
1 3 3   -0.0733587
2 3 1    0.908698
2 3 2    0.348924
2 3 3   -0.598451
3 3 1    0.939912
3 3 2   -0.0240187
3 3 3   -0.07503
4 3 1    0.971275
4 3 2   -0.398747
4 3 3    0.450896
;

W[i,j,k] :=
1 3 4   -0.000182904
1 3 5   -0.0052252
1 3 6   -0.000548093
2 3 4    5.53084e-05
2 3 5   -0.023765
2 3 6   -0.0137721
3 3 4   -0.000182146
3 3 5   -0.0052842
3 3 6   -0.000590182
4 3 4   -0.000420736
4 3 5    0.013285
4 3 6    0.0126548
;

f11 = 7.93184

f12 = 15

f13 = 2.2953

f21 = 5.62384

f22 = 15

f23 = -6.04607

f31 = 8.23365

f32 = 15

f33 = 0.62396

