solve_message = ' \
Ipopt 3.9.1: Converged to a locally infeasible point. Problem may be infeasible.'

Solve time:
_solve_time = 44.5539

Objective:
torque = 6.37844

cnh1 = 1.03557

cnh2 = -0.146685

cnh3 = 0.755552

snh1 = -0.190897

snh2 = 0.927375

snh3 = 0.739345

Hx = -0.0429375

Hy = 0.0800747

Hz = 0.0278692

cnf11 = 0.94007

cnf21 = 0.745903

cnf31 = 0.586373

cnf12 = 0.94007

cnf22 = 0.72885

cnf32 = 0.562953

cnt1 = 0.524474

cnt2 = 0.447835

snf11 = 0

snf21 = 0.572299

snf31 = 0.799423

snf12 = 0

snf22 = 0.651736

snf32 = 0.822357

snt1 = 0.917886

snt2 = 0.911841

p :=
1 1   -0.0267642
1 2   -0.0120658
1 3   -0.0638269
2 1    0.0206307
2 2    0.0134174
2 3   -0.0635011
3 1    0.0270119
3 2   -0.017667
3 3    0.0606054
;

mf :=
1 1    0.118441
1 2   -0.00859985
1 3    0.814998
2 1    0.0675207
2 2    0.0898433
2 3    0.855941
;

mt [*] :=
1  -0.486977
2   0.566392
3  -0.757987
;

phi :=
1 1   0.0617414
1 2   0.0474864
1 3   0.0739365
2 1   0.012664
2 2   0.00522161
2 3   0.0109199
3 1   0.0615174
3 2   0.047298
3 3   0.0736227
4 1   0.186348
4 2   0.146346
4 3   0.301723
;

l [*,1,*]
:        1             2           3        :=
1    0.118339     -0.0091776    0.815003
2    0.246513      0.716923     0.808545
3    0.118746     -0.00686658   0.814982
4   -0.00963158   -0.73412      0.82145

 [*,2,*]
:       1            2           3        :=
1    0.0674334    0.0892522   0.855984
2    0.177237     0.832152    0.80209
3    0.0677829    0.0916167   0.855812
4   -0.0421953   -0.652463    0.909791

 [*,3,*]
:       1          2           3        :=
1   -0.486466   0.566339   -0.758292
2   -1.12824    0.632105   -0.375301
3   -0.488509   0.566549   -0.757073
4    0.15428    0.500679   -1.14067
;

W[i,j,k] :=
1 1 1    0.118339
1 1 2   -0.0091776
1 1 3    0.815003
2 1 1    0.246513
2 1 2    0.716923
2 1 3    0.808545
3 1 1    0.118746
3 1 2   -0.00686658
3 1 3    0.814982
4 1 1   -0.00963158
4 1 2   -0.73412
4 1 3    0.82145
;

W[i,j,k] :=
1 1 4   -0.0104195
1 1 5    0.0142597
1 1 6    0.00167348
2 1 4    0.0360032
2 1 5    0.00590592
2 1 6   -0.0162135
3 1 4   -0.0102717
3 1 5    0.0142331
3 1 6    0.00161655
4 1 4   -0.0567681
4 1 5    0.0226002
4 1 6    0.0195319
;

W[i,j,k] :=
1 2 1    0.0674334
1 2 2    0.0892522
1 2 3    0.855984
2 2 1    0.177237
2 2 2    0.832152
2 2 3    0.80209
3 2 1    0.0677829
3 2 2    0.0916167
3 2 3    0.855812
4 2 1   -0.0421953
4 2 2   -0.652463
4 2 3    0.909791
;

W[i,j,k] :=
1 2 4    0.0171528
1 2 5   -0.0219416
1 2 6    0.000936515
2 2 4    0.0636046
2 2 5   -0.0278024
2 2 6    0.0147896
3 2 4    0.0173006
3 2 5   -0.0219602
3 2 6    0.000980606
4 2 4   -0.0292249
4 2 5   -0.0160901
4 2 6   -0.0128945
;

W[i,j,k] :=
1 3 1   -0.486466
1 3 2    0.566339
1 3 3   -0.758292
2 3 1   -1.12824
2 3 2    0.632105
2 3 3   -0.375301
3 3 1   -0.488509
3 3 2    0.566549
3 3 3   -0.757073
4 3 1    0.15428
4 3 2    0.500679
4 3 3   -1.14067
;

W[i,j,k] :=
1 3 4   -0.0209265
1 3 5   -0.00899954
1 3 6    0.00670352
2 3 4   -0.0316785
2 3 5   -0.0582395
2 3 6   -0.00285814
3 3 4   -0.0209607
3 3 5   -0.00915626
3 3 6    0.00667309
4 3 4   -0.0101916
4 3 5    0.0401618
4 3 6    0.0162499
;

f11 = 7.89904

f12 = 15

f13 = -0.0507413

f21 = -3.90617

f22 = 8.01232

f23 = 0.741683

f31 = 7.24122

f32 = 14.6444

f33 = 0.761286

