solve_message = ' \
Ipopt 3.9.1: Converged to a locally infeasible point. Problem may be infeasible.'

Solve time:
_solve_time = 47.2059

Objective:
torque = 8.78814

cnh1 = -0.301622

cnh2 = -0.508564

cnh3 = -0.26434

snh1 = -0.88827

snh2 = -0.788266

snh3 = -0.900069

Hx = -0.0476999

Hy = 0.0452847

Hz = -0.0198414

cnf11 = 0.506141

cnf21 = 0.17925

cnf31 = 0.362491

cnf12 = 0.506141

cnf22 = 0.640245

cnf32 = 0.544986

cnt1 = 0.58765

cnt2 = 0.526135

snf11 = 0.789824

snf21 = 0.986458

snf31 = 0.934263

snf12 = 0.789824

snf22 = 0.685628

snf32 = 0.826025

snt1 = 0.73121

snt2 = 0.837047

p :=
1 1    0.0342477
1 2    0.00368071
1 3   -0.0188067
2 1   -0.012169
2 2   -0.027074
2 3    0.0637337
3 1    0.0110559
3 2   -0.029341
3 3   -0.0622446
;

mf :=
1 1   -0.857927
1 2    0.0427773
1 3   -0.134818
2 1    0.0896857
2 2    0.285318
2 3   -0.715601
;

mt [*] :=
1  -0.0886475
2   0.534282
3   0.650282
;

phi :=
1 1   0.0247745
1 2   0.0808646
1 3   0.031331
2 1   0
2 2   0.0274895
2 3   0
3 1   0.02449
3 2   0.0806326
3 3   0.0308616
4 1   0.229544
4 2   0.20568
4 3   0.329596
;

l [*,1,*]
:       1           2            3        :=
1   -0.857878    0.0424244   -0.135142
2   -0.919236    0.485884     0.273062
3   -0.858073    0.0438359   -0.133843
4   -0.796617   -0.400328    -0.542695

 [*,2,*]
:       1           2           3        :=
1    0.0901131   0.285425   -0.715463
2   -0.446987    0.151227   -0.889044
3    0.0884036   0.284998   -0.716015
4    0.626356    0.419408   -0.542158

 [*,3,*]
:       1           2          3        :=
1   -0.0885506   0.533958   0.650606
2   -0.210353    0.941233   0.243116
3   -0.0889383   0.535255   0.649309
4    0.0330575   0.127333   1.05745
;

W[i,j,k] :=
1 1 1   -0.857878
1 1 2    0.0424244
1 1 3   -0.135142
2 1 1   -0.919236
2 1 2    0.485884
2 1 3    0.273062
3 1 1   -0.858073
3 1 2    0.0438359
3 1 3   -0.133843
4 1 1   -0.796617
4 1 2   -0.400328
4 1 3   -0.542695
;

W[i,j,k] :=
1 1 4    0.000300444
1 1 5    0.0207622
1 1 6    0.00461054
2 1 4    0.0101429
2 1 5    0.00793606
2 1 6    0.0200238
3 1 4    0.00033177
3 1 5    0.0207213
3 1 6    0.0046596
4 1 4   -0.00952635
4 1 5    0.0335678
4 1 6   -0.0107782
;

W[i,j,k] :=
1 2 1    0.0901131
1 2 2    0.285425
1 2 3   -0.715463
2 2 1   -0.446987
2 2 2    0.151227
2 2 3   -0.889044
3 2 1    0.0884036
3 2 2    0.284998
3 2 3   -0.716015
4 2 1    0.626356
4 2 2    0.419408
4 2 3   -0.542158
;

W[i,j,k] :=
1 2 4    0.00117923
1 2 5   -0.00296322
1 2 6   -0.00103361
2 2 4    0.0144317
2 2 5   -0.0393069
2 2 6   -0.013942
3 2 4    0.00122141
3 2 5   -0.00307889
3 2 6   -0.0010747
4 2 4   -0.0120521
4 2 5    0.0333225
4 2 6    0.0118542
;

W[i,j,k] :=
1 3 1   -0.0885506
1 3 2    0.533958
1 3 3    0.650606
2 3 1   -0.210353
2 3 2    0.941233
2 3 3    0.243116
3 3 1   -0.0889383
3 3 2    0.535255
3 3 3    0.649309
4 3 1    0.0330575
4 3 2    0.127333
4 3 3    1.05745
;

W[i,j,k] :=
1 3 4    0.0141466
1 3 5   -0.00168124
1 3 6    0.00330522
2 3 4    0.0514534
2 3 5    0.0104055
2 3 6    0.0042342
3 3 4    0.0142653
3 3 5   -0.00164277
3 3 6    0.00330818
4 3 4   -0.0231008
4 3 5   -0.0137487
4 3 6    0.00237772
;

f11 = 8.25608

f12 = 15

f13 = 0.139859

f21 = 7.97421

f22 = 15

f23 = -2.14348

f31 = 8.12733

f32 = 15

f33 = 1.4591

