solve_message = ' \
Ipopt 3.9.1: Converged to a locally infeasible point. Problem may be infeasible.'

Solve time:
_solve_time = 7.73765

Objective:
torque = 8.44862

cnh1 = 0.0902776

cnh2 = -0.230762

cnh3 = -0.938015

snh1 = -0.933729

snh2 = -0.390725

snh3 = 0.0113409

Hx = 0.00937279

Hy = 0.0199286

Hz = -0.0713215

cnf11 = 0.937728

cnf21 = -0.0800879

cnf31 = 0.371367

cnf12 = 0.937728

cnf22 = 0.926767

cnf32 = 0.704561

cnt1 = 0.584394

cnt2 = 0.47009

snf11 = 0.0258191

snf21 = 0.934658

snf31 = 0.861444

snf12 = 0.0258191

snf22 = 0.145268

snf32 = 0.699767

snt1 = 0.88345

snt2 = 0.89867

p :=
1 1    0.0317433
1 2   -0.00387801
1 3   -0.057861
2 1   -0.0174741
2 2    0.0296837
2 3   -0.00813974
3 1    0.0129888
3 2   -0.0294122
3 3   -0.0611653
;

mf :=
1 1   -0.0196425
1 2    0.229801
1 3   -0.282637
2 1    0.0440596
2 2   -0.339385
2 3   -0.155728
;

mt [*] :=
1  -0.0312739
2   0.380859
3   0.255082
;

phi :=
1 1   0.0793592
1 2   0.0942012
1 3   0.0815976
2 1   0.0860263
2 2   0.107221
2 3   0.0521908
3 1   0.0793797
3 2   0.0942409
3 3   0.0814887
4 1   0.073115
4 2   0.0823013
4 3   0.121769
;

l [*,1,*]
:       1           2           3        :=
1   -0.0193137   0.229723   -0.282738
2   -0.432593    0.327762   -0.155941
3   -0.020629    0.230035   -0.282335
4    0.393306    0.13184    -0.409333

 [*,2,*]
:       1            2           3         :=
1    0.044384    -0.339412   -0.155578
2   -0.363339    -0.30619    -0.344245
3    0.0430864   -0.339306   -0.156179
4    0.451456    -0.372581    0.0327875

 [*,3,*]
:       1           2           3        :=
1   -0.0316187   0.380743   0.255242
2    0.40168     0.5266     0.0531686
3   -0.0302396   0.381207   0.254599
4   -0.464226    0.235119   0.456994
;

W[i,j,k] :=
1 1 1   -0.0193137
1 1 2    0.229723
1 1 3   -0.282738
2 1 1   -0.432593
2 1 2    0.327762
2 1 3   -0.155941
3 1 1   -0.020629
3 1 2    0.230035
3 1 3   -0.282335
4 1 1    0.393306
4 1 2    0.13184
4 1 3   -0.409333
;

W[i,j,k] :=
1 1 4    0.0143884
1 1 5    0.0100925
1 1 6    0.00721725
2 1 4    0.0195693
2 1 5    0.0299803
2 1 6    0.00872663
3 1 4    0.0144049
3 1 5    0.0101558
3 1 6    0.00722205
4 1 4    0.00921579
4 1 5   -0.0097635
4 1 6    0.00571028
;

W[i,j,k] :=
1 2 1    0.044384
1 2 2   -0.339412
1 2 3   -0.155578
2 2 1   -0.363339
2 2 2   -0.30619
2 2 3   -0.344245
3 2 1    0.0430864
3 2 2   -0.339306
3 2 3   -0.156179
4 2 1    0.451456
4 2 2   -0.372581
4 2 3    0.0327875
;

W[i,j,k] :=
1 2 4   -0.00738087
1 2 5   -0.00307987
1 2 6    0.00461344
2 2 4   -0.0127108
2 2 5   -0.0030579
2 2 6    0.0161357
3 2 4   -0.00739784
3 2 5   -0.0030798
3 2 6    0.00465012
4 2 4   -0.00205946
4 2 5   -0.00310181
4 2 6   -0.00689039
;

W[i,j,k] :=
1 3 1   -0.0316187
1 3 2    0.380743
1 3 3    0.255242
2 3 1    0.40168
2 3 2    0.5266
2 3 3    0.0531686
3 3 1   -0.0302396
3 3 2    0.381207
3 3 3    0.254599
4 3 1   -0.464226
4 3 2    0.235119
4 3 3    0.456994
;

W[i,j,k] :=
1 3 4    0.015781
1 3 5   -0.00138133
1 3 6    0.00401542
2 3 4    0.0306458
2 3 5   -0.0252595
2 3 6    0.0186542
3 3 4    0.0158283
3 3 5   -0.00145733
3 3 6    0.00406201
4 3 4    0.000939935
4 3 5    0.0224587
4 3 6   -0.0106
;

f11 = 6.97017

f12 = 14.1983

f13 = -1.39016

f21 = 1.71477

f22 = 15

f23 = -3.89268

f31 = 6.75633

f32 = 15

f33 = -4.74705

