solve_message = ' \
Ipopt 3.9.1: Converged to a locally infeasible point. Problem may be infeasible.'

Solve time:
_solve_time = 2.40242

Objective:
torque = 8.00239

cnh1 = 0.0122297

cnh2 = -0.0555733

cnh3 = 0.529787

snh1 = 0.938003

snh2 = -0.936436

snh3 = 0.774162

Hx = -0.0385738

Hy = 0.0190788

Hz = 0.0539471

cnf11 = 0.427022

cnf21 = 0.0460287

cnf31 = 0.385818

cnf12 = 0.427022

cnf22 = 0.532219

cnf32 = 0.475654

cnt1 = 0.766

cnt2 = 0.7431

snf11 = 0.835256

snf21 = 0.936953

snf31 = 0.877142

snf12 = 0.835256

snf22 = 0.858712

snf32 = 0.882453

snt1 = 0

snt2 = 0.6691

p :=
1 1    0.0330402
1 2    0.000650944
1 3    0.0546133
2 1   -0.000248696
2 2   -0.0335373
2 3    0.0581653
3 1   -0.0263382
3 2    0.0188926
3 3   -0.0607335
;

mf :=
1 1   -0.748683
1 2    0.164663
1 3   -0.151466
2 1    0.00785982
2 2    0.753147
2 3   -0.304725
;

mt [*] :=
1   0.515686
2  -0.364945
3   0.422576
;

phi :=
1 1   0.0772866
1 2   0.0617913
1 3   0.124495
2 1   0.0730861
2 2   0.0725296
2 3   0.0799021
3 1   0.0772857
3 2   0.0618251
3 3   0.124358
4 1   0.0745718
4 2   0.0505276
4 3   0.158589
;

l [*,1,*]
:       1           2           3        :=
1   -0.748616   0.164546    -0.151914
2   -0.831917   0.311721     0.41156
3   -0.748881   0.165015    -0.15012
4   -0.665449   0.0176058   -0.714489

 [*,2,*]
:        1           2            3         :=
1    0.0082823    0.753196   -0.30449
2   -0.522683     0.692026   -0.600238
3    0.00659236   0.753001   -0.305431
4    0.5384       0.814269   -0.00921237

 [*,3,*]
:      1           2            3        :=
1   0.515621   -0.365288    0.422286
2   0.597758    0.0656246   0.786577
3   0.515882   -0.363916    0.423446
4   0.433614   -0.795513    0.0585766
;

W[i,j,k] :=
1 1 1   -0.748616
1 1 2    0.164546
1 1 3   -0.151914
2 1 1   -0.831917
2 1 2    0.311721
2 1 3    0.41156
3 1 1   -0.748881
3 1 2    0.165015
3 1 3   -0.15012
4 1 1   -0.665449
4 1 2    0.0176058
4 1 3   -0.714489
;

W[i,j,k] :=
1 1 4   -0.0090853
1 1 5   -0.0358652
1 1 6    0.00592394
2 1 4   -0.0167562
2 1 5   -0.0590318
2 1 6    0.0108409
3 1 4   -0.00910972
3 1 5   -0.0359389
3 1 6    0.00593959
4 1 4   -0.0014266
4 1 5   -0.0127355
4 1 6    0.00101487
;

W[i,j,k] :=
1 2 1    0.0082823
1 2 2    0.753196
1 2 3   -0.30449
2 2 1   -0.522683
2 2 2    0.692026
2 2 3   -0.600238
3 2 1    0.00659236
3 2 2    0.753001
3 2 3   -0.305431
4 2 1    0.5384
4 2 2    0.814269
4 2 3   -0.00921237
;

W[i,j,k] :=
1 2 4   -0.0335981
1 2 5    0.000406018
1 2 6    9.04489e-05
2 2 4   -0.0201215
2 2 5   -0.0305513
2 2 6   -0.0177015
3 2 4   -0.0335552
3 2 5    0.000307487
3 2 6    3.38213e-05
4 2 4   -0.0470533
4 2 5    0.0313139
4 2 6    0.017854
;

W[i,j,k] :=
1 3 1    0.515621
1 3 2   -0.365288
1 3 3    0.422286
2 3 1    0.597758
2 3 2    0.0656246
2 3 3    0.786577
3 3 1    0.515882
3 3 2   -0.363916
3 3 3    0.423446
4 3 1    0.433614
4 3 2   -0.795513
4 3 3    0.0585766
;

W[i,j,k] :=
1 3 4   -0.0142071
1 3 5   -0.0201931
1 3 6   -0.000120367
2 3 4    0.0188461
2 3 5   -0.0155869
2 3 6   -0.0130216
3 3 4   -0.0141019
3 3 5   -0.0201785
3 3 6   -0.000161429
4 3 4   -0.0472076
4 3 5   -0.024792
4 3 6    0.0127603
;

f11 = 8.09381

f12 = 15

f13 = -1.63486

f21 = 7.00333

f22 = 15

f23 = -3.33837

f31 = -7.85597

f32 = 15

f33 = 2.54287

