solve_message = ' \
Ipopt 3.9.1: Maximum Number of Iterations Exceeded.'

Solve time:
_solve_time = 72.9149

Objective:
torque = 7.99418

cnh1 = -0.438335

cnh2 = 0.950853

cnh3 = -0.0019105

snh1 = -0.92452

snh2 = 0.00639114

snh3 = -0.9616

Hx = -0.0811071

Hy = 0.0473465

Hz = 0.00347002

cnf11 = 0.600053

cnf21 = 0.630571

cnf31 = 0.502342

cnf12 = 0.599783

cnf22 = 0.662639

cnf32 = 0.534365

cnt1 = 0.395562

cnt2 = 0.417952

snf11 = 0.750548

snf21 = 0.813401

snf31 = 0.871733

snf12 = 0.749464

snf22 = 0.727552

snf32 = 0.84197

snt1 = 0.948602

snt2 = 0.919343

p :=
1 1    0.00185036
1 2   -0.0319824
1 3    0.0603126
2 1   -0.00591569
2 2   -0.0314918
2 3   -0.0605684
3 1    0.0310435
3 2    0.0159329
3 3    0.00335707
;

mf :=
1 1   -0.108866
1 2    0.676506
1 3   -0.652139
2 1    0.0073021
2 2    0.603196
2 3    0.653854
;

mt [*] :=
1  -0.94495
2  -0.370923
3  -0.0039515
;

phi :=
1 1   0.0370758
1 2   0.0208575
1 3   0.0192614
2 1   0
2 2   0
2 3   0
3 1   0.0368285
3 2   0.020603
3 3   0.01894
4 1   0.230849
4 2   0.320592
4 3   0.352247
;

l [*,1,*]
:       1          2           3        :=
1   -0.108652   0.676173   -0.653491
2   -0.739981   0.445453   -0.795431
3   -0.110661   0.675439   -0.653943
4    0.522531   0.906068   -0.512005

 [*,2,*]
:        1           2          3        :=
1    0.00675417   0.603421   0.653141
2   -0.289692     1.06728    0.292612
3    0.00581143   0.604897   0.651994
4    0.302196     0.140499   1.01301

 [*,3,*]
:       1           2             3         :=
1   -0.945012   -0.370617    -0.00425449
2   -1.13585     0.0973158    0.45631
3   -0.945618   -0.369128    -0.00278861
4   -0.755378   -0.837436    -0.46418
;

W[i,j,k] :=
1 1 1   -0.109099
1 1 2    0.676321
1 1 3   -0.653807
2 1 1   -0.740098
2 1 2    0.44539
2 1 3   -0.795715
3 1 1   -0.111107
3 1 2    0.675586
3 1 3   -0.654258
4 1 1    0.522616
4 1 2    0.90598
4 1 3   -0.512569
;

W[i,j,k] :=
1 1 4   -0.0199505
1 1 5   -0.00531244
1 1 6   -0.00221157
2 1 4   -0.00146942
2 1 5   -0.0431104
2 1 6   -0.0228417
3 1 4   -0.0198917
3 1 5   -0.0054327
3 1 6   -0.00227723
4 1 4   -0.0381808
4 1 5    0.0324774
4 1 6    0.0183836
;

W[i,j,k] :=
1 2 1    0.00650421
1 2 2    0.603581
1 2 3    0.653041
2 2 1   -0.289557
2 2 2    1.06731
2 2 3    0.2925
3 2 1    0.00556349
3 2 2    0.605056
3 2 3    0.651893
4 2 1    0.301009
4 2 2    0.14099
4 2 3    1.01285
;

W[i,j,k] :=
1 2 4    0.0159112
1 2 5    0.00346513
1 2 6   -0.00334405
2 2 4    0.0553861
2 2 5    0.019294
2 2 6   -0.0154262
3 2 4    0.0160369
3 2 5    0.00351551
3 2 6   -0.0033825
4 2 4   -0.0234357
4 2 5   -0.0123654
4 2 6    0.00871243
;

W[i,j,k] :=
1 3 1   -0.945066
1 3 2   -0.370636
1 3 3   -0.0044719
2 3 1   -1.13558
2 3 2    0.0971979
2 3 3    0.456197
3 3 1   -0.945671
3 3 2   -0.369148
3 3 3   -0.00300568
4 3 1   -0.756676
4 3 2   -0.836987
4 3 3   -0.464594
;

W[i,j,k] :=
1 3 4    0.00110524
1 3 5   -0.00302579
1 3 6    0.003557
2 3 4    0.00689585
2 3 5   -0.017982
2 3 6    0.0211173
3 3 4    0.00112371
3 3 5   -0.00307333
3 3 6    0.00361285
4 3 4   -0.00466928
4 3 5    0.0118096
4 3 6   -0.0139182
;

f11 = 7.67701

f12 = 15

f13 = -0.542701

f21 = 7.06192

f22 = 14.3534

f23 = 0.592838

f31 = 7.19865

f32 = 15

f33 = 0.654138

