solve_message = ' \
Ipopt 3.9.1: Converged to a locally infeasible point. Problem may be infeasible.'

Solve time:
_solve_time = 5.08563

Objective:
torque = 5.83462

cnh1 = 0.305814

cnh2 = 0.140886

cnh3 = -0.331631

snh1 = -0.886836

snh2 = -0.292041

snh3 = 0.877508

Hx = 0.0977788

Hy = 0.0344559

Hz = 0.0805115

cnf11 = -0.488206

cnf21 = 0.633139

cnf31 = 0.489067

cnf12 = -0.488206

cnf22 = 0.944279

cnf32 = 0.658137

cnt1 = 0.745456

cnt2 = 0.587086

snf11 = 0.801033

snf21 = 0.849196

snf31 = 0.8868

snf12 = 0.801033

snf22 = 0.353523

snf32 = 0.75429

snt1 = 0.569469

snt2 = 0.798551

p :=
1 1    0.0309893
1 2   -0.00951293
1 3    0.0567689
2 1   -0.00955308
2 2    0.0327275
2 3    0.0561797
3 1    0.028373
3 2    0.0157504
3 3    0.0566698
;

mf :=
1 1    0.061049
1 2    0.195967
1 3    0.256714
2 1    0.0362036
2 2   -0.278585
2 3    0.0245699
;

mt [*] :=
1   0.0528554
2  -0.11009
3   0.272283
;

phi :=
1 1   0.0800935
1 2   0.110122
1 3   0.0110505
2 1   0.0135014
2 2   0.256462
2 3   0.00539082
3 1   0.0797803
3 2   0.1104
3 3   0.0110308
4 1   0.246415
4 2   0.0474351
4 3   0.0178032
;

l [*,1,*]
:       1           2          3        :=
1    0.0606228   0.1959     0.25667
2    0.596316    0.279388   0.312755
3    0.0623278   0.196166   0.256848
4   -0.474216    0.112547   0.200674

 [*,2,*]
:       1            2           3         :=
1    0.0358182   -0.27871     0.0246633
2    0.520211    -0.120601   -0.0927756
3    0.0373599   -0.278207    0.0242896
4   -0.447802    -0.436567    0.141915

 [*,3,*]
:       1             2           3        :=
1    0.0524304   -0.110171     0.272317
2    0.586671    -0.00729148   0.229689
3    0.0541307   -0.109844     0.272182
4   -0.480958    -0.212887     0.314878
;

W[i,j,k] :=
1 1 1    0.0606228
1 1 2    0.1959
1 1 3    0.25667
2 1 1    0.596316
2 1 2    0.279388
2 1 3    0.312755
3 1 1    0.0623278
3 1 2    0.196166
3 1 3    0.256848
4 1 1   -0.474216
4 1 2    0.112547
4 1 3    0.200674
;

W[i,j,k] :=
1 1 4   -0.0135627
1 1 5   -0.00451253
1 1 6    0.00664751
2 1 4   -0.0188357
2 1 5    0.0241601
2 1 6    0.0143307
3 1 4   -0.0135795
3 1 5   -0.00442127
3 1 6    0.00667197
4 1 4   -0.00829814
4 1 5   -0.0331395
4 1 6   -0.00102345
;

W[i,j,k] :=
1 2 1    0.0358182
1 2 2   -0.27871
1 2 3    0.0246633
2 2 1    0.520211
2 2 2   -0.120601
2 2 3   -0.0927756
3 2 1    0.0373599
3 2 2   -0.278207
3 2 3    0.0242896
4 2 1   -0.447802
4 2 2   -0.436567
4 2 3    0.141915
;

W[i,j,k] :=
1 2 4    0.016465
1 2 5    0.00224786
1 2 6    0.0014903
2 2 4    0.00373904
2 2 5    0.028339
2 2 6   -0.0158731
3 2 4    0.0164245
3 2 5    0.00233091
3 2 6    0.00143504
4 2 4    0.0291707
4 2 5   -0.0238016
4 2 6    0.018826
;

W[i,j,k] :=
1 3 1    0.0524304
1 3 2   -0.110171
1 3 3    0.272317
2 3 1    0.586671
2 3 2   -0.00729148
2 3 3    0.229689
3 3 1    0.0541307
3 3 2   -0.109844
3 3 3    0.272182
4 3 1   -0.480958
4 3 2   -0.212887
4 3 3    0.314878
;

W[i,j,k] :=
1 3 4    0.0105325
1 3 5   -0.00475525
1 3 6   -0.00395169
2 3 4    0.0040309
2 3 5    0.0267295
2 3 6   -0.00944719
3 3 4    0.0105118
3 3 5   -0.00465504
3 3 6   -0.00396919
4 3 4    0.0170237
4 3 5   -0.0361898
4 3 6    0.00153503
;

f11 = -4.38771

f12 = 15

f13 = 6.99504

f21 = 4.67534

f22 = 13.9513

f23 = -5.18856

f31 = 0.288204

f32 = 0

f33 = 0.198592

