solve_message = ' \
Ipopt 3.9.1: Converged to a locally infeasible point. Problem may be infeasible.'

Solve time:
_solve_time = 21.9025

Objective:
torque = 8.78814

cnh1 = 0.888272

cnh2 = 0.508564

cnh3 = 0.264342

snh1 = -0.301618

snh2 = -0.788266

snh3 = 0.900068

Hx = 0.0452846

Hy = 0.0477

Hz = -0.0198415

cnf11 = 0.50614

cnf21 = 0.17925

cnf31 = 0.362491

cnf12 = 0.50614

cnf22 = 0.640245

cnf32 = 0.544986

cnt1 = 0.58765

cnt2 = 0.526135

snf11 = 0.789824

snf21 = 0.986458

snf31 = 0.934263

snf12 = 0.789824

snf22 = 0.685628

snf32 = 0.826025

snt1 = 0.73121

snt2 = 0.837047

p :=
1 1    0.0036808
1 2   -0.0342477
1 3   -0.0188067
2 1   -0.027074
2 2    0.0121691
2 3    0.0637337
3 1   -0.0293411
3 2   -0.011056
3 3   -0.0622446
;

mf :=
1 1    0.0427749
1 2    0.857927
1 3   -0.134818
2 1    0.285318
2 2   -0.0896865
2 3   -0.7156
;

mt [*] :=
1  0.534283
2  0.0886493
3  0.650281
;

phi :=
1 1   0.0342766
1 2   0.0876432
1 3   0.0317295
2 1   0
2 2   0.0380306
2 3   0
3 1   0.0340019
3 2   0.0874386
3 3   0.0313807
4 1   0.197115
4 2   0.18429
4 3   0.323158
;

l [*,1,*]
:       1           2           3        :=
1    0.042422    0.857878   -0.135142
2    0.485882    0.919238    0.27306
3    0.0438335   0.858073   -0.133843
4   -0.400331    0.796617   -0.542694

 [*,2,*]
:      1           2            3        :=
1   0.285425   -0.0901139   -0.715462
2   0.151226    0.446985    -0.889045
3   0.284998   -0.0884044   -0.716015
4   0.41941    -0.626356    -0.542157

 [*,3,*]
:      1           2           3        :=
1   0.533959    0.0885524   0.650606
2   0.941233    0.210355    0.243115
3   0.535255    0.08894     0.649309
4   0.127334   -0.0330562   1.05745
;

W[i,j,k] :=
1 1 1    0.042422
1 1 2    0.857878
1 1 3   -0.135142
2 1 1    0.485882
2 1 2    0.919238
2 1 3    0.27306
3 1 1    0.0438335
3 1 2    0.858073
3 1 3   -0.133843
4 1 1   -0.400331
4 1 2    0.796617
4 1 3   -0.542694
;

W[i,j,k] :=
1 1 4    0.0207622
1 1 5   -0.000300387
1 1 6    0.00461054
2 1 4    0.00793615
2 1 5   -0.0101429
2 1 6    0.0200239
3 1 4    0.0207214
3 1 5   -0.000331713
3 1 6    0.0046596
4 1 4    0.0335678
4 1 5    0.00952646
4 1 6   -0.0107782
;

W[i,j,k] :=
1 2 1    0.285425
1 2 2   -0.0901139
1 2 3   -0.715462
2 2 1    0.151226
2 2 2    0.446985
2 2 3   -0.889045
3 2 1    0.284998
3 2 2   -0.0884044
3 2 3   -0.716015
4 2 1    0.41941
4 2 2   -0.626356
4 2 3   -0.542157
;

W[i,j,k] :=
1 2 4   -0.00296323
1 2 5   -0.00117922
1 2 6   -0.00103362
2 2 4   -0.0393069
2 2 5   -0.0144318
2 2 6   -0.013942
3 2 4   -0.0030789
3 2 5   -0.00122139
3 2 6   -0.00107471
4 2 4    0.0333225
4 2 5    0.0120522
4 2 6    0.0118541
;

W[i,j,k] :=
1 3 1    0.533959
1 3 2    0.0885524
1 3 3    0.650606
2 3 1    0.941233
2 3 2    0.210355
2 3 3    0.243115
3 3 1    0.535255
3 3 2    0.08894
3 3 3    0.649309
4 3 1    0.127334
4 3 2   -0.0330562
4 3 3    1.05745
;

W[i,j,k] :=
1 3 4   -0.00168118
1 3 5   -0.0141466
1 3 6    0.00330522
2 3 4    0.0104056
2 3 5   -0.0514534
2 3 6    0.00423421
3 3 4   -0.00164271
3 3 5   -0.0142653
3 3 6    0.00330818
4 3 4   -0.0137487
4 3 5    0.0231007
4 3 6    0.00237771
;

f11 = 8.25608

f12 = 15

f13 = 0.139885

f21 = 7.9742

f22 = 15

f23 = -2.1435

f31 = 8.12733

f32 = 15

f33 = 1.4591

