solve_message = ' \
Ipopt 3.9.1: Converged to a locally infeasible point. Problem may be infeasible.'

Solve time:
_solve_time = 9.42246

Objective:
torque = 7.16842

cnh1 = 0.865179

cnh2 = -0.872057

cnh3 = -0.381147

snh1 = -0.362582

snh2 = -0.345711

snh3 = 0.857162

Hx = 0.0758203

Hy = 0.0555773

Hz = -0.0639465

cnf11 = 0.882294

cnf21 = 0.569168

cnf31 = 0.519774

cnf12 = 0.882294

cnf22 = 0.790402

cnf32 = 0.607773

cnt1 = 0.337987

cnt2 = 0.375147

snf11 = 0.318682

snf21 = 0.745686

snf31 = 0.840583

snf12 = 0.318682

snf22 = 0.505237

snf32 = 0.783605

snt1 = 0.989964

snt2 = 0.95483

p :=
1 1    0.0308956
1 2    0.00988901
1 3   -0.0567036
2 1   -0.0344862
2 2    0.00677076
2 3   -0.0480029
3 1    0.017429
3 2   -0.0308639
3 3   -0.0386533
;

mf :=
1 1    0.532726
1 2   -0.0416924
1 3   -0.580459
2 1    0.716574
2 2   -0.2595
2 3   -0.0338122
;

mt [*] :=
1  -0.362627
2   0.865536
3  -0.0320793
;

phi :=
1 1   0.0474481
1 2   0.0649555
1 3   0.0295999
2 1   0.0137763
2 2   0.00469249
2 3   0
3 1   0.0473102
3 2   0.0646569
3 3   0.0292921
4 1   0.107884
4 2   0.266511
4 3   0.370449
;

l [*,1,*]
:      1           2            3        :=
1   0.532963   -0.0419727   -0.580198
2   0.2343      0.310314    -0.909155
3   0.532013   -0.0408515   -0.581245
4   0.83115    -0.393697    -0.251765

 [*,2,*]
:      1           2            3         :=
1   0.716518   -0.259666    -0.0333809
2   0.787314   -0.0510964   -0.575439
3   0.716743   -0.259002    -0.0351062
4   0.645835   -0.467903     0.507812

 [*,3,*]
:       1          2           3         :=
1   -0.363085   0.865332   -0.0321724
2    0.211711   1.12125     0.08484
3   -0.361255   0.866146   -0.0318
4   -0.936964   0.609819   -0.148998
;

W[i,j,k] :=
1 1 1    0.532963
1 1 2   -0.0419727
1 1 3   -0.580198
2 1 1    0.2343
2 1 2    0.310314
2 1 3   -0.909155
3 1 1    0.532013
3 1 2   -0.0408515
3 1 3   -0.581245
4 1 1    0.83115
4 1 2   -0.393697
4 1 3   -0.251765
;

W[i,j,k] :=
1 1 4   -0.00811759
1 1 5   -0.0122954
1 1 6   -0.00656725
2 1 4    0.00860528
2 1 5    0.0148033
2 1 6    0.00727035
3 1 4   -0.00806436
3 1 5   -0.0122091
3 1 6   -0.00652321
4 1 4   -0.0248138
4 1 5   -0.0393508
4 1 6   -0.0203828
;

W[i,j,k] :=
1 2 1    0.716518
1 2 2   -0.259666
1 2 3   -0.0333809
2 2 1    0.787314
2 2 2   -0.0510964
2 2 3   -0.575439
3 2 1    0.716743
3 2 2   -0.259002
3 2 3   -0.0351062
4 2 1    0.645835
4 2 2   -0.467903
4 2 3    0.507812
;

W[i,j,k] :=
1 2 4   -0.0126907
1 2 5   -0.0355461
1 2 6    0.00410351
2 2 4   -0.00634894
2 2 5   -0.057638
2 2 6   -0.0035686
3 2 4   -0.0126706
3 2 5   -0.0356164
3 2 6    0.0040791
4 2 4   -0.0190224
4 2 5   -0.0134895
4 2 6    0.0117634
;

W[i,j,k] :=
1 3 1   -0.363085
1 3 2    0.865332
1 3 3   -0.0321724
2 3 1    0.211711
2 3 2    1.12125
2 3 3    0.08484
3 3 1   -0.361255
3 3 2    0.866146
3 3 3   -0.0318
4 3 1   -0.936964
4 3 2    0.609819
4 3 3   -0.148998
;

W[i,j,k] :=
1 3 4    0.0344409
1 3 5    0.0145951
1 3 6    0.00387571
2 3 4    0.0407216
2 3 5   -0.00966201
2 3 6    0.0260766
3 3 4    0.0344609
3 3 5    0.0145179
3 3 6    0.00394637
4 3 4    0.0281702
4 3 5    0.0388136
4 3 6   -0.0182897
;

f11 = 7.26172

f12 = 15

f13 = -3.93064

f21 = 5.09123

f22 = 10.7578

f23 = 1.76977

f31 = 7.72065

f32 = 15

f33 = -2.92814

