solve_message = ' \
Ipopt 3.9.1: Converged to a locally infeasible point. Problem may be infeasible.'

Solve time:
_solve_time = 39.8271

Objective:
torque = 8.1691

cnh1 = 0.851012

cnh2 = 0.487954

cnh3 = -0.118495

snh1 = -0.394688

snh2 = 0.801187

snh3 = 0.930569

Hx = 0.0393048

Hy = 0.0540228

Hz = 0.011529

cnf11 = 0.603001

cnf21 = 0.599113

cnf31 = 0.530146

cnf12 = 0.603001

cnf22 = 0.24504

cnf32 = 0.40251

cnt1 = 0.583076

cnt2 = 0.524549

snf11 = 0.718602

snf21 = 0.721848

snf31 = 0.83477

snf12 = 0.718602

snf22 = 0.946984

snf32 = 0.904478

snt1 = 0.734862

snt2 = 0.837938

p :=
1 1   -0.0298698
1 2    0.00495126
1 3   -0.0632944
2 1    0.00839543
2 2   -0.0334064
2 3    0.0143609
3 1   -0.0317084
3 2   -0.00387322
3 3    0.0614794
;

mf :=
1 1    0.279466
1 2    0.0668623
1 3    0.731034
2 1   -0.0659292
2 2    0.812953
2 3    0.138352
;

mt [*] :=
1   0.501821
2   0.0654846
3  -0.68236
;

phi :=
1 1   0.0339626
1 2   0.0167988
1 3   0.0711722
2 1   0
2 2   0
2 3   0.0135361
3 1   0.0336771
3 2   0.0165593
3 3   0.0708944
4 1   0.319524
4 2   0.237064
4 3   0.252263
;

l [*,1,*]
:       1           2           3        :=
1    0.279068    0.0667281   0.731225
2    0.779148    0.235466    0.490267
3    0.28066     0.0672651   0.730458
4   -0.220214   -0.10174     0.971799

 [*,2,*]
:       1           2           3        :=
1   -0.0662621   0.812932    0.138047
2    0.352045    0.838821    0.521124
3   -0.0649307   0.813014    0.139266
4   -0.483902    0.787085   -0.244419

 [*,3,*]
:      1           2            3        :=
1   0.50195     0.065041    -0.682298
2   0.339439    0.622596    -0.759978
3   0.501433    0.0668155   -0.682546
4   0.664202   -0.491625    -0.604742
;

W[i,j,k] :=
1 1 1    0.279068
1 1 2    0.0667281
1 1 3    0.731225
2 1 1    0.779148
2 1 2    0.235466
2 1 3    0.490267
3 1 1    0.28066
3 1 2    0.0672651
3 1 3    0.730458
4 1 1   -0.220214
4 1 2   -0.10174
4 1 3    0.971799
;

W[i,j,k] :=
1 1 4    0.007844
1 1 5    0.00417808
1 1 6   -0.00337489
2 1 4    0.0173311
2 1 5   -0.0346716
2 1 6   -0.0108911
3 1 4    0.0078742
3 1 5    0.00405443
3 1 6   -0.00339881
4 1 4   -0.00162797
4 1 5    0.0429657
4 1 6    0.0041293
;

W[i,j,k] :=
1 2 1   -0.0662621
1 2 2    0.812932
1 2 3    0.138047
2 2 1    0.352045
2 2 2    0.838821
2 2 3    0.521124
3 2 1   -0.0649307
3 2 2    0.813014
3 2 3    0.139266
4 2 1   -0.483902
4 2 2    0.787085
4 2 3   -0.244419
;

W[i,j,k] :=
1 2 4   -0.0162861
1 2 5   -0.00211055
1 2 6    0.00461134
2 2 4   -0.0294551
2 2 5    0.000680633
2 2 6    0.0188028
3 2 4   -0.016328
3 2 5   -0.00210166
3 2 6    0.00465651
4 2 4   -0.00313811
4 2 5   -0.00489728
4 2 6   -0.00955749
;

W[i,j,k] :=
1 3 1    0.50195
1 3 2    0.065041
1 3 3   -0.682298
2 3 1    0.339439
2 3 2    0.622596
2 3 3   -0.759978
3 3 1    0.501433
3 3 2    0.0668155
3 3 3   -0.682546
4 3 1    0.664202
4 3 2   -0.491625
4 3 3   -0.604742
;

W[i,j,k] :=
1 3 4   -0.00135599
1 3 5    0.00922502
1 3 6   -0.000118182
2 3 4   -0.0353333
2 3 5   -0.00322917
2 3 6   -0.0184268
3 3 4   -0.00146413
3 3 5    0.00918538
3 3 6   -0.000176454
4 3 4    0.0325671
4 3 5    0.0216593
4 3 6    0.0181612
;

f11 = 8.19156

f12 = 15

f13 = 1.03965

f21 = 6.64101

f22 = 13.3148

f23 = -0.581063

f31 = 8.25036

f32 = 15

f33 = 0.337665

