solve_message = ' \
Ipopt 3.9.1: Maximum Number of Iterations Exceeded.'

Solve time:
_solve_time = 67.0492

Objective:
torque = 4.44847

cnh1 = 0.854537

cnh2 = -0.583488

cnh3 = 0.229721

snh1 = -0.503813

snh2 = 0.840634

snh3 = 1.02673

Hx = 0.0490103

Hy = 0.117385

Hz = 0.00231366

cnf11 = 0.832275

cnf21 = 0.758039

cnf31 = 0.591249

cnf12 = 0.853221

cnf22 = 0.653245

cnf32 = 0.505738

cnt1 = 0.292769

cnt2 = 0.451487

snf11 = 0.00923901

snf21 = 0.505952

snf31 = 0.805291

snf12 = 0.0391812

snf22 = 0.768923

snf32 = 0.878261

snt1 = 0.887522

snt2 = 0.871316

p :=
1 1   -0.0249778
1 2    0.0187904
1 3   -0.0648104
2 1   -0.0450595
2 2   -0.00505046
2 3   -0.0712931
3 1    0.0334737
3 2   -0.0231138
3 3   -0.0218064
;

mf :=
1 1    0.487383
1 2   -0.214615
1 3    0.954171
2 1    0.615925
2 2    0.0296782
2 3    0.925433
;

mt [*] :=
1  0.659683
2  1.17983
3  0.0832163
;

phi :=
1 1   0.0623786
1 2   0.0226862
1 3   0.0566938
2 1   0.0278199
2 2   0
2 3   0.00758002
3 1   0.0622248
3 2   0.0225938
3 3   0.0564561
4 1   0.826748
4 2   0.07015
4 3   1.10641
;

l [*,1,*]
:       1           2          3        :=
1    0.436123   -0.224879   0.596209
2    0.977232    0.134222   0.342812
3    0.437846   -0.223732   0.595419
4   -0.105313   -0.586741   0.839964

 [*,2,*]
:       1           2           3        :=
1    0.433424    0.0662937   0.735448
2    0.965235    0.46517     0.447573
3    0.435126    0.0675693   0.734536
4   -0.105411   -0.335828    1.01815

 [*,3,*]
:       1           2           3         :=
1   -0.163746    0.646421   -0.526361
2   -0.384023    0.958152    0.0888288
3   -0.164444    0.647427   -0.524399
4    0.0483032   0.315659   -1.1622
;

W[i,j,k] :=
1 1 1    0.429666
1 1 2   -0.23338
1 1 3    0.593814
2 1 1    0.974672
2 1 2    0.14111
2 1 3    0.334062
3 1 1    0.431403
3 1 2   -0.232182
3 1 3    0.593001
4 1 1   -0.117188
4 1 2   -0.613605
4 1 3    0.844669
;

W[i,j,k] :=
1 1 4   -0.000565407
1 1 5   -0.0183163
1 1 6   -0.00415659
2 1 4    0.018554
2 1 5   -0.0596711
2 1 6   -0.0235714
3 1 4   -0.000504135
3 1 5   -0.0184473
3 1 6   -0.00421839
4 1 4   -0.0201647
4 1 5    0.0221754
4 1 6    0.0150122
;

W[i,j,k] :=
1 2 1    0.420938
1 2 2    0.0481915
1 2 3    0.726273
2 2 1    0.956556
2 2 2    0.460694
2 2 3    0.432335
3 2 1    0.422652
3 2 2    0.0495121
3 2 3    0.725343
4 2 1   -0.120818
4 2 2   -0.369396
4 2 3    1.01483
;

W[i,j,k] :=
1 2 4   -0.004068
1 2 5   -0.0157718
1 2 6   -0.00339021
2 2 4    0.0264216
2 2 5   -0.0652942
2 2 6   -0.00819199
3 2 4   -0.00397074
3 2 5   -0.0159295
3 2 6   -0.00340536
4 2 4   -0.0346697
4 2 5    0.0336187
4 2 6    0.00127354
;

W[i,j,k] :=
1 3 1   -0.192229
1 3 2    0.585299
1 3 3   -0.541812
2 3 1   -0.424373
2 3 2    0.903527
2 3 3    0.0692097
3 3 1   -0.192963
3 3 2    0.586331
3 3 3   -0.53986
4 3 1    0.0187376
4 3 2    0.233623
4 3 3   -1.19693
;

W[i,j,k] :=
1 3 4    0.0254397
1 3 5    0.00659977
1 3 6    0.0137533
2 3 4    0.00370953
2 3 5   -0.0229029
2 3 6    0.016898
3 3 4    0.0253697
3 3 5    0.00650613
3 3 6    0.0137643
4 3 4    0.0516859
4 3 5    0.0384882
4 3 6    0.00697787
;

f11 = 5.58679

f12 = 15

f13 = 0.0244957

f21 = -1.71407

f22 = 0.835561

f23 = -1.29291

f31 = 4.17454

f32 = 9.68974

f33 = -1.28652

