solve_message = ' \
Ipopt 3.9.1: Maximum Number of Iterations Exceeded.'

Solve time:
_solve_time = 67.408

Objective:
torque = 8.13393

cnh1 = -0.794414

cnh2 = 0.937492

cnh3 = 0.0261726

snh1 = -0.699026

snh2 = 0.0554799

snh3 = -1.0374

Hx = -0.0682192

Hy = 0.0840666

Hz = 0.00545313

cnf11 = 0.635679

cnf21 = 0.597559

cnf31 = 0.482324

cnf12 = 0.637525

cnf22 = 0.664076

cnf32 = 0.538335

cnt1 = 0.4361

cnt2 = 0.411234

snf11 = 0.699364

snf21 = 0.858125

snf31 = 0.887525

snf12 = 0.697029

snf22 = 0.716689

snf32 = 0.837972

snt1 = 0.963965

snt2 = 0.934987

p :=
1 1   -0.0127402
1 2   -0.030178
1 3    0.0594993
2 1   -0.0193044
2 2   -0.0257842
2 3   -0.0607467
3 1    0.0346967
3 2    0.00201799
3 3    0.00984797
;

mf :=
1 1    0.148603
1 2    0.796775
1 3   -0.621574
2 1    0.228615
2 2    0.580322
2 3    0.666966
;

mt [*] :=
1  -1.12312
2   0.068135
3  -0.0616287
;

phi :=
1 1   0.041035
1 2   0.0479657
1 3   0.0161809
2 1   0
2 2   0.00102937
2 3   0
3 1   0.0408145
3 2   0.0477052
3 3   0.0158369
4 1   0.205852
4 2   0.302999
4 3   0.370225
;

l [*,1,*]
:       1          2           3        :=
1    0.149084   0.796781   -0.621532
2   -0.556488   0.862925   -0.809478
3    0.146838   0.796991   -0.62213
4    0.853579   0.730722   -0.433872

 [*,2,*]
:      1           2           3        :=
1   0.228361   0.579832     0.667012
2   0.11544    1.15366      0.277122
3   0.228001   0.581658     0.665771
4   0.341149   0.00692872   1.0563

 [*,3,*]
:      1           2            3         :=
1   -1.12305    0.0678338   -0.0624857
2   -1.17793    0.627158     0.434482
3   -1.12323    0.0696141   -0.060904
4   -1.06823   -0.490613    -0.55865
;

W[i,j,k] :=
1 1 1    0.149405
1 1 2    0.796781
1 1 3   -0.621752
2 1 1   -0.556256
2 1 2    0.863075
2 1 3   -0.809793
3 1 1    0.147159
3 1 2    0.796992
3 1 3   -0.62235
4 1 1    0.85404
4 1 2    0.730554
4 1 3   -0.433981
;

W[i,j,k] :=
1 1 4   -0.0286509
1 1 5    0.000930375
1 1 6   -0.0057398
2 1 4   -0.0269383
2 1 5   -0.0434559
2 1 6   -0.027794
3 1 4   -0.0286455
3 1 5    0.000789101
3 1 6   -0.00580999
4 1 4   -0.0303198
4 1 5    0.0452571
4 1 6    0.016265
;

W[i,j,k] :=
1 2 1   0.228022
1 2 2   0.579902
1 2 3   0.66683
2 2 1   0.115098
2 2 2   1.15359
2 2 3   0.276809
3 2 1   0.227663
3 2 2   0.581728
3 2 3   0.665589
4 2 1   0.340867
4 2 2   0.00713619
4 2 3   1.05627
;

W[i,j,k] :=
1 2 4    0.0180404
1 2 5   -0.000975688
1 2 6   -0.00535344
2 2 4    0.0629074
2 2 5   -0.00167084
2 2 6   -0.0192994
3 2 4    0.0181832
3 2 5   -0.000977899
3 2 6   -0.00539783
4 2 4   -0.0267157
4 2 5   -0.000276798
4 2 6    0.00855629
;

W[i,j,k] :=
1 3 1   -1.12303
1 3 2    0.06776
1 3 3   -0.0623396
2 3 1   -1.17787
2 3 2    0.627124
2 3 3    0.434625
3 3 1   -1.12321
3 3 2    0.0695404
3 3 3   -0.0607579
4 3 1   -1.06821
4 3 2   -0.490744
4 3 3   -0.558489
;

W[i,j,k] :=
1 3 4   -0.000917499
1 3 5   -0.00882995
1 3 6    0.00458185
2 3 4   -0.00544205
2 3 5   -0.0265702
2 3 6    0.0240104
3 3 4   -0.000931948
3 3 5   -0.00888642
3 3 6    0.0046437
4 3 4    0.00363211
4 3 5    0.00888698
4 3 6   -0.0148281
;

f11 = 8.00774

f12 = 15

f13 = -1.15188

f21 = 7.34078

f22 = 14.8915

f23 = 1.00729

f31 = 7.65669

f32 = 15

f33 = 0.371433

