solve_message = ' \
Ipopt 3.9.1: Converged to a locally infeasible point. Problem may be infeasible.'

Solve time:
_solve_time = 54.8812

Objective:
torque = 7.85234

cnh1 = -0.38335

cnh2 = -0.930483

cnh3 = 0.0264239

snh1 = -0.856179

snh2 = 0.119166

snh3 = 0.937711

Hx = 0.0556047

Hy = -0.0450554

Hz = 0.0135124

cnf11 = 0.744048

cnf21 = 0.548182

cnf31 = 0.512699

cnf12 = 0.744048

cnf22 = 0.693403

cnf32 = 0.565381

cnt1 = 0.309302

cnt2 = 0.401081

snf11 = 0.571307

snf21 = 0.761246

snf31 = 0.844403

snf12 = 0.571307

snf22 = 0.631817

snf32 = 0.813204

snt1 = 0.959346

snt2 = 0.919956

p :=
1 1   -0.00248295
1 2    0.0330901
1 3    0.059133
2 1    0.0044958
2 2    0.0312596
2 3   -0.0619701
3 1   -0.0309897
3 2   -0.0150369
3 3    0.014076
;

mf :=
1 1    0.0545768
1 2   -0.686357
1 3   -0.34075
2 1   -0.135923
2 2   -0.533748
2 3    0.54381
;

mt [*] :=
1   0.848624
2   0.262606
3  -0.061111
;

phi :=
1 1   0.0521458
1 2   0.0488622
1 3   0.033914
2 1   0.0128974
2 2   0
2 3   0
3 1   0.0519662
3 2   0.0485714
3 3   0.0335967
4 1   0.159679
4 2   0.308046
4 3   0.330945
;

l [*,1,*]
:       1            2           3         :=
1    0.0541886   -0.68648    -0.340532
2    0.542043    -0.532199   -0.614777
3    0.0557413   -0.685989   -0.341405
4   -0.432888    -0.840515   -0.0667237

 [*,2,*]
:       1           2          3        :=
1   -0.136143   -0.53343    0.544061
2    0.140425   -0.932583   0.228829
3   -0.135262   -0.534701   0.543058
4   -0.412269   -0.134915   0.858791

 [*,3,*]
:      1           2           3         :=
1   0.848509    0.262899   -0.0615009
2   0.992536   -0.106025    0.428573
3   0.848967    0.261725   -0.0599411
4   0.704712    0.631235   -0.550793
;

W[i,j,k] :=
1 1 1    0.0541886
1 1 2   -0.68648
1 1 3   -0.340532
2 1 1    0.542043
2 1 2   -0.532199
2 1 3   -0.614777
3 1 1    0.0557413
3 1 2   -0.685989
3 1 3   -0.341405
4 1 1   -0.432888
4 1 2   -0.840515
4 1 3   -0.0667237
;

W[i,j,k] :=
1 1 4    0.0293254
1 1 5    0.00235882
1 1 6   -8.8613e-05
2 1 4    0.0111275
2 1 5    0.0305262
2 1 6   -0.0166148
3 1 4    0.0292675
3 1 5    0.00244847
3 1 6   -0.000141212
4 1 4    0.0474943
4 1 5   -0.0257636
4 1 6    0.0164113
;

W[i,j,k] :=
1 2 1   -0.136143
1 2 2   -0.53343
1 2 3    0.544061
2 2 1    0.140425
2 2 2   -0.932583
2 2 3    0.228829
3 2 1   -0.135262
3 2 2   -0.534701
3 2 3    0.543058
4 2 1   -0.412269
4 2 2   -0.134915
4 2 3    0.858791
;

W[i,j,k] :=
1 2 4   -0.0160496
1 2 5    0.00599078
1 2 6    0.00185756
2 2 4   -0.0506391
2 2 5   -0.00973094
2 2 6   -0.00858234
3 2 4   -0.0161597
3 2 5    0.00594074
3 2 6    0.00182433
4 2 4    0.0184847
4 2 5    0.0216874
4 2 6    0.0122808
;

W[i,j,k] :=
1 3 1    0.848509
1 3 2    0.262899
1 3 3   -0.0615009
2 3 1    0.992536
2 3 2   -0.106025
2 3 3    0.428573
3 3 1    0.848967
3 3 2    0.261725
3 3 3   -0.0599411
4 3 1    0.704712
4 3 2    0.631235
4 3 3   -0.550793
;

W[i,j,k] :=
1 3 4   -0.0027758
1 3 5    0.0100378
1 3 6    0.00461181
2 3 4   -0.00495201
2 3 5    0.0272523
2 3 6    0.0182104
3 3 4   -0.00278272
3 3 5    0.0100925
3 3 6    0.00465509
4 3 4   -0.000603058
4 3 5   -0.00714933
4 3 6   -0.00896506
;

f11 = 8.00153

f12 = 15

f13 = -2.03913

f21 = 6.55589

f22 = 14.019

f23 = 2.50472

f31 = 8.23852

f32 = 15

f33 = 0.556068

