solve_message = ' \
Ipopt 3.9.1: Converged to a locally infeasible point. Problem may be infeasible.'

Solve time:
_solve_time = 7.33205

Objective:
torque = 6.1988

cnh1 = -0.845074

cnh2 = -0.936304

cnh3 = -0.475038

snh1 = 0.407247

snh2 = -0.0577539

snh3 = 0.808912

Hx = -0.0820252

Hy = -0.060577

Hz = -0.076216

cnf11 = 0.937375

cnf21 = 0.631611

cnf31 = 0.541809

cnf12 = 0.937375

cnf22 = 0.838664

cnf32 = 0.574

cnt1 = 0.447119

cnt2 = 0.480597

snf11 = 0

snf21 = 0.69359

snf31 = 0.827938

snf12 = 0

snf22 = 0.647026

snf32 = 0.829603

snt1 = 0.824672

snt2 = 0.86015

p :=
1 1   -0.0107664
1 2   -0.0318154
1 3   -0.0517214
2 1    0.0286851
2 2   -0.0187834
2 3   -0.0422156
3 1   -0.0246904
3 2    0.0239403
3 3   -0.0369788
;

mf :=
1 1   -0.745269
1 2    0.147497
1 3   -0.127059
2 1   -0.799403
2 2    0.357821
2 3   -0.111854
;

mt [*] :=
1   0.466479
2  -0.641303
3  -0.174823
;

phi :=
1 1   0.0136308
1 2   0.0646223
1 3   0.0660151
2 1   0
2 2   0.013371
2 3   0.0116737
3 1   0.0135511
3 2   0.0643784
3 3   0.0657191
4 1   0.158684
4 2   0.209688
4 3   0.355292
;

l [*,1,*]
:       1           2            3        :=
1   -0.745304    0.147629    -0.126619
2   -0.701088   -0.0183763   -0.679877
3   -0.745164    0.1471      -0.12838
4   -0.78945     0.313369     0.425757

 [*,2,*]
:       1          2           3        :=
1   -0.799387   0.357987   -0.111385
2   -0.818913   0.149117   -0.700839
3   -0.799449   0.357323   -0.113261
4   -0.779892   0.566525    0.477129

 [*,3,*]
:       1           2           3        :=
1   0.466823    -0.64101    -0.174975
2   0.0348164   -1.00952     0.015922
3   0.465448    -0.642183   -0.174368
4   0.898141    -0.273088   -0.365568
;

W[i,j,k] :=
1 1 1   -0.745304
1 1 2    0.147629
1 1 3   -0.126619
2 1 1   -0.701088
2 1 2   -0.0183763
2 1 3   -0.679877
3 1 1   -0.745164
3 1 2    0.1471
3 1 3   -0.12838
4 1 1   -0.78945
4 1 2    0.313369
4 1 3    0.425757
;

W[i,j,k] :=
1 1 4    0.011664
1 1 5    0.037185
1 1 6   -0.0253016
2 1 4    0.0206801
2 1 5    0.0289415
2 1 6   -0.0221076
3 1 4    0.0116927
3 1 5    0.0371588
3 1 6   -0.0252914
4 1 4    0.00266226
4 1 5    0.0454154
4 1 6   -0.0284905
;

W[i,j,k] :=
1 2 1   -0.799387
1 2 2    0.357987
1 2 3   -0.111385
2 2 1   -0.818913
2 2 2    0.149117
2 2 3   -0.700839
3 2 1   -0.799449
3 2 2    0.357323
3 2 3   -0.113261
4 2 1   -0.779892
4 2 2    0.566525
4 2 3    0.477129
;

W[i,j,k] :=
1 2 4    0.0172048
1 2 5    0.0369417
1 2 6   -0.00474633
2 2 4    0.0194592
2 2 5    0.0546746
2 2 6   -0.0111046
3 2 4    0.017212
3 2 5    0.0369982
3 2 6   -0.00476657
4 2 4    0.0149541
4 2 5    0.0192371
4 2 6    0.00160176
;

W[i,j,k] :=
1 3 1    0.466823
1 3 2   -0.64101
1 3 3   -0.174975
2 3 1    0.0348164
2 3 2   -1.00952
2 3 3    0.015922
3 3 1    0.465448
3 3 2   -0.642183
3 3 3   -0.174368
4 3 1    0.898141
4 3 2   -0.273088
4 3 3   -0.365568
;

W[i,j,k] :=
1 3 4   -0.0278927
1 3 5   -0.0215828
1 3 6    0.00465085
2 3 4   -0.0369496
2 3 5   -0.00089435
2 3 6    0.0240919
3 3 4   -0.0279216
3 3 5   -0.0215169
3 3 6    0.00471272
4 3 4   -0.0188503
4 3 5   -0.0422382
4 3 6   -0.0147592
;

f11 = 4.24693

f12 = 15

f13 = -2.66657

f21 = 2.26788

f22 = 4.99981

f23 = -0.71569

f31 = 6.50041

f32 = 15

f33 = -3.01007

