solve_message = ' \
Ipopt 3.9.1: Converged to a locally infeasible point. Problem may be infeasible.'

Solve time:
_solve_time = 38.9534

Objective:
torque = 7.85234

cnh1 = 0.856179

cnh2 = -0.930483

cnh3 = 0.0264223

snh1 = -0.38335

snh2 = 0.119166

snh3 = 0.937711

Hx = 0.0450555

Hy = 0.0556047

Hz = 0.0135122

cnf11 = 0.744048

cnf21 = 0.548183

cnf31 = 0.512699

cnf12 = 0.744048

cnf22 = 0.693402

cnf32 = 0.565381

cnt1 = 0.309301

cnt2 = 0.401081

snf11 = 0.571307

snf21 = 0.761246

snf31 = 0.844403

snf12 = 0.571307

snf22 = 0.631817

snf32 = 0.813205

snt1 = 0.959346

snt2 = 0.919956

p :=
1 1   -0.0330901
1 2   -0.00248286
1 3    0.0591331
2 1   -0.0312596
2 2    0.00449567
2 3   -0.0619701
3 1    0.0150369
3 2   -0.0309897
3 3    0.014076
;

mf :=
1 1    0.686357
1 2    0.0545755
1 3   -0.340751
2 1    0.533749
2 2   -0.135921
2 3    0.54381
;

mt [*] :=
1  -0.262606
2   0.848624
3  -0.0611119
;

phi :=
1 1   0.0507091
1 2   0.0379102
1 3   0.0221445
2 1   0.00871775
2 2   0
2 3   0
3 1   0.0505138
3 2   0.0376336
3 3   0.0218444
4 1   0.176375
4 2   0.2986
4 3   0.358172
;

l [*,1,*]
:      1           2            3         :=
1   0.686479    0.0541873   -0.340532
2   0.532199    0.542041    -0.614779
3   0.685988    0.05574     -0.341405
4   0.840514   -0.432889    -0.0667239

 [*,2,*]
:      1           2          3        :=
1   0.533431   -0.136141   0.544061
2   0.932583    0.140426   0.228828
3   0.534701   -0.135261   0.543058
4   0.134916   -0.412268   0.858791

 [*,3,*]
:       1          2           3         :=
1   -0.262899   0.848509   -0.0615018
2    0.106026   0.992537    0.428571
3   -0.261725   0.848968   -0.059942
4   -0.631235   0.704711   -0.550793
;

W[i,j,k] :=
1 1 1    0.686479
1 1 2    0.0541873
1 1 3   -0.340532
2 1 1    0.532199
2 1 2    0.542041
2 1 3   -0.614779
3 1 1    0.685988
3 1 2    0.05574
3 1 3   -0.341405
4 1 1    0.840514
4 1 2   -0.432889
4 1 3   -0.0667239
;

W[i,j,k] :=
1 1 4   -0.00235877
1 1 5    0.0293254
1 1 6   -8.86308e-05
2 1 4   -0.0305262
2 1 5    0.0111274
2 1 6   -0.0166148
3 1 4   -0.00244842
3 1 5    0.0292675
3 1 6   -0.00014123
4 1 4    0.0257637
4 1 5    0.0474943
4 1 6    0.0164112
;

W[i,j,k] :=
1 2 1    0.533431
1 2 2   -0.136141
1 2 3    0.544061
2 2 1    0.932583
2 2 2    0.140426
2 2 3    0.228828
3 2 1    0.534701
3 2 2   -0.135261
3 2 3    0.543058
4 2 1    0.134916
4 2 2   -0.412268
4 2 3    0.858791
;

W[i,j,k] :=
1 2 4   -0.00599078
1 2 5   -0.0160496
1 2 6    0.0018576
2 2 4    0.00973095
2 2 5   -0.0506392
2 2 6   -0.00858224
3 2 4   -0.00594074
3 2 5   -0.0161597
3 2 6    0.00182437
4 2 4   -0.0216874
4 2 5    0.0184847
4 2 6    0.0122808
;

W[i,j,k] :=
1 3 1   -0.262899
1 3 2    0.848509
1 3 3   -0.0615018
2 3 1    0.106026
2 3 2    0.992537
2 3 3    0.428571
3 3 1   -0.261725
3 3 2    0.848968
3 3 3   -0.059942
4 3 1   -0.631235
4 3 2    0.704711
4 3 3   -0.550793
;

W[i,j,k] :=
1 3 4   -0.0100377
1 3 5   -0.00277577
1 3 6    0.00461181
2 3 4   -0.0272522
2 3 5   -0.00495198
2 3 6    0.0182104
3 3 4   -0.0100925
3 3 5   -0.0027827
3 3 6    0.00465509
4 3 4    0.00714938
4 3 5   -0.000603037
4 3 6   -0.00896509
;

f11 = 8.00153

f12 = 15

f13 = -2.03914

f21 = 6.55589

f22 = 14.019

f23 = 2.5047

f31 = 8.23853

f32 = 15

f33 = 0.556048

