solve_message = ' \
Ipopt 3.9.1: Converged to a locally infeasible point. Problem may be infeasible.'

Solve time:
_solve_time = 8.84526

Objective:
torque = 7.85234

cnh1 = -0.383351

cnh2 = -0.930483

cnh3 = 0.0264245

snh1 = -0.856179

snh2 = 0.119167

snh3 = 0.937711

Hx = 0.0556047

Hy = -0.0450555

Hz = 0.0135125

cnf11 = 0.744048

cnf21 = 0.548182

cnf31 = 0.512699

cnf12 = 0.744048

cnf22 = 0.693403

cnf32 = 0.565381

cnt1 = 0.309301

cnt2 = 0.401081

snf11 = 0.571307

snf21 = 0.761247

snf31 = 0.844403

snf12 = 0.571307

snf22 = 0.631817

snf32 = 0.813204

snt1 = 0.959345

snt2 = 0.919956

p :=
1 1   -0.00248292
1 2    0.0330901
1 3    0.059133
2 1    0.00449593
2 2    0.0312595
2 3   -0.0619701
3 1   -0.0309897
3 2   -0.0150369
3 3    0.0140761
;

mf :=
1 1    0.0545764
1 2   -0.686357
1 3   -0.340749
2 1   -0.135924
2 2   -0.533747
2 3    0.543811
;

mt [*] :=
1   0.848624
2   0.262605
3  -0.0611107
;

phi :=
1 1   0.0522117
1 2   0.0282536
1 3   0.0329444
2 1   0.0101173
2 2   0
2 3   0
3 1   0.0520045
3 2   0.0279719
3 3   0.0326381
4 1   0.185129
4 2   0.310763
4 3   0.330042
;

l [*,1,*]
:       1            2           3         :=
1    0.0541882   -0.68648    -0.340531
2    0.542043    -0.5322     -0.614776
3    0.055741    -0.685989   -0.341404
4   -0.432888    -0.840514   -0.0667234

 [*,2,*]
:       1           2          3        :=
1   -0.136144   -0.53343    0.544062
2    0.140423   -0.932583   0.22883
3   -0.135264   -0.5347     0.543058
4   -0.41227    -0.134913   0.85879

 [*,3,*]
:      1           2           3         :=
1   0.848509    0.262898   -0.0615007
2   0.992536   -0.106026    0.428573
3   0.848968    0.261724   -0.0599409
4   0.704713    0.631234   -0.550793
;

W[i,j,k] :=
1 1 1    0.0541882
1 1 2   -0.68648
1 1 3   -0.340531
2 1 1    0.542043
2 1 2   -0.5322
2 1 3   -0.614776
3 1 1    0.055741
3 1 2   -0.685989
3 1 3   -0.341404
4 1 1   -0.432888
4 1 2   -0.840514
4 1 3   -0.0667234
;

W[i,j,k] :=
1 1 4    0.0293254
1 1 5    0.0023588
1 1 6   -8.86201e-05
2 1 4    0.0111276
2 1 5    0.0305262
2 1 6   -0.0166149
3 1 4    0.0292675
3 1 5    0.00244845
3 1 6   -0.000141219
4 1 4    0.0474943
4 1 5   -0.0257637
4 1 6    0.0164113
;

W[i,j,k] :=
1 2 1   -0.136144
1 2 2   -0.53343
1 2 3    0.544062
2 2 1    0.140423
2 2 2   -0.932583
2 2 3    0.22883
3 2 1   -0.135264
3 2 2   -0.5347
3 2 3    0.543058
4 2 1   -0.41227
4 2 2   -0.134913
4 2 3    0.85879
;

W[i,j,k] :=
1 2 4   -0.0160496
1 2 5    0.0059908
1 2 6    0.00185754
2 2 4   -0.0506391
2 2 5   -0.00973085
2 2 6   -0.0085824
3 2 4   -0.0161597
3 2 5    0.00594076
3 2 6    0.00182431
4 2 4    0.0184848
4 2 5    0.0216874
4 2 6    0.0122808
;

W[i,j,k] :=
1 3 1    0.848509
1 3 2    0.262898
1 3 3   -0.0615007
2 3 1    0.992536
2 3 2   -0.106026
2 3 3    0.428573
3 3 1    0.848968
3 3 2    0.261724
3 3 3   -0.0599409
4 3 1    0.704713
4 3 2    0.631234
4 3 3   -0.550793
;

W[i,j,k] :=
1 3 4   -0.0027758
1 3 5    0.0100378
1 3 6    0.00461181
2 3 4   -0.00495198
2 3 5    0.0272524
2 3 6    0.0182104
3 3 4   -0.00278272
3 3 5    0.0100926
3 3 6    0.00465509
4 3 4   -0.00060309
4 3 5   -0.0071493
4 3 6   -0.00896505
;

f11 = 8.00153

f12 = 15

f13 = -2.03912

f21 = 6.55588

f22 = 14.019

f23 = 2.50473

f31 = 8.23852

f32 = 15

f33 = 0.556076

