solve_message = ' \
Ipopt 3.9.1: Converged to a locally infeasible point. Problem may be infeasible.'

Solve time:
_solve_time = 69.9664

Objective:
torque = 5.35033

cnh1 = -0.633867

cnh2 = 0.724045

cnh3 = -0.945385

snh1 = -0.69153

snh2 = 0.596455

snh3 = -0.324292

Hx = -0.0539324

Hy = -0.0177756

Hz = 0.0307869

cnf11 = 0.919623

cnf21 = 0.550494

cnf31 = 0.513471

cnf12 = 0.919623

cnf22 = 0.396535

cnf32 = 0.390558

cnt1 = 0.46728

cnt2 = 0.486757

snf11 = 0.185187

snf21 = 0.759577

snf31 = 0.843992

snf12 = 0.185187

snf22 = 0.982222

snf32 = 0.949877

snt1 = 0.813418

snt2 = 0.857343

p :=
1 1   -0.00625756
1 2   -0.0318591
1 3   -0.0606376
2 1   -0.0222245
2 2    0.0101111
2 3   -0.0634451
3 1    0.0251074
3 2    0.0251074
3 3   -0.00307724
;

mf :=
1 1    0.0681584
1 2    0.443445
1 3    0.676951
2 1   -0.0569552
2 2    0.103398
2 3    0.982703
;

mt [*] :=
1  -0.638926
2  -0.485481
3  -0.153445
;

phi :=
1 1   0.0409675
1 2   0
1 3   0.0741038
2 1   0
2 2   0
2 3   0.0118084
3 1   0.0406522
3 2   0
3 3   0.0737995
4 1   0.394031
4 2   0.0719491
4 3   0.370429
;

l [*,1,*]
:       1           2          3        :=
1    0.0686308   0.443361   0.676921
2   -0.525139    0.548496   0.715753
3    0.066741    0.443696   0.677044
4    0.661453    0.338394   0.63815

 [*,2,*]
:       1            2           3        :=
1   -0.0564573    0.103249    0.982722
2   -0.682284     0.290382    0.959849
3   -0.0584491    0.103845    0.982649
4    0.568372    -0.0835852   1.00556

 [*,3,*]
:       1           2           3        :=
1   -0.639038   -0.485224   -0.153867
2   -0.497183   -0.807773    0.376722
3   -0.638587   -0.486251   -0.152178
4   -0.780667   -0.163189   -0.68361
;

W[i,j,k] :=
1 1 1    0.0686308
1 1 2    0.443361
1 1 3    0.676921
2 1 1   -0.525139
2 1 2    0.548496
2 1 3    0.715753
3 1 1    0.066741
3 1 2    0.443696
3 1 3    0.677044
4 1 1    0.661453
4 1 2    0.338394
4 1 3    0.63815
;

W[i,j,k] :=
1 1 4    0.00531829
1 1 5    7.42656e-05
1 1 6   -0.000587847
2 1 4    0.0104563
2 1 5    0.036322
2 1 6   -0.0201627
3 1 4    0.00533465
3 1 5    0.000189634
3 1 6   -0.000650149
4 1 4    0.000188505
4 1 5   -0.0361157
4 1 6    0.0189557
;

W[i,j,k] :=
1 2 1   -0.0564573
1 2 2    0.103249
1 2 3    0.982722
2 2 1   -0.682284
2 2 2    0.290382
2 2 3    0.959849
3 2 1   -0.0584491
3 2 2    0.103845
3 2 3    0.982649
4 2 1    0.568372
4 2 2   -0.0835852
4 2 3    1.00556
;

W[i,j,k] :=
1 2 4    0.016487
1 2 5    0.0254225
1 2 6   -0.00172382
2 2 4    0.0281284
2 2 5    0.0646198
2 2 6    0.000445042
3 2 4    0.0165241
3 2 5    0.0255472
3 2 6   -0.00171691
4 2 4    0.00486421
4 2 5   -0.0137123
4 2 6   -0.00388921
;

W[i,j,k] :=
1 3 1   -0.639038
1 3 2   -0.485224
1 3 3   -0.153867
2 3 1   -0.497183
2 3 2   -0.807773
2 3 3    0.376722
3 3 1   -0.638587
3 3 2   -0.486251
3 3 3   -0.152178
4 3 1   -0.780667
4 3 2   -0.163189
4 3 3   -0.68361
;

W[i,j,k] :=
1 3 4   -0.00535636
1 3 5    0.00582968
1 3 6    0.00386188
2 3 4    0.00697282
2 3 5   -0.00792857
2 3 6   -0.00779812
3 3 4   -0.00531711
3 3 5    0.00578589
3 3 6    0.00382477
4 3 4   -0.0176659
4 3 5    0.019566
4 3 6    0.0155033
;

f11 = 7.88394

f12 = 15

f13 = 2.45478

f21 = -0.768051

f22 = 1.43157

f23 = 0.206018

f31 = 6.21258

f32 = 12.4164

f33 = 0.256048

