solve_message = ' \
Ipopt 3.9.1: Optimal Solution Found'

Solve time:
_solve_time = 2.96402

Objective:
torque = 6.19278

cnh1 = -1.05755

cnh2 = -0.132678

cnh3 = 0.67134

snh1 = 0.0598391

snh2 = 0.928653

snh3 = 0.81933

Hx = 0.0447536

Hy = -0.0801695

Hz = 0.026526

cnf11 = 0.93808

cnf21 = 0.748584

cnf31 = 0.588459

cnf12 = 0.93808

cnf22 = 0.721674

cnf32 = 0.568159

cnt1 = 0.52059

cnt2 = 0.445032

snf11 = 0.00244634

snf21 = 0.565352

snf31 = 0.797589

snf12 = 0.00244634

snf22 = 0.63105

snf32 = 0.815274

snt1 = 0.922489

snt2 = 0.914197

p :=
1 1    0.0259506
1 2    0.0143762
1 3   -0.0637447
2 1   -0.0208589
2 2   -0.0143499
2 3   -0.0632615
3 1   -0.027373
3 2    0.0171915
3 3    0.060887
;

mf :=
1 1   -0.117949
1 2   -0.00399261
1 3    0.810631
2 1   -0.0589316
2 2   -0.0858125
2 3    0.834447
;

mt [*] :=
1   0.497674
2  -0.559848
3  -0.768731
;

phi :=
1 1   0.0609979
1 2   0.0497582
1 3   0.0733925
2 1   0.0124755
2 2   0.0069416
2 3   0.0106793
3 1   0.0607772
3 2   0.0495676
3 3   0.0730804
4 1   0.182811
4 2   0.149487
4 3   0.299263
;

l [*,1,*]
:        1             2           3        :=
1   -0.11786      -0.00340982   0.810644
2   -0.229633     -0.735834     0.795383
3   -0.118216     -0.00574096   0.810595
4   -0.00626514    0.727846     0.82588

 [*,2,*]
:       1            2           3        :=
1   -0.0588514   -0.0852232   0.83449
2   -0.159655    -0.825828    0.781255
3   -0.0591723   -0.0875804   0.83432
4    0.0417913    0.6542      0.887639

 [*,3,*]
:       1           2           3        :=
1    0.497156   -0.559796   -0.769032
2    1.14768    -0.625783   -0.39089
3    0.499227   -0.560006   -0.767829
4   -0.15233    -0.493914   -1.14657
;

W[i,j,k] :=
1 1 1   -0.11786
1 1 2   -0.00340982
1 1 3    0.810644
2 1 1   -0.229633
2 1 2   -0.735834
2 1 3    0.795383
3 1 1   -0.118216
3 1 2   -0.00574096
3 1 3    0.810595
4 1 1   -0.00626514
4 1 2    0.727846
4 1 3    0.82588
;

W[i,j,k] :=
1 1 4    0.0114366
1 1 5   -0.0135238
1 1 6    0.00160589
2 1 4   -0.035471
2 1 5   -0.00600281
2 1 6   -0.0157941
3 1 4    0.0112873
3 1 5   -0.0134998
3 1 6    0.00155051
4 1 4    0.0582693
4 1 5   -0.0210327
4 1 6    0.0189781
;

W[i,j,k] :=
1 2 1   -0.0588514
1 2 2   -0.0852232
1 2 3    0.83449
2 2 1   -0.159655
2 2 2   -0.825828
2 2 3    0.781255
3 2 1   -0.0591723
3 2 2   -0.0875804
3 2 3    0.83432
4 2 1    0.0417913
4 2 2    0.6542
4 2 3    0.887639
;

W[i,j,k] :=
1 2 4   -0.0173662
1 2 5    0.0211295
1 2 6    0.000933145
2 2 4   -0.0634541
2 2 5    0.0263961
2 2 6    0.0149348
3 2 4   -0.0175129
3 2 5    0.0211463
3 2 6    0.000977709
4 2 4    0.0286481
4 2 5    0.0158714
4 2 6   -0.0130462
;

W[i,j,k] :=
1 3 1    0.497156
1 3 2   -0.559796
1 3 3   -0.769032
2 3 1    1.14768
2 3 2   -0.625783
2 3 3   -0.39089
3 3 1    0.499227
3 3 2   -0.560006
3 3 3   -0.767829
4 3 1   -0.15233
4 3 2   -0.493914
4 3 3   -1.14657
;

W[i,j,k] :=
1 3 4    0.0208635
1 3 5    0.00921966
1 3 6    0.00677643
2 3 4    0.0313821
2 3 5    0.059179
2 3 6   -0.00260077
3 3 4    0.020897
3 3 5    0.00937867
3 3 6    0.00674658
4 3 4    0.0103617
4 3 5   -0.04066
4 3 6    0.0161387
;

f11 = 7.62652

f12 = 15

f13 = -0.282324

f21 = -3.90075

f22 = 8.04219

f23 = 1.03602

f31 = 7.16449

f32 = 14.41

f33 = 0.837686

