solve_message = ' \
Ipopt 3.9.1: Optimal Solution Found'

Solve time:
_solve_time = 4.39923

Objective:
torque = 6.19276

cnh1 = -0.0598344

cnh2 = 0.132678

cnh3 = -0.67134

snh1 = -1.05755

snh2 = 0.928653

snh3 = -0.819331

Hx = -0.0801695

Hy = -0.0447539

Hz = 0.026526

cnf11 = 0.93808

cnf21 = 0.748584

cnf31 = 0.588459

cnf12 = 0.93808

cnf22 = 0.721675

cnf32 = 0.568159

cnt1 = 0.52059

cnt2 = 0.445032

snf11 = 0.00244638

snf21 = 0.565351

snf31 = 0.797588

snf12 = 0.00244638

snf22 = 0.631051

snf32 = 0.815274

snt1 = 0.922489

snt2 = 0.914197

p :=
1 1    0.0143762
1 2   -0.0259507
1 3   -0.0637447
2 1   -0.0143499
2 2    0.0208589
2 3   -0.0632615
3 1    0.0171914
3 2    0.0273731
3 3    0.0608871
;

mf :=
1 1   -0.00399192
1 2    0.11795
1 3    0.810631
2 1   -0.0858131
2 2    0.0589313
2 3    0.834449
;

mt [*] :=
1  -0.559847
2  -0.497676
3  -0.768732
;

phi :=
1 1   0.0609953
1 2   0.0497604
1 3   0.0733927
2 1   0.0124744
2 2   0.00694142
2 3   0.0106794
3 1   0.0607746
3 2   0.0495698
3 3   0.0730806
4 1   0.182799
4 2   0.1495
4 3   0.299263
;

l [*,1,*]
:        1            2           3        :=
1   -0.00340913   0.117861     0.810643
2   -0.735834     0.229631     0.795383
3   -0.00574027   0.118216     0.810594
4    0.727847     0.00626822   0.825878

 [*,2,*]
:       1            2           3        :=
1   -0.0852238    0.0588511   0.834491
2   -0.82583      0.159652    0.781256
3   -0.087581     0.059172    0.834321
4    0.654201    -0.0417886   0.88764

 [*,3,*]
:       1           2           3        :=
1   -0.559794   -0.497158   -0.769032
2   -0.62578    -1.14768    -0.390891
3   -0.560004   -0.499229   -0.767829
4   -0.493914    0.152329   -1.14657
;

W[i,j,k] :=
1 1 1   -0.00340913
1 1 2    0.117861
1 1 3    0.810643
2 1 1   -0.735834
2 1 2    0.229631
2 1 3    0.795383
3 1 1   -0.00574027
3 1 2    0.118216
3 1 3    0.810594
4 1 1    0.727847
4 1 2    0.00626822
4 1 3    0.825878
;

W[i,j,k] :=
1 1 4   -0.0135237
1 1 5   -0.0114366
1 1 6    0.00160592
2 1 4   -0.00600292
2 1 5    0.0354709
2 1 6   -0.0157941
3 1 4   -0.0134998
3 1 5   -0.0112874
3 1 6    0.00155054
4 1 4   -0.0210325
4 1 5   -0.0582694
4 1 6    0.0189782
;

W[i,j,k] :=
1 2 1   -0.0852238
1 2 2    0.0588511
1 2 3    0.834491
2 2 1   -0.82583
2 2 2    0.159652
2 2 3    0.781256
3 2 1   -0.087581
3 2 2    0.059172
3 2 3    0.834321
4 2 1    0.654201
4 2 2   -0.0417886
4 2 3    0.88764
;

W[i,j,k] :=
1 2 4    0.0211296
1 2 5    0.0173662
1 2 6    0.000933169
2 2 4    0.026396
2 2 5    0.0634542
2 2 6    0.0149349
3 2 4    0.0211463
3 2 5    0.0175129
3 2 6    0.000977733
4 2 4    0.0158716
4 2 5   -0.0286482
4 2 6   -0.0130463
;

W[i,j,k] :=
1 3 1   -0.559794
1 3 2   -0.497158
1 3 3   -0.769032
2 3 1   -0.62578
2 3 2   -1.14768
2 3 3   -0.390891
3 3 1   -0.560004
3 3 2   -0.499229
3 3 3   -0.767829
4 3 1   -0.493914
4 3 2    0.152329
4 3 3   -1.14657
;

W[i,j,k] :=
1 3 4    0.00921975
1 3 5   -0.0208635
1 3 6    0.00677644
2 3 4    0.0591792
2 3 5   -0.0313819
2 3 6   -0.00260076
3 3 4    0.00937876
3 3 5   -0.020897
3 3 6    0.00674659
4 3 4   -0.04066
4 3 5   -0.0103619
4 3 6    0.0161387
;

f11 = 7.62649

f12 = 15

f13 = -0.2823

f21 = -3.90074

f22 = 8.04216

f23 = 1.03599

f31 = 7.16448

f32 = 14.4099

f33 = 0.837694

