solve_message = ' \
Ipopt 3.9.1: Converged to a locally infeasible point. Problem may be infeasible.'

Solve time:
_solve_time = 39.1251

Objective:
torque = 7.85234

cnh1 = -0.38335

cnh2 = -0.930483

cnh3 = 0.0264223

snh1 = -0.856179

snh2 = 0.119166

snh3 = 0.937711

Hx = 0.0556047

Hy = -0.0450555

Hz = 0.0135122

cnf11 = 0.744048

cnf21 = 0.548183

cnf31 = 0.512699

cnf12 = 0.744048

cnf22 = 0.693402

cnf32 = 0.565381

cnt1 = 0.309301

cnt2 = 0.401081

snf11 = 0.571307

snf21 = 0.761246

snf31 = 0.844403

snf12 = 0.571307

snf22 = 0.631817

snf32 = 0.813205

snt1 = 0.959346

snt2 = 0.919956

p :=
1 1   -0.00248285
1 2    0.0330901
1 3    0.0591331
2 1    0.00449568
2 2    0.0312596
2 3   -0.0619701
3 1   -0.0309897
3 2   -0.0150369
3 3    0.014076
;

mf :=
1 1    0.0545754
1 2   -0.686357
1 3   -0.340751
2 1   -0.135922
2 2   -0.533748
2 3    0.54381
;

mt [*] :=
1   0.848624
2   0.262605
3  -0.061112
;

phi :=
1 1   0.0448083
1 2   0.0363741
1 3   0.0288814
2 1   0.00519311
2 2   0
2 3   0
3 1   0.0446147
3 2   0.0360708
3 3   0.0285556
4 1   0.196315
4 2   0.291773
4 3   0.352058
;

l [*,1,*]
:       1            2           3         :=
1    0.0541872   -0.68648    -0.340532
2    0.542041    -0.532199   -0.614778
3    0.0557399   -0.685989   -0.341405
4   -0.432889    -0.840514   -0.0667237

 [*,2,*]
:       1           2          3        :=
1   -0.136142   -0.533431   0.544061
2    0.140426   -0.932583   0.228828
3   -0.135261   -0.534701   0.543058
4   -0.412268   -0.134916   0.858791

 [*,3,*]
:      1           2           3         :=
1   0.848509    0.262899   -0.061502
2   0.992537   -0.106026    0.428571
3   0.848968    0.261725   -0.0599422
4   0.704711    0.631235   -0.550793
;

W[i,j,k] :=
1 1 1    0.0541872
1 1 2   -0.68648
1 1 3   -0.340532
2 1 1    0.542041
2 1 2   -0.532199
2 1 3   -0.614778
3 1 1    0.0557399
3 1 2   -0.685989
3 1 3   -0.341405
4 1 1   -0.432889
4 1 2   -0.840514
4 1 3   -0.0667237
;

W[i,j,k] :=
1 1 4    0.0293254
1 1 5    0.00235876
1 1 6   -8.86358e-05
2 1 4    0.0111275
2 1 5    0.0305262
2 1 6   -0.0166148
3 1 4    0.0292675
3 1 5    0.00244841
3 1 6   -0.000141235
4 1 4    0.0474943
4 1 5   -0.0257637
4 1 6    0.0164112
;

W[i,j,k] :=
1 2 1   -0.136142
1 2 2   -0.533431
1 2 3    0.544061
2 2 1    0.140426
2 2 2   -0.932583
2 2 3    0.228828
3 2 1   -0.135261
3 2 2   -0.534701
3 2 3    0.543058
4 2 1   -0.412268
4 2 2   -0.134916
4 2 3    0.858791
;

W[i,j,k] :=
1 2 4   -0.0160496
1 2 5    0.00599079
1 2 6    0.0018576
2 2 4   -0.0506392
2 2 5   -0.00973092
2 2 6   -0.00858224
3 2 4   -0.0161597
3 2 5    0.00594075
3 2 6    0.00182437
4 2 4    0.0184847
4 2 5    0.0216874
4 2 6    0.0122808
;

W[i,j,k] :=
1 3 1    0.848509
1 3 2    0.262899
1 3 3   -0.061502
2 3 1    0.992537
2 3 2   -0.106026
2 3 3    0.428571
3 3 1    0.848968
3 3 2    0.261725
3 3 3   -0.0599422
4 3 1    0.704711
4 3 2    0.631235
4 3 3   -0.550793
;

W[i,j,k] :=
1 3 4   -0.00277577
1 3 5    0.0100377
1 3 6    0.00461181
2 3 4   -0.00495197
2 3 5    0.0272523
2 3 6    0.0182104
3 3 4   -0.0027827
3 3 5    0.0100925
3 3 6    0.00465509
4 3 4   -0.000603047
4 3 5   -0.00714937
4 3 6   -0.00896508
;

f11 = 8.00153

f12 = 15

f13 = -2.03913

f21 = 6.55589

f22 = 14.019

f23 = 2.5047

f31 = 8.23853

f32 = 15

f33 = 0.556048

