solve_message = ' \
Ipopt 3.9.1: Converged to a locally infeasible point. Problem may be infeasible.'

Solve time:
_solve_time = 9.98406

Objective:
torque = 7.95973

cnh1 = 0.93314

cnh2 = 0.702149

cnh3 = 0.740179

snh1 = -0.0961708

snh2 = -0.622083

snh3 = -0.648326

Hx = 0.0118347

Hy = -0.0544888

Hz = -0.0470821

cnf11 = 0.932738

cnf21 = 0.716956

cnf31 = 0.574955

cnf12 = 0.932738

cnf22 = 0.843509

cnf32 = 0.635909

cnt1 = 0.435146

cnt2 = 0.409277

snf11 = 0

snf21 = 0.604958

snf31 = 0.806869

snf12 = 0

snf22 = 0.410479

snf32 = 0.761692

snt1 = 0.965737

snt2 = 0.936947

p :=
1 1    0.0281605
1 2   -0.0126766
1 3    0.0597912
2 1    0.0327401
2 2   -0.00438514
2 3    0.0546725
3 1   -0.0316339
3 2    0.0161264
3 3   -0.0141794
;

mf :=
1 1   -0.579675
1 2   -0.0513249
1 3   -0.534765
2 1   -0.593918
2 2    0.261072
2 3   -0.44911
;

mt [*] :=
1   0.793051
2  -0.526071
3   0.121807
;

phi :=
1 1   0.0387465
1 2   0.0734269
1 3   0.0795107
2 1   0.00529968
2 2   0.0221862
2 3   0.0223194
3 1   0.0386037
3 2   0.0731927
3 3   0.0792374
4 1   0.109154
4 2   0.213594
4 3   0.277404
;

l [*,1,*]
:       1           2            3         :=
1   -0.579971   -0.0513303   -0.534396
2   -0.208704   -0.0445466   -0.998586
3   -0.578789   -0.0513087   -0.535873
4   -0.950645   -0.0581032   -0.0709461

 [*,2,*]
:       1          2           3         :=
1   -0.594192   0.261054   -0.448723
2   -0.249864   0.282751   -0.935096
3   -0.593096   0.261123   -0.450271
4   -0.937971   0.239392    0.0368739

 [*,3,*]
:      1           2            3         :=
1   0.793301   -0.525623     0.121972
2   0.478673   -1.08815     -0.0852877
3   0.7923     -0.527413     0.121312
4   1.10743     0.0360076    0.3289
;

W[i,j,k] :=
1 1 1   -0.579971
1 1 2   -0.0513303
1 1 3   -0.534396
2 1 1   -0.208704
2 1 2   -0.0445466
2 1 3   -0.998586
3 1 1   -0.578789
3 1 2   -0.0513087
3 1 3   -0.535873
4 1 1   -0.950645
4 1 2   -0.0581032
4 1 3   -0.0709461
;

W[i,j,k] :=
1 1 4    0.0098434
1 1 5   -0.0196283
1 1 6   -0.00879752
2 1 4    0.0153221
2 1 5    0.015642
2 1 6   -0.0039001
3 1 4    0.00986084
3 1 5   -0.019516
3 1 6   -0.00878193
4 1 4    0.00437341
4 1 5   -0.0548424
4 1 6   -0.0136871
;

W[i,j,k] :=
1 2 1   -0.594192
1 2 2    0.261054
1 2 3   -0.448723
2 2 1   -0.249864
2 2 2    0.282751
2 2 3   -0.935096
3 2 1   -0.593096
3 2 2    0.261123
3 2 3   -0.450271
4 2 1   -0.937971
4 2 2    0.239392
4 2 3    0.0368739
;

W[i,j,k] :=
1 2 4   -0.0123048
1 2 5   -0.0177947
1 2 6    0.00594133
2 2 4   -0.0113582
2 2 5    0.0169544
2 2 6    0.00816162
3 2 4   -0.0123018
3 2 5   -0.0176841
3 2 6    0.00594839
4 2 4   -0.0132498
4 2 5   -0.0524884
4 2 6    0.00372458
;

W[i,j,k] :=
1 3 1    0.793301
1 3 2   -0.525623
1 3 3    0.121972
2 3 1    0.478673
2 3 2   -1.08815
2 3 3   -0.0852877
3 3 1    0.7923
3 3 2   -0.527413
3 3 3    0.121312
4 3 1    1.10743
4 3 2    0.0360076
4 3 3    0.3289
;

W[i,j,k] :=
1 3 4   -0.00548606
1 3 5   -0.0073901
1 3 6    0.00383442
2 3 4   -0.0168047
2 3 5   -0.00948528
2 3 6    0.0267032
3 3 4   -0.00552208
3 3 5   -0.00739677
3 3 6    0.00390721
4 3 4    0.00581454
4 3 5   -0.00529827
4 3 6   -0.0189979
;

f11 = -1.56723

f12 = 14.7248

f13 = 2.15101

f21 = 5.35638

f22 = 12.7886

f23 = -3.50947

f31 = 8.15425

f32 = 15

f33 = -1.30026

