solve_message = ' \
Ipopt 3.9.1: Converged to a locally infeasible point. Problem may be infeasible.'

Solve time:
_solve_time = 41.8863

Objective:
torque = 7.6831

cnh1 = 0.456281

cnh2 = 0.93807

cnh3 = 0.0713245

snh1 = 0.819639

snh2 = 0.00505353

snh3 = -0.935368

Hx = 0.0511903

Hy = -0.0458929

Hz = -0.00775618

cnf11 = 0.690717

cnf21 = 0.614277

cnf31 = 0.535532

cnf12 = 0.690717

cnf22 = 0.567479

cnf32 = 0.519199

cnt1 = 0.292401

cnt2 = 0.437195

snf11 = 0.634751

snf21 = 0.708988

snf31 = 0.831653

snf12 = 0.634751

snf22 = 0.746972

snf32 = 0.840898

snt1 = 0.891348

snt2 = 0.876234

p :=
1 1    0.0056424
1 2    0.0314394
1 3    0.0614829
2 1   -0.0056989
2 2    0.0318932
2 3   -0.0607598
3 1   -0.0311623
3 2   -0.0146759
3 3   -0.00152609
;

mf :=
1 1   -0.0977495
1 2   -0.568073
1 3   -0.51033
2 1    0.0331687
2 2   -0.617564
2 3    0.462484
;

mt [*] :=
1   0.777135
2   0.217652
3  -0.0469675
;

phi :=
1 1   0.034152
1 2   0.0170484
1 3   0.0215628
2 1   0
2 2   0
2 3   0
3 1   0.0339914
3 2   0.016868
3 3   0.0213864
4 1   0.251043
4 2   0.293114
4 3   0.375198
;

l [*,1,*]
:       1            2           3        :=
1   -0.0981475   -0.568177   -0.510121
2    0.40201     -0.437474   -0.772622
3   -0.0965556   -0.567761   -0.510957
4   -0.597507    -0.698671   -0.248039

 [*,2,*]
:       1            2           3        :=
1    0.0329954   -0.617303   0.462821
2    0.250789    -0.944814   0.0386662
3    0.0336886   -0.618346   0.461471
4   -0.184451    -0.290315   0.8863

 [*,3,*]
:      1           2           3         :=
1   0.777025    0.217974   -0.047301
2   0.915195   -0.185724    0.371795
3   0.777464    0.216689   -0.0459671
4   0.639075    0.621027   -0.465728
;

W[i,j,k] :=
1 1 1   -0.0981475
1 1 2   -0.568177
1 1 3   -0.510121
2 1 1    0.40201
2 1 2   -0.437474
2 1 3   -0.772622
3 1 1   -0.0965556
3 1 2   -0.567761
3 1 3   -0.510957
4 1 1   -0.597507
4 1 2   -0.698671
4 1 3   -0.248039
;

W[i,j,k] :=
1 1 4    0.0188952
1 1 5   -0.00315608
1 1 6   -0.000120183
2 1 4    0.00260636
2 1 5    0.0290762
2 1 6   -0.0151073
3 1 4    0.0188434
3 1 5   -0.00305349
3 1 6   -0.000167884
4 1 4    0.0351581
4 1 5   -0.0353369
4 1 6    0.0148431
;

W[i,j,k] :=
1 2 1    0.0329954
1 2 2   -0.617303
1 2 3    0.462821
2 2 1    0.250789
2 2 2   -0.944814
2 2 3    0.0386662
3 2 1    0.0336886
3 2 2   -0.618346
3 2 3    0.461471
4 2 1   -0.184451
4 2 2   -0.290315
4 2 3    0.8863
;

W[i,j,k] :=
1 2 4   -0.0227464
1 2 5    0.000632779
1 2 6    0.00246562
2 2 4   -0.0561736
2 2 5   -0.0150176
2 2 6   -0.00261406
3 2 4   -0.0228528
3 2 5    0.000582968
3 2 6    0.00244946
4 2 4    0.0106274
4 2 5    0.0162582
4 2 6    0.00753721
;

W[i,j,k] :=
1 3 1    0.777025
1 3 2    0.217974
1 3 3   -0.047301
2 3 1    0.915195
2 3 2   -0.185724
2 3 3    0.371795
3 3 1    0.777464
3 3 2    0.216689
3 3 3   -0.0459671
4 3 1    0.639075
4 3 2    0.621027
4 3 3   -0.465728
;

W[i,j,k] :=
1 3 4    0.00102683
1 3 5   -0.00265982
1 3 6    0.00461099
2 3 4   -0.00573985
2 3 5    0.0101893
2 3 6    0.0192189
3 3 4    0.0010053
3 3 5   -0.00261892
3 3 6    0.00465748
4 3 4    0.00778273
4 3 5   -0.0154884
4 3 6   -0.0099736
;

f11 = 8.11477

f12 = 15

f13 = -1.52742

f21 = 5.99183

f22 = 12.0158

f23 = 0.559339

f31 = 8.21778

f32 = 15

f33 = -0.806588

