solve_message = ' \
Ipopt 3.9.1: Converged to a locally infeasible point. Problem may be infeasible.'

Solve time:
_solve_time = 3.51002

Objective:
torque = 4.92524

cnh1 = -0.19655

cnh2 = 0.935981

cnh3 = 0.886425

snh1 = 0.917261

snh2 = -0.0627666

snh3 = 0.307002

Hx = -0.0380984

Hy = 0.0125835

Hz = -0.0018865

cnf11 = 0.788335

cnf21 = 0.212679

cnf31 = 0.417762

cnf12 = 0.788335

cnf22 = -0.0827314

cnf32 = 0.330461

cnt1 = 0.766

cnt2 = 0.649802

snf11 = 0.70748

snf21 = 0.913656

snf31 = 0.880387

snf12 = 0.70748

snf22 = 0.986768

snf32 = 0.906183

snt1 = 0.360616

snt2 = 0.750167

p :=
1 1    0.0166553
1 2    0.0279351
1 3    0.0605373
2 1   -0.0228011
2 2    0.00254178
2 3    0.0636545
3 1    0.00545628
3 2    0.0319796
3 3    0.0566978
;

mf :=
1 1   -0.452553
1 2   -0.468962
1 3   -0.506144
2 1   -0.0893824
2 2   -0.144444
2 3   -0.82805
;

mt [*] :=
1  -0.0771407
2   0.761646
3   0.297921
;

phi :=
1 1   0.0440408
1 2   0.0613976
1 3   0.110247
2 1   0
2 2   0.0170273
2 3   0.039238
3 1   0.0436805
3 2   0.0612463
3 3   0.109979
4 1   0.193322
4 2   0.111994
4 3   0.215913
;

l [*,1,*]
:       1           2           3        :=
1   -0.452303   -0.469373   -0.50602
2   -0.766889    0.047158   -0.661719
3   -0.453304   -0.467729   -0.506515
4   -0.138218   -0.985081   -0.350569

 [*,2,*]
:       1            2            3        :=
1   -0.0888877   -0.14434     -0.828133
2   -0.710675    -0.275656    -0.724694
3   -0.0908667   -0.144757    -0.827803
4    0.531907    -0.0132328   -0.931406

 [*,3,*]
:       1           2           3        :=
1   -0.0773385   0.761473    0.29832
2    0.171332    0.978918   -0.203289
3   -0.0765471   0.762165    0.296724
4   -0.325612    0.544374    0.799129
;

W[i,j,k] :=
1 1 1   -0.452303
1 1 2   -0.469373
1 1 3   -0.50602
2 1 1   -0.766889
2 1 2    0.047158
2 1 3   -0.661719
3 1 1   -0.453304
3 1 2   -0.467729
3 1 3   -0.506515
4 1 1   -0.138218
4 1 2   -0.985081
4 1 3   -0.350569
;

W[i,j,k] :=
1 1 4    0.0142789
1 1 5   -0.0189533
1 1 6    0.00481757
2 1 4   -0.02134
2 1 5   -0.0354043
2 1 6    0.0222085
3 1 4    0.0141655
3 1 5   -0.0190056
3 1 6    0.00487292
4 1 4    0.049841
4 1 5   -0.00252852
4 1 6   -0.0125456
;

W[i,j,k] :=
1 2 1   -0.0888877
1 2 2   -0.14434
1 2 3   -0.828133
2 2 1   -0.710675
2 2 2   -0.275656
2 2 3   -0.724694
3 2 1   -0.0908667
3 2 2   -0.144757
3 2 3   -0.827803
4 2 1    0.531907
4 2 2   -0.0132328
4 2 3   -0.931406
;

W[i,j,k] :=
1 2 4    0.00708293
1 2 5   -0.0245404
1 2 6    0.00351703
2 2 4    0.0157047
2 2 5   -0.0617615
2 2 6    0.00809163
3 2 4    0.00711037
3 2 5   -0.0246589
3 2 6    0.00353159
4 2 4   -0.0015251
4 2 5    0.0126212
4 2 6   -0.00105027
;

W[i,j,k] :=
1 3 1   -0.0773385
1 3 2    0.761473
1 3 3    0.29832
2 3 1    0.171332
2 3 2    0.978918
2 3 3   -0.203289
3 3 1   -0.0765471
3 3 2    0.762165
3 3 3    0.296724
4 3 1   -0.325612
4 3 2    0.544374
4 3 3    0.799129
;

W[i,j,k] :=
1 3 4   -0.0336336
1 3 5   -0.00601264
1 3 6    0.00662806
2 3 4   -0.0620036
2 3 5    0.0108233
2 3 6   -0.000137867
3 3 4   -0.0337239
3 3 5   -0.00595905
3 3 6    0.00660653
4 3 4   -0.00530899
4 3 5   -0.0228217
4 3 6    0.0133832
;

f11 = 7.88367

f12 = 15

f13 = 2.45566

f21 = 0.343452

f22 = 0

f23 = -0.067381

f31 = -0.132149

f32 = 13.2267

f33 = -6.62109

