solve_message = ' \
Ipopt 3.9.1: Converged to a locally infeasible point. Problem may be infeasible.'

Solve time:
_solve_time = 3.13562

Objective:
torque = 8.48249

cnh1 = -0.0576591

cnh2 = -0.194315

cnh3 = 0.937697

snh1 = -0.93631

snh2 = 0.366555

snh3 = 0.026914

Hx = 0.0130325

Hy = 0.0196881

Hz = 0.068876

cnf11 = 0.937593

cnf21 = 0.931184

cnf31 = 0.712056

cnf12 = 0.937593

cnf22 = -0.0800884

cnf32 = 0.371367

cnt1 = 0.68249

cnt2 = 0.508451

snf11 = 0.0303473

snf21 = 0.113576

snf31 = 0.692192

snf12 = 0.0303473

snf22 = 0.934658

snf32 = 0.861444

snt1 = 0.810065

snt2 = 0.874428

p :=
1 1   -0.0133141
1 2    0.031768
1 3    0.0105715
2 1    0.0315203
2 2   -0.00585963
2 3    0.0576766
3 1    0.00738445
3 2   -0.0282853
3 3    0.0615113
;

mf :=
1 1   -0.0146149
1 2   -0.312321
1 3    0.142711
2 1    0.027259
2 2    0.22049
2 3    0.24775
;

mt [*] :=
1   0.0275676
2   0.299241
3  -0.303894
;

phi :=
1 1   0.108676
1 2   0.055153
1 3   0.0875692
2 1   0.0748092
2 2   0.0525002
2 3   0.0658888
3 1   0.108536
3 2   0.0551438
3 3   0.0874924
4 1   0.168248
4 2   0.0583166
4 3   0.114696
;

l [*,1,*]
:       1            2           3         :=
1   -0.0149593   -0.312352    0.142585
2    0.41792     -0.273478    0.30117
3   -0.0135816   -0.312229    0.14309
4   -0.447148    -0.351164   -0.0157474

 [*,2,*]
:       1           2          3        :=
1    0.0269143   0.220424   0.247842
2    0.460174    0.302996   0.132663
3    0.0282932   0.220687   0.247475
4   -0.405655    0.137983   0.362837

 [*,3,*]
:       1           2           3        :=
1    0.0279005   0.299113   -0.304022
2   -0.390455    0.459547   -0.143162
3    0.026569    0.299624   -0.30351
4    0.445589    0.138935   -0.464626
;

W[i,j,k] :=
1 1 1   -0.0149593
1 1 2   -0.312352
1 1 3    0.142585
2 1 1    0.41792
2 1 2   -0.273478
2 1 3    0.30117
3 1 1   -0.0135816
3 1 2   -0.312229
3 1 3    0.14309
4 1 1   -0.447148
4 1 2   -0.351164
4 1 3   -0.0157474
;

W[i,j,k] :=
1 1 4    0.00783166
1 1 5    0.00174026
1 1 6    0.00463393
2 1 4    0.0124586
2 1 5    0.00842785
2 1 6   -0.00963533
3 1 4    0.00784638
3 1 5    0.00176154
3 1 6    0.00458852
4 1 4    0.00321205
4 1 5   -0.00493667
4 1 6    0.0188804
;

W[i,j,k] :=
1 2 1    0.0269143
1 2 2    0.220424
1 2 3    0.247842
2 2 1    0.460174
2 2 2    0.302996
2 2 3    0.132663
3 2 1    0.0282932
3 2 2    0.220687
3 2 3    0.247475
4 2 1   -0.405655
4 2 2    0.137983
4 2 3    0.362837
;

W[i,j,k] :=
1 2 4   -0.0141656
1 2 5   -0.00625974
1 2 6    0.00710554
2 2 4   -0.0182532
2 2 5    0.0223597
2 2 6    0.012247
3 2 4   -0.0141786
3 2 5   -0.00616865
3 2 6    0.00712191
4 2 4   -0.0100845
4 2 5   -0.0348335
4 2 6    0.00197229
;

W[i,j,k] :=
1 3 1    0.0279005
1 3 2    0.299113
1 3 3   -0.304022
2 3 1   -0.390455
2 3 2    0.459547
2 3 3   -0.143162
3 3 1    0.026569
3 3 2    0.299624
3 3 3   -0.30351
4 3 1    0.445589
4 3 2    0.138935
4 3 3   -0.464626
;

W[i,j,k] :=
1 3 4   -0.00979948
1 3 5    0.00396123
1 3 6    0.00299796
2 3 4   -0.024218
2 3 5   -0.0229602
2 3 6   -0.00765062
3 3 4   -0.00984537
3 3 5    0.00387555
3 3 6    0.00296407
4 3 4    0.00459603
4 3 5    0.0308397
4 3 6    0.0136296
;

f11 = 5.99691

f12 = 15

f13 = 4.70767

f21 = 8.25674

f22 = 15

f23 = -0.0861938

f31 = 5.38892

f32 = 13.8969

f33 = 4.39999

