solve_message = ' \
Ipopt 3.9.1: Converged to a locally infeasible point. Problem may be infeasible.'

Solve time:
_solve_time = 7.58165

Objective:
torque = 7.15608

cnh1 = -0.141586

cnh2 = -0.543881

cnh3 = -0.0722169

snh1 = -0.927337

snh2 = -0.764326

snh3 = 0.935299

Hx = 0.0637908

Hy = -0.0139505

Hz = -0.0459523

cnf11 = 0.730417

cnf21 = 0.797785

cnf31 = 0.6114

cnf12 = 0.730417

cnf22 = 0.696927

cnf32 = 0.56679

cnt1 = 0.366902

cnt2 = 0.372373

snf11 = 0.588635

snf21 = 0.493497

snf31 = 0.780885

snf12 = 0.588635

snf22 = 0.627928

snf32 = 0.812285

snt1 = 0.993671

snt2 = 0.963956

p :=
1 1   -0.004906
1 2   -0.0271247
1 3    0.0625139
2 1   -0.00772609
2 2   -0.0316336
2 3   -0.0563396
3 1   -0.027585
3 2   -0.0182439
3 3   -0.0594007
;

mf :=
1 1   -0.122987
1 2    0.0340702
1 3   -0.789104
2 1    0.030236
2 2   -0.714344
2 3   -0.243173
;

mt [*] :=
1  0.774431
2  0.298287
3  0.520882
;

phi :=
1 1   0.0725501
1 2   0.0490085
1 3   0.0623514
2 1   0.0300046
2 2   0
2 3   0.00396676
3 1   0.0723733
3 2   0.0487534
3 3   0.0620671
4 1   0.152889
4 2   0.218763
4 3   0.254595
;

l [*,1,*]
:       1           2            3        :=
1   -0.123336    0.033785    -0.789085
2    0.314963    0.392218    -0.812003
3   -0.121941    0.0349258   -0.789158
4   -0.560936   -0.324076    -0.766205

 [*,2,*]
:       1            2           3        :=
1    0.0299193   -0.714427   -0.242843
2    0.427922    -0.610413   -0.657123
3    0.0311861   -0.714096   -0.244162
4   -0.367448    -0.818275    0.170776

 [*,3,*]
:      1           2          3        :=
1   0.774218    0.298743   0.52094
2   1.04236    -0.274783   0.447171
3   0.775072    0.296918   0.520706
4   0.506505    0.871355   0.594592
;

W[i,j,k] :=
1 1 1   -0.123336
1 1 2    0.033785
1 1 3   -0.789085
2 1 1    0.314963
2 1 2    0.392218
2 1 3   -0.812003
3 1 1   -0.121941
3 1 2    0.0349258
3 1 3   -0.789158
4 1 1   -0.560936
4 1 2   -0.324076
4 1 3   -0.766205
;

W[i,j,k] :=
1 1 4    0.0192916
1 1 5   -0.0115815
1 1 6   -0.00351119
2 1 4   -0.00249379
2 1 5    0.0157059
2 1 6    0.00661905
3 1 4    0.0192223
3 1 5   -0.0114946
3 1 6   -0.00347895
4 1 4    0.0410423
4 1 5   -0.0388253
4 1 6   -0.0136253
;

W[i,j,k] :=
1 2 1    0.0299193
1 2 2   -0.714427
1 2 3   -0.242843
2 2 1    0.427922
2 2 2   -0.610413
2 2 3   -0.657123
3 2 1    0.0311861
3 2 2   -0.714096
3 2 3   -0.244162
4 2 1   -0.367448
4 2 2   -0.818275
4 2 3    0.170776
;

W[i,j,k] :=
1 2 4   -0.0325686
1 2 5   -0.00356187
1 2 6    0.00646619
2 2 4   -0.0136033
2 2 5   -0.0291859
2 2 6    0.0182528
3 2 4   -0.0325082
3 2 5   -0.00364343
3 2 6    0.0065037
4 2 4   -0.0515036
4 2 5    0.0220213
4 2 6   -0.00530163
;

W[i,j,k] :=
1 3 1    0.774218
1 3 2    0.298743
1 3 3    0.52094
2 3 1    1.04236
2 3 2   -0.274783
2 3 3    0.447171
3 3 1    0.775072
3 3 2    0.296918
3 3 3    0.520706
4 3 1    0.506505
4 3 2    0.871355
4 3 3    0.594592
;

W[i,j,k] :=
1 3 4    0.0082416
1 3 5   -0.031619
1 3 6    0.0058839
2 3 4   -0.0244805
2 3 5   -0.0495817
2 3 6    0.0265965
3 3 4    0.00813745
3 3 5   -0.0316761
3 3 6    0.00594983
4 3 4    0.0409114
4 3 5   -0.0136849
4 3 6   -0.0147957
;

f11 = 0.331102

f12 = 13.8519

f13 = -3.06097

f21 = 7.93304

f22 = 15

f23 = 2.29115

f31 = 7.04416

f32 = 14.8585

f33 = 2.38606

