solve_message = ' \
Ipopt 3.9.1: Maximum Number of Iterations Exceeded.'

Solve time:
_solve_time = 76.7057

Objective:
torque = 6.57246

cnh1 = -0.526993

cnh2 = 0.932923

cnh3 = -0.499173

snh1 = -0.777145

snh2 = 0.100542

snh3 = 0.796807

Hx = 0.0399216

Hy = -0.0528229

Hz = 0.0281839

cnf11 = 0.806313

cnf21 = 0.434687

cnf31 = 0.476365

cnf12 = 0.806483

cnf22 = 0.230517

cnf32 = 0.400631

cnt1 = 0.620247

cnt2 = 0.535485

snf11 = 0.627809

snf21 = 0.833072

snf31 = 0.862381

snf12 = 0.627853

snf22 = 0.949117

snf32 = 0.903386

snt1 = 0.71115

snt2 = 0.832839

p :=
1 1   -0.013535
1 2   -0.0288515
1 3   -0.0605234
2 1   -0.0345489
2 2   -0.0020197
2 3    0.0116335
3 1    0.012256
3 2    0.0333032
3 3   -0.00831141
;

mf :=
1 1    0.399847
1 2    0.31522
1 3    0.661546
2 1    0.845147
2 2   -0.0783009
2 3    0.129235
;

mt [*] :=
1  -0.286143
2  -0.769444
3   0.0307376
;

phi :=
1 1   0.0165057
1 2   0.0146955
1 3   0.0683095
2 1   0
2 2   0
2 3   0.0043386
3 1   0.0162359
3 2   0.0144684
3 3   0.0679864
4 1   0.31518
4 2   0.204381
4 3   0.353117
;

l [*,1,*]
:      1           2          3        :=
1   0.400033    0.31544    0.661286
2   0.268414   -0.189211   0.96938
3   0.399614    0.313834   0.662266
4   0.53142     0.819316   0.353653

 [*,2,*]
:      1           2            3        :=
1   0.84519    -0.0784319    0.128841
2   0.746237   -0.0795072    0.744842
3   0.844875   -0.0784354    0.130802
4   0.943973   -0.0773409   -0.486195

 [*,3,*]
:       1           2           3         :=
1   -0.286543   -0.769269    0.0310161
2    0.258846   -0.980469   -0.118269
3   -0.284807   -0.769941    0.030541
4   -0.831081   -0.558377    0.180036
;

W[i,j,k] :=
1 1 1    0.400022
1 1 2    0.315439
1 1 3    0.661285
2 1 1    0.268405
2 1 2   -0.189213
2 1 3    0.969382
3 1 1    0.399603
3 1 2    0.313832
3 1 3    0.662266
4 1 1    0.531388
4 1 2    0.819348
4 1 3    0.353619
;

W[i,j,k] :=
1 1 4   -1.6055e-05
1 1 5   -0.0153128
1 1 6    0.00728174
2 1 4   -0.0394801
2 1 5   -0.00321971
2 1 6    0.010293
3 1 4   -0.000141658
3 1 5   -0.0152743
3 1 6    0.00729133
4 1 4    0.0393803
4 1 5   -0.02738
4 1 6    0.00427159
;

W[i,j,k] :=
1 2 1    0.845188
1 2 2   -0.0784296
1 2 3    0.128843
2 2 1    0.746236
2 2 2   -0.0795076
2 2 3    0.74485
3 2 1    0.844873
3 2 2   -0.0784331
3 2 3    0.130804
4 2 1    0.943959
4 2 2   -0.0773181
4 2 3   -0.486216
;

W[i,j,k] :=
1 2 4    0.000534416
1 2 5    0.0141561
1 2 6    0.00451621
2 2 4   -0.000856926
2 2 5    0.034244
2 2 6    0.00436591
3 2 4    0.00052999
3 2 5    0.01422
3 2 6    0.00451573
4 2 4    0.0019192
4 2 5   -0.00589753
4 2 6    0.00466416
;

W[i,j,k] :=
1 3 1   -0.286543
1 3 2   -0.769254
1 3 3    0.0310067
2 3 1    0.258849
2 3 2   -0.98046
2 3 3   -0.118267
3 3 1   -0.284807
3 3 2   -0.769926
3 3 3    0.0305317
4 3 1   -0.831104
4 3 2   -0.558327
4 3 3    0.179988
;

W[i,j,k] :=
1 3 4   -0.00536379
1 3 5    0.00203797
1 3 6    0.000153037
2 3 4   -0.012151
2 3 5   -0.000714521
2 3 6   -0.0205711
3 3 4   -0.00538539
3 3 5    0.00202921
3 3 6    8.70778e-05
4 3 4    0.0014057
4 3 5    0.00479152
4 3 6    0.0208428
;

f11 = 6.43383

f12 = 15

f13 = 5.12241

f21 = 2.12858

f22 = 4.25821

f23 = 0.174517

f31 = 8.01693

f32 = 15

f33 = -0.986648

