solve_message = ' \
Ipopt 3.9.1: Converged to a locally infeasible point. Problem may be infeasible.'

Solve time:
_solve_time = 7.48805

Objective:
torque = 7.1691

cnh1 = -0.919927

cnh2 = -0.71812

cnh3 = -0.266885

snh1 = 0.183668

snh2 = 0.603575

snh3 = 0.899318

Hx = -0.029543

Hy = -0.0604525

Hz = 0.0169297

cnf11 = 0.709999

cnf21 = 0.61913

cnf31 = 0.483607

cnf12 = 0.709999

cnf22 = 0.752379

cnf32 = 0.590137

cnt1 = 0.376429

cnt2 = 0.459908

snf11 = 0.613108

snf21 = 0.859464

snf31 = 0.890235

snf12 = 0.613108

snf22 = 0.56029

snf32 = 0.796407

snt1 = 0.859245

snt2 = 0.868715

p :=
1 1    0.0347707
1 2   -0.00193262
1 3    0.0517505
2 1    0.00534843
2 2    0.0288544
2 3   -0.0639492
3 1   -0.0248388
3 2    0.019276
3 3    0.0589221
;

mf :=
1 1   -0.866343
1 2   -0.0763392
1 3   -0.0577552
2 1   -0.1801
2 2   -0.111492
2 3    0.766231
;

mt [*] :=
1   0.297431
2  -0.552599
3  -0.545771
;

phi :=
1 1   0.0475197
1 2   0.0642382
1 3   0.0561558
2 1   0.00864923
2 2   0.00568276
2 3   0
3 1   0.0473475
3 2   0.0639596
3 3   0.0558187
4 1   0.142444
4 2   0.236912
4 3   0.303946
;

l [*,1,*]
:       1           2            3         :=
1   -0.866395   -0.0760409   -0.0573454
2   -0.801667   -0.450936    -0.572283
3   -0.866189   -0.0772342   -0.0589844
4   -0.931019    0.298256     0.45677

 [*,2,*]
:       1           2           3        :=
1   -0.179696   -0.111327    0.766338
2   -0.687956   -0.319258    0.631976
3   -0.181313   -0.111988    0.76591
4    0.327754    0.0962729   0.900484

 [*,3,*]
:      1           2           3        :=
1   0.297493   -0.552262   -0.546111
2   0.220069   -0.975445   -0.119048
3   0.297247   -0.553609   -0.544751
4   0.374794   -0.129754   -0.972492
;

W[i,j,k] :=
1 1 1   -0.866395
1 1 2   -0.0760409
1 1 3   -0.0573454
2 1 1   -0.801667
2 1 2   -0.450936
2 1 3   -0.572283
3 1 1   -0.866189
3 1 2   -0.0772342
3 1 3   -0.0589844
4 1 1   -0.931019
4 1 2    0.298256
4 1 3    0.45677
;

W[i,j,k] :=
1 1 4    0.00404599
1 1 5   -0.0428424
1 1 6   -0.00431841
2 1 4    0.0244422
2 1 5   -0.021588
2 1 6   -0.0172287
3 1 4    0.0041109
3 1 5   -0.0427748
3 1 6   -0.0043595
4 1 4   -0.0163177
4 1 5   -0.064063
4 1 6    0.00857126
;

W[i,j,k] :=
1 2 1   -0.179696
1 2 2   -0.111327
1 2 3    0.766338
2 2 1   -0.687956
2 2 2   -0.319258
2 2 3    0.631976
3 2 1   -0.181313
3 2 2   -0.111988
3 2 3    0.76591
4 2 1    0.327754
4 2 2    0.0962729
4 2 3    0.900484
;

W[i,j,k] :=
1 2 4    0.0149929
1 2 5    0.00739269
1 2 6    0.00458958
2 2 4   -0.002181
2 2 5    0.0406141
2 2 6    0.018143
3 2 4    0.0149383
3 2 5    0.00749842
3 2 6    0.00463272
4 2 4    0.0321395
4 2 5   -0.0257757
4 2 6   -0.00894221
;

W[i,j,k] :=
1 3 1    0.297493
1 3 2   -0.552262
1 3 3   -0.546111
2 3 1    0.220069
2 3 2   -0.975445
2 3 3   -0.119048
3 3 1    0.297247
3 3 2   -0.553609
3 3 3   -0.544751
4 3 1    0.374794
4 3 2   -0.129754
4 3 3   -0.972492
;

W[i,j,k] :=
1 3 4    0.0220137
1 3 5    0.00396419
1 3 6    0.00798307
2 3 4    0.0551805
2 3 5    0.0100099
2 3 6    0.0199869
3 3 4    0.0221192
3 3 5    0.00398343
3 3 6    0.00802128
4 3 4   -0.0111003
4 3 5   -0.00207192
4 3 6   -0.00400156
;

f11 = 8.16746

f12 = 15

f13 = -1.21455

f21 = 1.81017

f22 = 9.89766

f23 = 1.00841

f31 = 7.31967

f32 = 15

f33 = -3.82165

