solve_message = ' \
Ipopt 3.9.1: Maximum Number of Iterations Exceeded.'

Solve time:
_solve_time = 74.3969

Objective:
torque = 7.24161

cnh1 = -0.308003

cnh2 = -0.685002

cnh3 = 0.740834

snh1 = -1.1157

snh2 = -0.889871

snh3 = 1.00368

Hx = 0.113002

Hy = -0.141605

Hz = -0.0255626

cnf11 = 0.587848

cnf21 = 0.708088

cnf31 = 0.551822

cnf12 = 0.631305

cnf22 = 0.854824

cnf32 = 0.625792

cnt1 = 0.570969

cnt2 = 0.576576

snf11 = 0.683525

snf21 = 0.581663

snf31 = 0.832514

snf12 = 0.654827

snf22 = 0.367098

snf32 = 0.781595

snt1 = 0.47628

snt2 = 0.790044

p :=
1 1   -0.0377145
1 2    0.00532557
1 3    0.0817678
2 1    0.0297257
2 2    0.0212299
2 3   -0.0286456
3 1   -0.013568
3 2   -0.0300109
3 3   -0.0616076
;

mf :=
1 1    0.54928
1 2   -0.699387
1 3   -0.725434
2 1   -0.930231
2 2   -0.677076
2 3   -0.162748
;

mt [*] :=
1  0.287522
2  0.508829
3  0.802786
;

phi :=
1 1   0.29103
1 2   0.301125
1 3   0.323071
2 1   0.268256
2 2   0.260957
2 3   0.282877
3 1   0.290954
3 2   0.300983
3 3   0.322923
4 1   0
4 2   0
4 3   0.090391
;

l [*,1,*]
:       1           2            3        :=
1    0.445754   -0.0283557   -0.961312
2    1.07693    -0.0256999   -0.610898
3    0.447767   -0.0283522   -0.960201
4   -0.183205   -0.038018    -1.30765

 [*,2,*]
:       1           2            3        :=
1   -0.888874   -0.612637    -0.189398
2   -0.47763    -1.17394     -0.581963
3   -0.887565   -0.614428    -0.190673
4   -1.29635    -0.0598991    0.217398

 [*,3,*]
:      1           2          3        :=
1   0.245657    0.492809   0.766029
2   0.12549    -0.131617   1.18201
3   0.245336    0.49083    0.767386
4   0.344396    1.10948    0.336002
;

W[i,j,k] :=
1 1 1    0.441456
1 1 2    0.00497787
1 1 3   -1.00079
2 1 1    1.07418
2 1 2    0.00166829
2 1 3   -0.638453
3 1 1    0.443476
3 1 2    0.00496066
3 1 3   -0.999642
4 1 1   -0.188587
4 1 2   -0.00241813
4 1 3   -1.35772
;

W[i,j,k] :=
1 1 4    0.00332444
1 1 5    0.0227021
1 1 6    0.00630456
2 1 4    0.00114885
2 1 5    0.0902906
2 1 6    0.0130651
3 1 4    0.0033184
3 1 5    0.0229177
3 1 6    0.00632724
4 1 4    0.00572099
4 1 5   -0.0446499
4 1 6   -0.000801003
;

W[i,j,k] :=
1 2 1   -0.920637
1 2 2   -0.630721
1 2 3   -0.191615
2 2 1   -0.502144
2 2 2   -1.19067
2 2 3   -0.606407
3 2 1   -0.919303
3 2 2   -0.632512
3 2 3   -0.192966
4 2 1   -1.33379
4 2 2   -0.0796846
4 2 3    0.238136
;

W[i,j,k] :=
1 2 4   -0.0260378
1 2 5    0.0351778
1 2 6    0.000109325
2 2 4   -0.0469804
2 2 5    0.0300332
2 2 6   -0.0231016
3 2 4   -0.0261049
3 2 5    0.0351624
3 2 6    3.51057e-05
4 2 4   -0.00518401
4 2 5    0.0397836
4 2 6    0.0231216
;

W[i,j,k] :=
1 3 1    0.233844
1 3 2    0.52329
1 3 3    0.8166
2 3 1    0.151075
2 3 2   -0.0885523
2 3 3    1.20567
3 3 1    0.233651
3 3 2    0.521349
3 3 3    0.817879
4 3 1    0.298314
4 3 2    1.12739
4 3 3    0.409251
;

W[i,j,k] :=
1 3 4    0.0126367
1 3 5   -0.00815412
1 3 6    0.000810603
2 3 4   -0.0358855
2 3 5    0.00395447
2 3 6    0.00653421
3 3 4    0.0124824
3 3 5   -0.00811827
3 3 6    0.000830007
4 3 4    0.0607067
4 3 5   -0.0195956
4 3 6   -0.0052327
;

f11 = -0.759082

f12 = 14.8841

f13 = -1.96883

f21 = -1.06039

f22 = 13.015

f23 = 2.17908

f31 = 0.164543

f32 = 15

f33 = 0.669697

