solve_message = ' \
Ipopt 3.9.1: Optimal Solution Found'

Solve time:
_solve_time = 15.2881

Objective:
torque = 6.19343

cnh1 = 1.05746

cnh2 = -0.132778

cnh3 = 0.672215

snh1 = -0.0611478

snh2 = 0.928644

snh3 = 0.818601

Hx = -0.0447388

Hy = 0.0801747

Hz = 0.0265365

cnf11 = 0.938087

cnf21 = 0.748557

cnf31 = 0.588444

cnf12 = 0.938087

cnf22 = 0.721764

cnf32 = 0.568104

cnt1 = 0.520641

cnt2 = 0.445057

snf11 = 0.00239026

snf21 = 0.565402

snf31 = 0.797601

snf12 = 0.00239026

snf22 = 0.631275

snf32 = 0.815351

snt1 = 0.922452

snt2 = 0.914179

p :=
1 1   -0.0259604
1 2   -0.0143539
1 3   -0.0637459
2 1    0.0208616
2 2    0.0143374
2 3   -0.063263
3 1    0.0273688
3 2   -0.0171974
3 3    0.0608851
;

mf :=
1 1   0.117946
1 2   0.00386827
1 3   0.810651
2 1   0.0589794
2 2   0.0858875
2 3   0.834673
;

mt [*] :=
1  -0.497571
2   0.559944
3  -0.768659
;

phi :=
1 1   0.0610051
1 2   0.0497357
1 3   0.0733968
2 1   0.0124776
2 2   0.00692228
2 3   0.0106806
3 1   0.0607843
3 2   0.0495451
3 3   0.0730846
4 1   0.182839
4 2   0.149467
4 3   0.29929
;

l [*,1,*]
:       1             2           3        :=
1   0.117857      0.0032855    0.810663
2   0.229802      0.735685     0.795488
3   0.118213      0.00561657   0.810615
4   0.00609043   -0.727946     0.825813

 [*,2,*]
:       1            2           3        :=
1    0.0588992    0.0852981   0.834715
2    0.159788     0.825982    0.781462
3    0.0592203    0.0876556   0.834546
4   -0.0418283   -0.654205    0.887883

 [*,3,*]
:       1          2           3        :=
1   -0.497053   0.559892   -0.76896
2   -1.14754    0.625897   -0.390785
3   -0.499123   0.560102   -0.767757
4    0.152392   0.493991   -1.14653
;

W[i,j,k] :=
1 1 1    0.117857
1 1 2    0.0032855
1 1 3    0.810663
2 1 1    0.229802
2 1 2    0.735685
2 1 3    0.795488
3 1 1    0.118213
3 1 2    0.00561657
3 1 3    0.810615
4 1 1    0.00609043
4 1 2   -0.727946
4 1 3    0.825813
;

W[i,j,k] :=
1 1 4   -0.0114267
1 1 5    0.0135323
1 1 6    0.00160641
2 1 4    0.0354785
2 1 5    0.00600228
2 1 6   -0.0158002
3 1 4   -0.0112774
3 1 5    0.0135083
3 1 6    0.00155101
4 1 4   -0.0582572
4 1 5    0.0210502
4 1 6    0.0189852
;

W[i,j,k] :=
1 2 1    0.0588992
1 2 2    0.0852981
1 2 3    0.834715
2 2 1    0.159788
2 2 2    0.825982
2 2 3    0.781462
3 2 1    0.0592203
3 2 2    0.0876556
3 2 3    0.834546
4 2 1   -0.0418283
4 2 2   -0.654205
4 2 3    0.887883
;

W[i,j,k] :=
1 2 4    0.0173639
1 2 5   -0.0211396
1 2 6    0.000934991
2 2 4    0.0634583
2 2 5   -0.0264112
2 2 6    0.0149404
3 2 4    0.0175106
3 2 5   -0.0211564
3 2 6    0.000979566
4 2 4   -0.028657
4 2 5   -0.0158764
4 2 6   -0.013048
;

W[i,j,k] :=
1 3 1   -0.497053
1 3 2    0.559892
1 3 3   -0.76896
2 3 1   -1.14754
2 3 2    0.625897
2 3 3   -0.390785
3 3 1   -0.499123
3 3 2    0.560102
3 3 3   -0.767757
4 3 1    0.152392
4 3 2    0.493991
4 3 3   -1.14653
;

W[i,j,k] :=
1 3 4   -0.0208649
1 3 5   -0.00921761
1 3 6    0.00677553
2 3 4   -0.0313873
2 3 5   -0.0591725
2 3 6   -0.00260459
3 3 4   -0.0208984
3 3 5   -0.00937661
3 3 6    0.00674567
4 3 4   -0.0103593
4 3 5    0.0406576
4 3 6    0.0161407
;

f11 = 7.62787

f12 = 15

f13 = -0.279681

f21 = -3.90028

f22 = 8.03983

f23 = 1.033

f31 = 7.16436

f32 = 14.4099

f33 = 0.837325

