solve_message = ' \
Ipopt 3.9.1: Optimal Solution Found'

Solve time:
_solve_time = 35.0846

Objective:
torque = 3.64537

cnh1 = -0.236439

cnh2 = -0.935817

cnh3 = -0.215741

snh1 = -0.907798

snh2 = 0.0651658

snh3 = 0.912938

Hx = 0.0711878

Hy = -0.0146625

Hz = -0.0287657

cnf11 = 0.270752

cnf21 = 0.591394

cnf31 = 0.52744

cnf12 = 0.270752

cnf22 = 0.471088

cnf32 = 0.424861

cnt1 = 0.460047

cnt2 = 0.427246

snf11 = 0.898161

snf21 = 0.728185

snf31 = 0.83631

snf12 = 0.898161

snf22 = 0.948723

snf32 = 0.926843

snt1 = 0.943201

snt2 = 0.921992

p :=
1 1    0.0161545
1 2    0.0233555
1 3    0.0644491
2 1   -0.0268915
2 2    0.0186568
2 3   -0.0601427
3 1   -0.0243564
3 2   -0.0243564
3 3   -0.00495808
;

mf :=
1 1    0.0269089
1 2   -0.272383
1 3   -0.718703
2 1    0.668624
2 2   -0.34615
2 3    0.522029
;

mt [*] :=
1   0.738595
2   0.548806
3  -0.18979
;

phi :=
1 1   0.0715205
1 2   0.0482973
1 3   0.0411907
2 1   0.00912981
2 2   0
2 3   0.000226958
3 1   0.0712089
3 2   0.0480172
3 3   0.0410073
4 1   0.299641
4 2   0.264882
4 3   0.138546
;

l [*,1,*]
:       1            2           3        :=
1    0.0263094   -0.272784   -0.718548
2    0.779694     0.231982   -0.91433
3    0.0287073   -0.271178   -0.719171
4   -0.725873    -0.776746   -0.523078

 [*,2,*]
:      1           2           3        :=
1   0.668401   -0.34564     0.522587
2   0.94878    -0.987277   -0.178331
3   0.669293   -0.347682    0.520356
4   0.38847     0.294974    1.22239

 [*,3,*]
:      1           2            3        :=
1   0.738121    0.549289    -0.190256
2   1.33359    -0.0575103    0.395177
3   0.740016    0.547357    -0.188393
4   0.143605    1.15512     -0.774755
;

W[i,j,k] :=
1 1 1    0.0263094
1 1 2   -0.272784
1 1 3   -0.718548
2 1 1    0.779694
2 1 2    0.231982
2 1 3   -0.91433
3 1 1    0.0287073
3 1 2   -0.271178
3 1 3   -0.719171
4 1 1   -0.725873
4 1 2   -0.776746
4 1 3   -0.523078
;

W[i,j,k] :=
1 1 4    0.000798672
1 1 5    0.0133034
1 1 6   -0.00502116
2 1 4   -0.0363057
2 1 5    0.0650211
2 1 6   -0.0144626
3 1 4    0.000680577
3 1 5    0.013468
3 1 6   -0.00505121
4 1 4    0.0378438
4 1 5   -0.0383318
4 1 6    0.00440518
;

W[i,j,k] :=
1 2 1    0.668401
1 2 2   -0.34564
1 2 3    0.522587
2 2 1    0.94878
2 2 2   -0.987277
2 2 3   -0.178331
3 2 1    0.669293
3 2 2   -0.347682
3 2 3    0.520356
4 2 1    0.38847
4 2 2    0.294974
4 2 3    1.22239
;

W[i,j,k] :=
1 2 4   -0.0110379
1 2 5   -0.0261463
1 2 6   -0.00317548
2 2 4   -0.0627047
2 2 5   -0.0618578
2 2 6    0.00884813
3 2 4   -0.0112023
3 2 5   -0.02626
3 2 6   -0.00313721
4 2 4    0.0405464
4 2 5    0.00950819
4 2 6   -0.0151799
;

W[i,j,k] :=
1 3 1    0.738121
1 3 2    0.549289
1 3 3   -0.190256
2 3 1    1.33359
2 3 2   -0.0575103
2 3 3    0.395177
3 3 1    0.740016
3 3 2    0.547357
3 3 3   -0.188393
4 3 1    0.143605
4 3 2    1.15512
4 3 3   -0.774755
;

W[i,j,k] :=
1 3 4    0.00735737
1 3 5   -0.00829361
1 3 6    0.00459931
2 3 4   -0.00991025
2 3 5    0.00301306
2 3 6    0.0338822
3 3 4    0.00730241
3 3 5   -0.00825763
3 3 6    0.00469251
4 3 4    0.0245975
4 3 5   -0.0195822
4 3 6   -0.0246369
;

f11 = 8.20309

f12 = 10.688

f13 = -2.43698

f21 = 5.63314

f22 = 7.55901

f23 = 2.22634

f31 = -1.31874

f32 = 3.48152

f33 = -2.47757

