solve_message = ' \
Ipopt 3.9.1: Converged to a locally infeasible point. Problem may be infeasible.'

Solve time:
_solve_time = 77.7665

Objective:
torque = 8.0566

cnh1 = 0.656355

cnh2 = -0.899288

cnh3 = 0.37879

snh1 = -0.670223

snh2 = 0.266985

snh3 = -0.858206

Hx = -0.0489509

Hy = 0.0125835

Hz = 0.049821

cnf11 = 0.728416

cnf21 = -0.766

cnf31 = 0

cnf12 = 0.728416

cnf22 = 0.31309

cnf32 = 0.423444

cnt1 = 0.766

cnt2 = 0.647593

snf11 = 0.591109

snf21 = 0.496225

snf31 = 1

snf12 = 0.591109

snf22 = 0.923573

snf32 = 0.895927

snt1 = 0.368678

snt2 = 0.752032

p :=
1 1   -0.027316
1 2   -0.0148918
1 3    0.0594581
2 1    0.00372929
2 2    0.0351186
2 3    0.0444052
3 1    0.0212584
3 2   -0.0259309
3 3    0.0581868
;

mf :=
1 1   -0.72128
1 2   -0.0815389
1 3   -0.36353
2 1   -0.198144
2 2   -0.798827
2 3    0.0609314
;

mt [*] :=
1  -0.343313
2   0.674304
3  -0.332778
;

phi :=
1 1   0.0162703
1 2   0.128849
1 3   0.0499065
2 1   0.000648895
2 2   0.134635
2 3   0
3 1   0.0162166
3 2   0.128869
3 3   0.0495944
4 1   0.0340321
4 2   0.123274
4 3   0.338357
;

l [*,1,*]
:       1           2            3        :=
1   -0.721285   -0.0822748   -0.363404
2   -0.715109    0.842596    -0.522097
3   -0.721265   -0.0793312   -0.363909
4   -0.72745    -1.00567     -0.204963

 [*,2,*]
:       1            2           3         :=
1   -0.197977    -0.798874    0.0602111
2   -0.408417    -0.739483    0.965433
3   -0.198647    -0.798685    0.0630922
4    0.0121274   -0.858171   -0.843567

 [*,3,*]
:       1          2           3        :=
1   -0.342778   0.674732   -0.332432
2   -1.01445    0.136426   -0.768449
3   -0.344916   0.673019   -0.333819
4    0.327818   1.21218     0.10289
;

W[i,j,k] :=
1 1 1   -0.721285
1 1 2   -0.0822748
1 1 3   -0.363404
2 1 1   -0.715109
2 1 2    0.842596
2 1 3   -0.522097
3 1 1   -0.721265
3 1 2   -0.0793312
3 1 3   -0.363909
4 1 1   -0.72745
4 1 2   -1.00567
4 1 3   -0.204963
;

W[i,j,k] :=
1 1 4    0.0103036
1 1 5   -0.052813
1 1 6   -0.0084938
2 1 4   -0.0423242
2 1 5   -0.0567806
2 1 6   -0.0336656
3 1 4    0.0101361
3 1 5   -0.0528256
3 1 6   -0.00857392
4 1 4    0.0628475
4 1 5   -0.0488516
4 1 6    0.0166379
;

W[i,j,k] :=
1 2 1   -0.197977
1 2 2   -0.798874
1 2 3    0.0602111
2 2 1   -0.408417
2 2 2   -0.739483
2 2 3    0.965433
3 2 1   -0.198647
3 2 2   -0.798685
3 2 3    0.0630922
4 2 1    0.0121274
4 2 2   -0.858171
4 2 3   -0.843567
;

W[i,j,k] :=
1 2 4    0.0375887
1 2 5   -0.00901573
1 2 6    0.00397343
2 2 4    0.0667415
2 2 5   -0.0217362
2 2 6    0.0115853
3 2 4    0.0376814
3 2 5   -0.00905622
3 2 6    0.00399765
4 2 4    0.00848234
4 2 5    0.00368443
4 2 6   -0.00362627
;

W[i,j,k] :=
1 3 1   -0.342778
1 3 2    0.674732
1 3 3   -0.332432
2 3 1   -1.01445
2 3 2    0.136426
2 3 3   -0.768449
3 3 1   -0.344916
3 3 2    0.673019
3 3 3   -0.333819
4 3 1    0.327818
4 3 2    1.21218
4 3 3    0.10289
;

W[i,j,k] :=
1 3 4   -0.0306403
1 3 5   -0.0128782
1 3 6    0.00545517
2 3 4    0.0119883
2 3 5   -0.0426914
2 3 6   -0.0234053
3 3 4   -0.0305046
3 3 5   -0.0129731
3 3 6    0.00536332
4 3 4   -0.0732009
4 3 5    0.0168874
4 3 6    0.0342696
;

f11 = 2.98569

f12 = 14.257

f13 = -1.98243

f21 = 10.0469

f22 = 15

f23 = -8.56851

f31 = 9.83899

f32 = 15

f33 = 7.85659

