solve_message = ' \
Ipopt 3.9.1: Optimal Solution Found'

Solve time:
_solve_time = 27.6746

Objective:
torque = 5.27092

cnh1 = -0.904674

cnh2 = 0.937976

cnh3 = -0.328389

snh1 = -0.248123

snh2 = 0.0142084

snh3 = 0.878727

Hx = 0.011006

Hy = -0.0704706

Hz = 0.0332934

cnf11 = 0.239361

cnf21 = 0.552154

cnf31 = 0.514026

cnf12 = 0.239361

cnf22 = 0.409103

cnf32 = 0.469296

cnt1 = 0.48857

cnt2 = 0.432106

snf11 = 0.907033

snf21 = 0.758371

snf31 = 0.843696

snf12 = 0.907033

snf22 = 0.844177

snf32 = 0.865003

snt1 = 0.93984

snt2 = 0.922263

p :=
1 1   -0.0146045
1 2   -0.0230991
1 3   -0.0648676
2 1   -0.0241048
2 2    0.0210548
2 3    0.0578024
3 1    0.0243565
3 2    0.0243565
3 3    0.00104647
;

mf :=
1 1    0.177912
1 2   -0.00759219
1 3    0.752269
2 1    0.330539
2 2   -0.586713
2 3   -0.392396
;

mt [*] :=
1  -0.586776
2  -0.721371
3   0.189786
;

phi :=
1 1   0.0633724
1 2   0.0649027
1 3   0.034677
2 1   0.0028276
2 2   0.00527892
2 3   0
3 1   0.0630668
3 2   0.064606
3 3   0.0345099
4 1   0.2964
4 2   0.279471
4 3   0.120688
;

l [*,1,*]
:       1            2           3        :=
1    0.178327   -0.00699545   0.752154
2   -0.343112   -0.756959     0.896747
3    0.176667   -0.00938242   0.752614
4    0.698934    0.741772     0.607791

 [*,2,*]
:       1           2           3        :=
1    0.330059   -0.586584   -0.392933
2    0.933116   -0.748409    0.281003
3    0.331978   -0.587099   -0.390788
4   -0.272036   -0.425017   -1.06579

 [*,3,*]
:       1            2            3        :=
1   -0.587306    -0.720846     0.190137
2    0.0790801   -1.38011     -0.251035
3   -0.585185    -0.722944     0.188733
4   -1.25263     -0.0626315    0.630605
;

W[i,j,k] :=
1 1 1    0.178327
1 1 2   -0.00699545
1 1 3    0.752154
2 1 1   -0.343112
2 1 2   -0.756959
2 1 3    0.896747
3 1 1    0.176667
3 1 2   -0.00938242
3 1 3    0.752614
4 1 1    0.698934
4 1 2    0.741772
4 1 3    0.607791
;

W[i,j,k] :=
1 1 4   -0.0178279
1 1 5   -0.00058282
1 1 6    0.00422136
2 1 4   -0.0698162
2 1 5    0.0353534
2 1 6    0.00312943
3 1 4   -0.0179933
3 1 5   -0.000468443
3 1 6    0.00421788
4 1 4    0.0340776
4 1 5   -0.0364617
4 1 6    0.00531155
;

W[i,j,k] :=
1 2 1    0.330059
1 2 2   -0.586584
1 2 3   -0.392933
2 2 1    0.933116
2 2 2   -0.748409
2 2 3    0.281003
3 2 1    0.331978
3 2 2   -0.587099
3 2 3   -0.390788
4 2 1   -0.272036
4 2 2   -0.425017
4 2 3   -1.06579
;

W[i,j,k] :=
1 2 4    0.0256328
1 2 5    0.00960663
1 2 6    0.00719017
2 2 4    0.0491763
2 2 5    0.0607098
2 2 6   -0.0016063
3 2 4    0.0257078
3 2 5    0.00976928
3 2 6    0.00716217
4 2 4    0.00212691
4 2 5   -0.0414151
4 2 6    0.0159726
;

W[i,j,k] :=
1 3 1   -0.587306
1 3 2   -0.720846
1 3 3    0.190137
2 3 1    0.0790801
2 3 2   -1.38011
2 3 3   -0.251035
3 3 1   -0.585185
3 3 2   -0.722944
3 3 3    0.188733
4 3 1   -1.25263
4 3 2   -0.0626315
4 3 3    0.630605
;

W[i,j,k] :=
1 3 4    0.00538542
1 3 5   -0.00524567
1 3 6   -0.00325257
2 3 4   -0.00467008
2 3 5    0.00619709
2 3 6   -0.0355408
3 3 4    0.00535341
3 3 5   -0.00520925
3 3 6   -0.00335533
4 3 4    0.0154249
4 3 5   -0.0166702
4 3 6    0.0289842
;

f11 = 4.27727

f12 = 8.09352

f13 = 4.8732

f21 = 6.81502

f22 = 9.08656

f23 = -2.55284

f31 = 7.07794

f32 = 8.86198

f33 = -0.533693

