solve_message = ' \
Ipopt 3.9.1: Optimal Solution Found'

Solve time:
_solve_time = 2.88602

Objective:
torque = 2.85183

cnh1 = 0.640446

cnh2 = -0.304275

cnh3 = 1.02868

snh1 = -0.685442

snh2 = 0.887365

snh3 = -0.0145017

Hx = -0.0409425

Hy = 0.0419282

Hz = 0.063164

cnf11 = 0.934169

cnf21 = 0.85241

cnf31 = 0.641218

cnf12 = 0.934169

cnf22 = 0.852542

cnf32 = 0.641299

cnt1 = 0.354896

cnt2 = 0.36138

snf11 = 0

snf21 = 0.39166

snf31 = 0.757344

snf12 = 0

snf22 = 0.391372

snf32 = 0.757277

snt1 = 0.998022

snt2 = 0.973664

p :=
1 1   -0.0292211
1 2    0.010078
1 3   -0.0597522
2 1   -0.00875832
2 2    0.0297242
2 3   -0.0596417
3 1    0.0238405
3 2   -0.0253849
3 3    0.0517471
;

mf :=
1 1    0.25836
1 2   -0.380031
1 3    0.664749
2 1    0.365554
2 2   -0.277763
2 3    0.66521
;

mt [*] :=
1  -0.639114
2   0.66721
3  -0.362658
;

phi :=
1 1   0.0664112
1 2   0.0671261
1 3   0.0978123
2 1   0.0308406
2 2   0.0356196
2 3   0.044074
3 1   0.0662673
3 2   0.0670026
3 3   0.0975777
4 1   0.128408
4 2   0.117596
4 3   0.215187
;

l [*,1,*]
:      1           2          3        :=
1   0.258255   -0.380729   0.664387
2   0.390459    0.496423   1.11904
3   0.258676   -0.377937   0.665834
4   0.126263   -1.25648    0.210459

 [*,2,*]
:      1           2          3        :=
1   0.365451   -0.278502   0.664945
2   0.494949    0.650016   0.99835
3   0.365864   -0.275547   0.666006
4   0.236161   -1.20554    0.332072

 [*,3,*]
:       1          2           3        :=
1   -0.638508   0.66747    -0.363273
2   -1.40101    0.340613    0.409432
3   -0.640934   0.66643    -0.360814
4    0.122775   0.993806   -1.13475
;

W[i,j,k] :=
1 1 1    0.258255
1 1 2   -0.380729
1 1 3    0.664387
2 1 1    0.390459
2 1 2    0.496423
2 1 3    1.11904
3 1 1    0.258676
3 1 2   -0.377937
3 1 3    0.665834
4 1 1    0.126263
4 1 2   -1.25648
4 1 3    0.210459
;

W[i,j,k] :=
1 1 4   -0.0160537
1 1 5    0.0039828
1 1 6    0.00852262
2 1 4    0.04094
2 1 5    0.00936882
2 1 6   -0.018441
3 1 4   -0.0158723
3 1 5    0.00399994
3 1 6    0.0084368
4 1 4   -0.0729565
4 1 5   -0.00139463
4 1 6    0.0354433
;

W[i,j,k] :=
1 2 1    0.365451
1 2 2   -0.278502
1 2 3    0.664945
2 2 1    0.494949
2 2 2    0.650016
2 2 3    0.99835
3 2 1    0.365864
3 2 2   -0.275547
3 2 3    0.666006
4 2 1    0.236161
4 2 2   -1.20554
4 2 3    0.332072
;

W[i,j,k] :=
1 2 4    0.00315465
1 2 5   -0.0159724
1 2 6   -0.00842355
2 2 4    0.0684433
2 2 5   -0.0207757
2 2 6   -0.020405
3 2 4    0.00336245
3 2 5   -0.0159876
3 2 6   -0.00846169
4 2 4   -0.0620298
4 2 5   -0.0111766
4 2 6    0.00353878
;

W[i,j,k] :=
1 3 1   -0.638508
1 3 2    0.66747
1 3 3   -0.363273
2 3 1   -1.40101
2 3 2    0.340613
2 3 3    0.409432
3 3 1   -0.640934
3 3 2    0.66643
3 3 3   -0.360814
4 3 1    0.122775
4 3 2    0.993806
4 3 3   -1.13475
;

W[i,j,k] :=
1 3 4   -0.025318
1 3 5   -0.0243803
1 3 6   -0.000295623
2 3 4   -0.0280191
2 3 5   -0.0822592
2 3 6   -0.027444
3 3 4   -0.0253266
3 3 5   -0.0245645
3 3 6   -0.000382031
4 3 4   -0.0226212
4 3 5    0.0334062
4 3 6    0.0268095
;

f11 = 2.04983

f12 = 2.66117

f13 = -0.671249

f21 = -3.41144

f22 = 4.6303

f23 = 1.48441

f31 = 8.2372

f32 = 10.432

f33 = 1.38478

