solve_message = ' \
Ipopt 3.9.1: Optimal Solution Found'

Solve time:
_solve_time = 9.18846

Objective:
torque = 3.64537

cnh1 = -0.236324

cnh2 = 0.935821

cnh3 = 0.215758

snh1 = -0.907828

snh2 = 0.0651029

snh3 = -0.912934

Hx = -0.071192

Hy = 0.0146592

Hz = -0.0287648

cnf11 = 0.270887

cnf21 = 0.591392

cnf31 = 0.527439

cnf12 = 0.270887

cnf22 = 0.471132

cnf32 = 0.424879

cnt1 = 0.460067

cnt2 = 0.427182

snf11 = 0.898121

snf21 = 0.728187

snf31 = 0.836311

snf12 = 0.898121

snf22 = 0.948702

snf32 = 0.926831

snt1 = 0.943308

snt2 = 0.922067

p :=
1 1   -0.0161555
1 2   -0.0233538
1 3    0.0644495
2 1    0.0268918
2 2   -0.0186562
2 3   -0.060143
3 1    0.0243564
3 2    0.0243564
3 3   -0.0049567
;

mf :=
1 1   -0.0269257
1 2    0.272433
1 3   -0.718685
2 1   -0.668594
2 2    0.346193
2 3    0.522027
;

mt [*] :=
1  -0.738691
2  -0.548901
3  -0.18979
;

phi :=
1 1   0.0715213
1 2   0.0482987
1 3   0.0411782
2 1   0.00913612
2 2   0
2 3   0.000217433
3 1   0.0712098
3 2   0.0480186
3 3   0.0409947
4 1   0.299611
4 2   0.264866
4 3   0.138611
;

l [*,1,*]
:       1            2           3        :=
1   -0.0263263    0.272835   -0.718529
2   -0.779622    -0.232039   -0.914373
3   -0.0287238    0.271228   -0.719153
4    0.725767     0.776903   -0.522998

 [*,2,*]
:       1           2           3        :=
1   -0.668371    0.345683    0.522585
2   -0.948869    0.987167   -0.178431
3   -0.669264    0.347725    0.520354
4   -0.388321   -0.294778    1.22248

 [*,3,*]
:       1           2            3        :=
1   -0.738217   -0.549383    -0.190256
2   -1.33375     0.0575152    0.395136
3   -0.740112   -0.547452    -0.188393
4   -0.143631   -1.15531     -0.774714
;

W[i,j,k] :=
1 1 1   -0.0263263
1 1 2    0.272835
1 1 3   -0.718529
2 1 1   -0.779622
2 1 2   -0.232039
2 1 3   -0.914373
3 1 1   -0.0287238
3 1 2    0.271228
3 1 3   -0.719153
4 1 1    0.725767
4 1 2    0.776903
4 1 3   -0.522998
;

W[i,j,k] :=
1 1 4   -0.0008037
1 1 5   -0.0133049
1 1 6   -0.00502259
2 1 4    0.0363089
2 1 5   -0.0650183
2 1 6   -0.0144584
3 1 4   -0.00068558
3 1 5   -0.0134695
3 1 6   -0.00505263
4 1 4   -0.0378571
4 1 5    0.038326
4 1 6    0.00439814
;

W[i,j,k] :=
1 2 1   -0.668371
1 2 2    0.345683
1 2 3    0.522585
2 2 1   -0.948869
2 2 2    0.987167
2 2 3   -0.178431
3 2 1   -0.669264
3 2 2    0.347725
3 2 3    0.520354
4 2 1   -0.388321
4 2 2   -0.294778
4 2 3    1.22248
;

W[i,j,k] :=
1 2 4    0.011041
1 2 5    0.0261446
1 2 6   -0.0031732
2 2 4    0.0627001
2 2 5    0.0618662
2 2 6    0.00884447
3 2 4    0.0112054
3 2 5    0.0262583
3 2 6   -0.00313495
4 2 4   -0.0405357
4 2 5   -0.00951995
4 2 6   -0.0151717
;

W[i,j,k] :=
1 3 1   -0.738217
1 3 2   -0.549383
1 3 3   -0.190256
2 3 1   -1.33375
2 3 2    0.0575152
2 3 3    0.395136
3 3 1   -0.740112
3 3 2   -0.547452
3 3 3   -0.188393
4 3 1   -0.143631
4 3 2   -1.15531
4 3 3   -0.774714
;

W[i,j,k] :=
1 3 4   -0.00735708
1 3 5    0.00829307
1 3 6    0.00459931
2 3 4    0.00990918
2 3 5   -0.00301309
2 3 6    0.0338863
3 3 4   -0.00730213
3 3 5    0.00825709
3 3 6    0.00469252
4 3 4   -0.0245958
4 3 5    0.0195812
4 3 6   -0.024641
;

f11 = 8.20348

f12 = 10.6893

f13 = -2.43934

f21 = 5.633

f22 = 7.55975

f23 = 2.22828

f31 = -1.31864

f32 = 3.48109

f33 = -2.47724

