solve_message = ' \
Ipopt 3.9.1: Optimal Solution Found'

Solve time:
_solve_time = 4.63323

Objective:
torque = 3.59844

cnh1 = -0.540406

cnh2 = 0.892549

cnh3 = 0.277799

snh1 = -0.766787

snh2 = -0.288715

snh3 = -0.896007

Hx = -0.0536445

Hy = 0.0282519

Hz = -0.0215302

cnf11 = 0.838385

cnf21 = 0.546951

cnf31 = 0.512289

cnf12 = 0.838385

cnf22 = 0.245284

cnf32 = 0.390207

cnt1 = 0.357762

cnt2 = 0.454681

snf11 = 0.420846

snf21 = 0.762132

snf31 = 0.844621

snf12 = 0.420846

snf22 = 0.964724

snf32 = 0.918196

snt1 = 0.867185

snt2 = 0.870643

p :=
1 1   -0.0138737
1 2   -0.0302949
1 3    0.0587802
2 1    0.00921479
2 2   -0.0331893
2 3   -0.020205
3 1    0.0323174
3 2    0.014709
3 3   -0.0093501
;

mf :=
1 1    0.105454
1 2    0.517744
1 3   -0.583345
2 1   -0.352311
2 2    0.767441
2 3   -0.139041
;

mt [*] :=
1  -0.773062
2  -0.232642
3   0.0568973
;

phi :=
1 1   0.0365543
1 2   0.013144
1 3   0.0772746
2 1   0
2 2   0
2 3   0.0102013
3 1   0.0362712
3 2   0.0129426
3 3   0.0769318
4 1   0.291933
4 2   0.156968
4 3   0.352165
;

l [*,1,*]
:       1          2           3        :=
1    0.106042   0.517983   -0.582995
2   -0.632458   0.217631   -1.02334
3    0.103691   0.517027   -0.584396
4    0.843363   0.817855   -0.143354

 [*,2,*]
:       1           2           3        :=
1   -0.352012    0.767644   -0.138394
2   -0.728496    0.512216   -0.95171
3   -0.35321     0.766831   -0.140982
4    0.0238723   1.02266     0.673625

 [*,3,*]
:       1           2           3         :=
1   -0.772869   -0.233312    0.0566083
2   -1.01546     0.60913     0.419869
3   -0.773642   -0.230631    0.0577644
4   -0.530667   -1.07441    -0.306073
;

W[i,j,k] :=
1 1 1    0.106042
1 1 2    0.517983
1 1 3   -0.582995
2 1 1   -0.632458
2 1 2    0.217631
2 1 3   -1.02334
3 1 1    0.103691
3 1 2    0.517027
3 1 3   -0.584396
4 1 1    0.843363
4 1 2    0.817855
4 1 3   -0.143354
;

W[i,j,k] :=
1 1 4   -0.0127853
1 1 5   -0.00185513
1 1 6   -0.0039738
2 1 4    0.0182096
2 1 5   -0.0513735
2 1 6   -0.0221796
3 1 4   -0.0126867
3 1 5   -0.00201274
3 1 6   -0.00403174
4 1 4   -0.0437308
4 1 5    0.0475842
4 1 6    0.014203
;

W[i,j,k] :=
1 2 1   -0.352012
1 2 2    0.767644
1 2 3   -0.138394
2 2 1   -0.728496
2 2 2    0.512216
2 2 3   -0.95171
3 2 1   -0.35321
3 2 2    0.766831
3 2 3   -0.140982
4 2 1    0.0238723
4 2 2    1.02266
4 2 3    0.673625
;

W[i,j,k] :=
1 2 4    0.0201035
1 2 5    0.00838768
1 2 6   -0.00460936
2 2 4    0.0419359
2 2 5    0.0234891
2 2 6   -0.0194583
3 2 4    0.020173
3 2 5    0.00843575
3 2 6   -0.00465662
4 2 4   -0.00169414
4 2 5   -0.00668964
4 2 6    0.0102159
;

W[i,j,k] :=
1 3 1   -0.772869
1 3 2   -0.233312
1 3 3    0.0566083
2 3 1   -1.01546
2 3 2    0.60913
2 3 3    0.419869
3 3 1   -0.773642
3 3 2   -0.230631
3 3 3    0.0577644
4 3 1   -0.530667
4 3 2   -1.07441
4 3 3   -0.306073
;

W[i,j,k] :=
1 3 4   -0.00134884
1 3 5    0.00539698
1 3 6    0.0038281
2 3 4    0.0118713
2 3 5   -0.00407443
2 3 6    0.0346218
3 3 4   -0.00130676
3 3 5    0.00536683
3 3 6    0.00392611
4 3 4   -0.0145479
4 3 5    0.0148533
4 3 6   -0.0269165
;

f11 = 7.89229

f12 = 10.1536

f13 = -1.95281

f21 = 0.349937

f22 = 0

f23 = 0.0628009

f31 = 4.75974

f32 = 10.5189

f33 = -6.94831

