solve_message = ' \
Ipopt 3.9.1: Optimal Solution Found'

Solve time:
_solve_time = 3.43202

Objective:
torque = 3.64537

cnh1 = -0.907816

cnh2 = -0.93582

cnh3 = -0.215752

snh1 = 0.236367

snh2 = 0.0651262

snh3 = 0.912935

Hx = -0.0146605

Hy = -0.0711904

Hz = -0.0287652

cnf11 = 0.270837

cnf21 = 0.591393

cnf31 = 0.527439

cnf12 = 0.270837

cnf22 = 0.471116

cnf32 = 0.424873

cnt1 = 0.46006

cnt2 = 0.427206

snf11 = 0.898136

snf21 = 0.728186

snf31 = 0.836311

snf12 = 0.898136

snf22 = 0.94871

snf32 = 0.926835

snt1 = 0.943268

snt2 = 0.922039

p :=
1 1    0.0233544
1 2   -0.0161552
1 3    0.0644493
2 1    0.0186565
2 2    0.0268916
2 3   -0.0601429
3 1   -0.0243564
3 2    0.0243564
3 3   -0.00495722
;

mf :=
1 1   -0.272414
1 2   -0.0269189
1 3   -0.718692
2 1   -0.346178
2 2   -0.668605
2 3    0.522028
;

mt [*] :=
1   0.548865
2  -0.738655
3  -0.18979
;

phi :=
1 1   0.0715142
1 2   0.0482997
1 3   0.0411764
2 1   0.00913302
2 2   0
2 3   0.000231974
3 1   0.0712027
3 2   0.0480197
3 3   0.0409931
4 1   0.299628
4 2   0.264865
4 3   0.1386
;

l [*,1,*]
:       1           2            3        :=
1   -0.272816   -0.0263195   -0.718536
2    0.232017   -0.779648    -0.914357
3   -0.271209   -0.0287172   -0.719159
4   -0.776844    0.725807    -0.523027

 [*,2,*]
:       1           2           3        :=
1   -0.345668   -0.668382    0.522585
2   -0.987209   -0.948834   -0.178395
3   -0.34771    -0.669275    0.520354
4    0.29485    -0.388377    1.22245

 [*,3,*]
:       1           2           3        :=
1    0.549348   -0.738181   -0.190256
2   -0.057514   -1.33369     0.395151
3    0.547416   -0.740077   -0.188393
4    1.15524    -0.143622   -0.774729
;

W[i,j,k] :=
1 1 1   -0.272816
1 1 2   -0.0263195
1 1 3   -0.718536
2 1 1    0.232017
2 1 2   -0.779648
2 1 3   -0.914357
3 1 1   -0.271209
3 1 2   -0.0287172
3 1 3   -0.719159
4 1 1   -0.776844
4 1 2    0.725807
4 1 3   -0.523027
;

W[i,j,k] :=
1 1 4    0.0133044
1 1 5   -0.000801819
1 1 6   -0.00502207
2 1 4    0.0650194
2 1 5    0.0363076
2 1 6   -0.0144599
3 1 4    0.013469
3 1 5   -0.000683708
3 1 6   -0.00505211
4 1 4   -0.0383282
4 1 5   -0.0378521
4 1 6    0.00440073
;

W[i,j,k] :=
1 2 1   -0.345668
1 2 2   -0.668382
1 2 3    0.522585
2 2 1   -0.987209
2 2 2   -0.948834
2 2 3   -0.178395
3 2 1   -0.34771
3 2 2   -0.669275
3 2 3    0.520354
4 2 1    0.29485
4 2 2   -0.388377
4 2 3    1.22245
;

W[i,j,k] :=
1 2 4   -0.0261453
1 2 5    0.0110399
1 2 6   -0.00317408
2 2 4   -0.061863
2 2 5    0.0627019
2 2 6    0.00884577
3 2 4   -0.026259
3 2 5    0.0112043
3 2 6   -0.00313582
4 2 4    0.00951548
4 2 5   -0.0405397
4 2 6   -0.0151748
;

W[i,j,k] :=
1 3 1    0.549348
1 3 2   -0.738181
1 3 3   -0.190256
2 3 1   -0.057514
2 3 2   -1.33369
2 3 3    0.395151
3 3 1    0.547416
3 3 2   -0.740077
3 3 3   -0.188393
4 3 1    1.15524
4 3 2   -0.143622
4 3 3   -0.774729
;

W[i,j,k] :=
1 3 4   -0.00829328
1 3 5   -0.00735719
1 3 6    0.00459931
2 3 4    0.00301306
2 3 5    0.00990957
2 3 6    0.0338848
3 3 4   -0.0082573
3 3 5   -0.00730224
3 3 6    0.00469252
4 3 4   -0.0195816
4 3 5   -0.0245964
4 3 6   -0.0246394
;

f11 = 8.20333

f12 = 10.6888

f13 = -2.43846

f21 = 5.63305

f22 = 7.55948

f23 = 2.22756

f31 = -1.31868

f32 = 3.48125

f33 = -2.47736

