solve_message = ' \
Ipopt 3.9.1: Converged to a locally infeasible point. Problem may be infeasible.'

Solve time:
_solve_time = 4.10283

Objective:
torque = 2.94805

cnh1 = 0.66617

cnh2 = 0.111252

cnh3 = -0.93193

snh1 = -0.660468

snh2 = 0.356362

snh3 = 0.107269

Hx = 0.00549428

Hy = 0.00934242

Hz = 0.0797943

cnf11 = 0.937158

cnf21 = 0.874224

cnf31 = 0.655338

cnf12 = 0.937158

cnf22 = -0.766

cnf32 = 0

cnt1 = 0.226335

cnt2 = 0.343671

snf11 = 0.0416566

snf21 = 0.340195

snf31 = 0.74544

snf12 = 0.0416566

snf22 = 0.360616

snf32 = 1

snt1 = 0.999094

snt2 = 0.965703

p :=
1 1    0.0118828
1 2    0.0304414
1 3    0.0559764
2 1   -6.43484e-06
2 2   -0.00948705
2 3    0.0639693
3 1   -0.0225328
3 2    0.0239578
3 3    0.0598118
;

mf :=
1 1   -0.175513
1 2    0.0839107
1 3    0.259424
2 1    0.134206
2 2   -0.134173
2 3   -0.269101
;

mt [*] :=
1   0.300739
2  -0.17247
3  -0.108283
;

phi :=
1 1   0.052855
1 2   0.0394882
1 3   0.0537876
2 1   0.048509
2 2   0.0240855
2 3   0.0397011
3 1   0.0528309
3 2   0.039446
3 3   0.0536615
4 1   0.35108
4 2   0.0147029
4 3   0.271733
;

l [*,1,*]
:       1            2           3        :=
1   -0.175306     0.0843723   0.2593
2   -0.435064    -0.495673    0.41448
3   -0.176133     0.0825261   0.259794
4    0.0840365    0.663492    0.104369

 [*,2,*]
:       1           2           3        :=
1    0.13472    -0.133856   -0.268989
2   -0.510965   -0.533385   -0.408888
3    0.132665   -0.135127   -0.269435
4    0.779375    0.265037   -0.129314

 [*,3,*]
:       1           2           3        :=
1    0.300301   -0.17287    -0.108514
2    0.851487    0.330049    0.181665
3    0.302055   -0.17127    -0.10759
4   -0.250006   -0.674987   -0.39823
;

W[i,j,k] :=
1 1 1   -0.175306
1 1 2    0.0843723
1 1 3    0.2593
2 1 1   -0.435064
2 1 2   -0.495673
2 1 3    0.41448
3 1 1   -0.176133
3 1 2    0.0825261
3 1 3    0.259794
4 1 1    0.0840365
4 1 2    0.663492
4 1 3    0.104369
;

W[i,j,k] :=
1 1 4    0.00317062
1 1 5   -0.0128942
1 1 6    0.00633916
2 1 4    0.0403633
2 1 5   -0.0292785
2 1 6    0.00735396
3 1 4    0.003289
3 1 5   -0.0129464
3 1 6    0.00634239
4 1 4   -0.0339627
4 1 5    0.00346386
4 1 6    0.00532598
;

W[i,j,k] :=
1 2 1    0.13472
1 2 2   -0.133856
1 2 3   -0.268989
2 2 1   -0.510965
2 2 2   -0.533385
2 2 3   -0.408888
3 2 1    0.132665
3 2 2   -0.135127
3 2 3   -0.269435
4 2 1    0.779375
4 2 2    0.265037
4 2 3   -0.129314
;

W[i,j,k] :=
1 2 4    0.0111146
1 2 5    0.0086162
1 2 6    0.00127895
2 2 4    0.0379995
2 2 5   -0.0326887
2 2 6   -0.00484412
3 2 4    0.0112001
3 2 5    0.00848473
3 2 6    0.00125947
4 2 4   -0.0157274
4 2 5    0.0498552
4 2 6    0.00739226
;

W[i,j,k] :=
1 3 1    0.300301
1 3 2   -0.17287
1 3 3   -0.108514
2 3 1    0.851487
2 3 2    0.330049
2 3 3    0.181665
3 3 1    0.302055
3 3 2   -0.17127
3 3 3   -0.10759
4 3 1   -0.250006
4 3 2   -0.674987
4 3 3   -0.39823
;

W[i,j,k] :=
1 3 4    0.00773993
1 3 5    0.0155164
1 3 6   -0.00329929
2 3 4   -0.0153885
2 3 5    0.0550223
2 3 6   -0.0278366
3 3 4    0.00766631
3 3 5    0.0156421
3 3 6   -0.00337739
4 3 4    0.0308315
4 3 5   -0.0239265
4 3 6    0.0211989
;

f11 = -0.0811905

f12 = 10.4087

f13 = -1.79115

f21 = -0.669375

f22 = 5.9887

f23 = 4.75544

f31 = 2.49977

f32 = 4.21171

f33 = 2.28454

