solve_message = ' \
Ipopt 3.9.1: Optimal Solution Found'

Solve time:
_solve_time = 4.33683

Objective:
torque = 2.75893

cnh1 = 0.887103

cnh2 = 0.243126

cnh3 = -1.03198

snh1 = 0.305042

snh2 = 1.03079

snh3 = -0.238793

Hx = 0.0774716

Hy = 0.00496398

Hz = 0.0581086

cnf11 = 0.937867

cnf21 = 0.780579

cnf31 = 0.603058

cnf12 = 0.937867

cnf22 = 0.820587

cnf32 = 0.569828

cnt1 = 0.36028

cnt2 = 0.366941

snf11 = 0

snf21 = 0.520284

snf31 = 0.787096

snf12 = 0

snf22 = 0.656118

snf32 = 0.831072

snt1 = 0.996091

snt2 = 0.968611

p :=
1 1    0.0110875
1 2    0.0254505
1 3   -0.0624212
2 1   -0.00235273
2 2   -0.0222783
2 3   -0.06371
3 1   -0.0311805
3 2   -0.0082783
3 3    0.0571872
;

mf :=
1 1   -0.251778
1 2   -0.0529377
1 3    0.883011
2 1   -0.132551
2 2   -0.0857531
2 3    1.03898
;

mt [*] :=
1   1.00046
2   0.146788
3  -0.527571
;

phi :=
1 1   0.0646157
1 2   0.0507367
1 3   0.0819758
2 1   0.0185435
2 2   0.0106113
2 3   0.0192829
3 1   0.0644123
3 2   0.0505628
3 3   0.0816719
4 1   0.168994
4 2   0.136331
4 3   0.2829
;

l [*,1,*]
:       1           2           3        :=
1   -0.252426   -0.0524096   0.882846
2    0.561876   -0.716119    1.08976
3   -0.249834   -0.0545221   0.883505
4   -1.06543     0.610241    0.676258

 [*,2,*]
:       1           2           3        :=
1   -0.133305   -0.0852424   1.03891
2    0.814341   -0.727044    1.13073
3   -0.130289   -0.0872851   1.0392
4   -1.07944     0.555536    0.947236

 [*,3,*]
:      1           2           3        :=
1   1.00017     0.146145   -0.528269
2   1.36066     0.954222    0.348892
3   1.00132     0.148717   -0.525477
4   0.640262   -0.660643   -1.40403
;

W[i,j,k] :=
1 1 1   -0.252426
1 1 2   -0.0524096
1 1 3    0.882846
2 1 1    0.561876
2 1 2   -0.716119
2 1 3    1.08976
3 1 1   -0.249834
3 1 2   -0.0545221
3 1 3    0.883505
4 1 1   -1.06543
4 1 2    0.610241
4 1 3    0.676258
;

W[i,j,k] :=
1 1 4    0.0191974
1 1 5    0.00596816
1 1 6    0.00584328
2 1 4   -0.0169659
2 1 5   -0.0471558
2 1 6   -0.02224
3 1 4    0.0190823
3 1 5    0.00579908
3 1 6    0.0057539
4 1 4    0.0553031
4 1 5    0.0590073
4 1 6    0.0338818
;

W[i,j,k] :=
1 2 1   -0.133305
1 2 2   -0.0852424
1 2 3    1.03891
2 2 1    0.814341
2 2 2   -0.727044
2 2 3    1.13073
3 2 1   -0.130289
3 2 2   -0.0872851
3 2 3    1.0392
4 2 1   -1.07944
4 2 2    0.555536
4 2 3    0.947236
;

W[i,j,k] :=
1 2 4   -0.028576
1 2 5    0.0109372
1 2 6   -0.00276927
2 2 4   -0.0715108
2 2 5   -0.0492213
2 2 6    0.0198527
3 2 4   -0.0287127
3 2 5    0.0107457
3 2 6   -0.00269727
4 2 4    0.0142903
4 2 5    0.0709997
4 2 6   -0.0253551
;

W[i,j,k] :=
1 3 1    1.00017
1 3 2    0.146145
1 3 3   -0.528269
2 3 1    1.36066
2 3 2    0.954222
2 3 3    0.348892
3 3 1    1.00132
3 3 2    0.148717
3 3 3   -0.525477
4 3 1    0.640262
4 3 2   -0.660643
4 3 3   -1.40403
;

W[i,j,k] :=
1 3 4   -0.00398446
1 3 5    0.0407253
1 3 6    0.00372284
2 3 4   -0.0574575
2 3 5    0.0886907
2 3 6   -0.0184892
3 3 4   -0.00415465
3 3 5    0.040878
3 3 6    0.00365215
4 3 4    0.0494033
4 3 5   -0.00716357
4 3 6    0.0258995
;

f11 = 3.75438

f12 = 4.72151

f13 = -0.540347

f21 = -1.62481

f22 = 1.98515

f23 = 0.0458877

f31 = 6.92433

f32 = 8.64766

f33 = -0.184443

