solve_message = ' \
Ipopt 3.9.1: Optimal Solution Found'

Solve time:
_solve_time = 4.32123

Objective:
torque = 2.98712

cnh1 = 0.305888

cnh2 = -0.576789

cnh3 = 0.934345

snh1 = -0.886812

snh2 = 0.739808

snh3 = 0.0839799

Hx = -0.00521501

Hy = 0.0428339

Hz = 0.0384016

cnf11 = 0.938077

cnf21 = 0.626916

cnf31 = 0.540096

cnf12 = 0.938077

cnf22 = 0.613188

cnf32 = 0.481295

cnt1 = 0.351907

cnt2 = 0.357198

snf11 = 0.00362778

snf21 = 0.697838

snf31 = 0.828961

snf12 = 0.00362778

snf22 = 0.863711

snf32 = 0.891684

snt1 = 0.999075

snt2 = 0.977684

p :=
1 1   -0.0264641
1 2    0.0139386
1 3   -0.0635752
2 1    0.0207984
2 2    0.00910953
2 3   -0.06368
3 1    0.0125793
3 2   -0.0332042
3 3    0.000355915
;

mf :=
1 1    0.118293
1 2   -0.276247
1 3    0.751352
2 1    0.0912729
2 2   -0.15923
2 3    0.924125
;

mt [*] :=
1  -0.240235
2   0.902095
3  -0.059884
;

phi :=
1 1   0.0584619
1 2   0.0303064
1 3   0.0485716
2 1   0.0016929
2 2   0
2 3   0
3 1   0.0581808
3 2   0.0301145
3 3   0.0482483
4 1   0.257965
4 2   0.142493
4 3   0.370422
;

l [*,1,*]
:       1           2          3        :=
1    0.117891   -0.276824   0.75118
2    0.623271    0.448407   0.966254
3    0.119499   -0.274516   0.751865
4   -0.386684   -1.0009     0.53645

 [*,2,*]
:       1            2          3        :=
1    0.0908991   -0.159904   0.924032
2    0.56068      0.68686    1.04107
3    0.0923943   -0.157209   0.924404
4   -0.378133    -1.00532    0.807179

 [*,3,*]
:       1          2           3         :=
1   -0.23973    0.902234   -0.0605566
2   -0.874984   0.727399    0.784766
3   -0.241752   0.901677   -0.0578661
4    0.394511   1.07679    -0.904531
;

W[i,j,k] :=
1 1 1    0.117891
1 1 2   -0.276824
1 1 3    0.75118
2 1 1    0.623271
2 1 2    0.448407
2 1 3    0.966254
3 1 1    0.119499
3 1 2   -0.274516
3 1 3    0.751865
4 1 1   -0.386684
4 1 2   -1.0009
4 1 3    0.53645
;

W[i,j,k] :=
1 1 4   -0.00712876
1 1 5    0.0123844
1 1 6    0.00568268
2 1 4    0.0419758
2 1 5   -0.0140535
2 1 6   -0.0205542
3 1 4   -0.00697247
3 1 5    0.0123003
3 1 6    0.00559918
4 1 4   -0.056155
4 1 5    0.0387802
4 1 6    0.0318778
;

W[i,j,k] :=
1 2 1    0.0908991
1 2 2   -0.159904
1 2 3    0.924032
2 2 1    0.56068
2 2 2    0.68686
2 2 3    1.04107
3 2 1    0.0923943
3 2 2   -0.157209
3 2 3    0.924404
4 2 1   -0.378133
4 2 2   -1.00532
4 2 3    0.807179
;

W[i,j,k] :=
1 2 4   -0.00176517
1 2 5   -0.0250069
1 2 6   -0.00415379
2 2 4    0.0532229
2 2 5   -0.0573568
2 2 6    0.00917807
3 2 4   -0.00159016
3 2 5   -0.0251098
3 2 6   -0.00411136
4 2 4   -0.0566655
4 2 5    0.00729145
4 2 6   -0.0174644
;

W[i,j,k] :=
1 3 1   -0.23973
1 3 2    0.902234
1 3 3   -0.0605566
2 3 1   -0.874984
2 3 2    0.727399
2 3 3    0.784766
3 3 1   -0.241752
3 3 2    0.901677
3 3 3   -0.0578661
4 3 1    0.394511
4 3 2    1.07679
4 3 3   -0.904531
;

W[i,j,k] :=
1 3 4    0.00168962
1 3 5    0.000676436
1 3 6    0.00338946
2 3 4   -0.0263165
2 3 5   -0.0101833
2 3 6   -0.019903
3 3 4    0.00160048
3 3 5    0.000641872
3 3 6    0.00331533
4 3 4    0.029651
4 3 5    0.0115188
4 3 6    0.0266447
;

f11 = 5.94844

f12 = 7.42526

f13 = -0.14787

f21 = -0.353531

f22 = 0

f23 = -0.0375468

f31 = 6.45087

f32 = 8.05232

f33 = -0.0602985

