solve_message = ' \
Ipopt 3.9.1: Optimal Solution Found'

Solve time:
_solve_time = 40.8255

Objective:
torque = 5.10162

cnh1 = -0.67334

cnh2 = 0.933402

cnh3 = -0.335738

snh1 = 0.653157

snh2 = 0.0935949

snh3 = 0.875945

Hx = -0.0539589

Hy = -0.0456753

Hz = 0.038885

cnf11 = 0.296874

cnf21 = 0.598714

cnf31 = 0.530005

cnf12 = 0.296874

cnf22 = 0.376899

cnf32 = 0.460041

cnt1 = 0.461775

cnt2 = 0.420926

snf11 = 0.889869

snf21 = 0.722178

snf31 = 0.83485

snf12 = 0.889869

snf22 = 0.859038

snf32 = 0.868664

snt1 = 0.953291

snt2 = 0.929356

p :=
1 1   -0.0260643
1 2   -0.00396123
1 3   -0.065148
2 1    0.00390645
2 2    0.0316494
2 3    0.0580567
3 1    0.0332555
3 2   -0.00897445
3 3    0.00930577
;

mf :=
1 1    0.124114
1 2   -0.102717
1 3    0.756166
2 1   -0.310536
2 2   -0.63668
2 3   -0.326143
;

mt [*] :=
1  -0.932218
2   0.112569
3   0.139001
;

phi :=
1 1   0.0685632
1 2   0.0574988
1 3   0.0385504
2 1   0.00776459
2 2   0
2 3   0
3 1   0.0682737
3 2   0.0572156
3 3   0.0383697
4 1   0.28364
4 2   0.274615
4 3   0.135255
;

l [*,1,*]
:       1           2           3        :=
1    0.124834   -0.102783    0.756026
2   -0.779234   -0.0197509   0.932411
3    0.121956   -0.102519    0.756587
4    1.02746    -0.185682    0.579922

 [*,2,*]
:       1           2           3        :=
1   -0.310636   -0.636282   -0.326751
2   -0.185698   -1.13641     0.436505
3   -0.310238   -0.637873   -0.324321
4   -0.435374   -0.136955   -1.08879

 [*,3,*]
:       1           2           3        :=
1   -0.932076    0.113317    0.139315
2   -1.10991    -0.826615   -0.255115
3   -0.932642    0.110325    0.13806
4   -0.75453     1.05175     0.533117
;

W[i,j,k] :=
1 1 1    0.124834
1 1 2   -0.102783
1 1 3    0.756026
2 1 1   -0.779234
2 1 2   -0.0197509
2 1 3    0.932411
3 1 1    0.121956
3 1 2   -0.102519
3 1 3    0.756587
4 1 1    1.02746
4 1 2   -0.185682
4 1 3    0.579922
;

W[i,j,k] :=
1 1 4   -0.0096909
1 1 5    0.0115726
1 1 6    0.00317346
2 1 4   -0.00498023
2 1 5    0.0750682
2 1 6   -0.00257193
3 1 4   -0.0096759
3 1 5    0.0117747
3 1 6    0.00315517
4 1 4   -0.014394
4 1 5   -0.0518217
4 1 6    0.00890968
;

W[i,j,k] :=
1 2 1   -0.310636
1 2 2   -0.636282
1 2 3   -0.326751
2 2 1   -0.185698
2 2 2   -1.13641
2 2 3    0.436505
3 2 1   -0.310238
3 2 2   -0.637873
3 2 3   -0.324321
4 2 1   -0.435374
4 2 2   -0.136955
4 2 3   -1.08879
;

W[i,j,k] :=
1 2 4    0.0265989
1 2 5   -0.016758
1 2 6    0.00734584
2 2 4    0.079791
2 2 5   -0.0124862
2 2 6    0.00143793
3 2 4    0.0267682
3 2 5   -0.0167444
3 2 6    0.00732704
4 2 4   -0.0265084
4 2 5   -0.0210231
4 2 6    0.0132443
;

W[i,j,k] :=
1 3 1   -0.932076
1 3 2    0.113317
1 3 3    0.139315
2 3 1   -1.10991
2 3 2   -0.826615
2 3 3   -0.255115
3 3 1   -0.932642
3 3 2    0.110325
3 3 3    0.13806
4 3 1   -0.75453
4 3 2    1.05175
4 3 3    0.533117
;

W[i,j,k] :=
1 3 4   -0.00230478
1 3 5   -0.0133067
1 3 6   -0.00459646
2 3 4    0.00998181
2 3 5   -0.00184454
2 3 6   -0.0374503
3 3 4   -0.00226567
3 3 5   -0.0132702
3 3 6   -0.00470103
4 3 4   -0.0145718
4 3 5   -0.0247505
4 3 6    0.028205
;

f11 = 4.01201

f12 = 7.60137

f13 = 4.58295

f21 = 6.84873

f22 = 8.81779

f23 = -1.72543

f31 = 7.02059

f32 = 8.77771

f33 = -0.377003

