solve_message = ' \
Ipopt 3.9.1: Optimal Solution Found'

Solve time:
_solve_time = 32.0582

Objective:
torque = 3.64537

cnh1 = -0.907857

cnh2 = -0.935825

cnh3 = -0.215773

snh1 = 0.236212

snh2 = 0.0650434

snh3 = 0.91293

Hx = -0.0146559

Hy = -0.0711959

Hz = -0.0287639

cnf11 = 0.271014

cnf21 = 0.59139

cnf31 = 0.527438

cnf12 = 0.271014

cnf22 = 0.471173

cnf32 = 0.424897

cnt1 = 0.460085

cnt2 = 0.427121

snf11 = 0.898082

snf21 = 0.728188

snf31 = 0.836311

snf12 = 0.898082

snf22 = 0.948681

snf32 = 0.92682

snt1 = 0.94341

snt2 = 0.922139

p :=
1 1    0.0233521
1 2   -0.0161562
1 3    0.0644499
2 1    0.0186553
2 2    0.0268922
2 3   -0.0601433
3 1   -0.0243564
3 2    0.0243564
3 3   -0.00495537
;

mf :=
1 1   -0.272481
1 2   -0.0269427
1 3   -0.718668
2 1   -0.346232
2 2   -0.668567
2 3    0.522026
;

mt [*] :=
1   0.548991
2  -0.738781
3  -0.18979
;

phi :=
1 1   0.0716006
1 2   0.0482951
1 3   0.0411363
2 1   0.00920072
2 2   0
2 3   0.000122692
3 1   0.0712891
3 2   0.048015
3 3   0.0409526
4 1   0.299489
4 2   0.264954
4 3   0.138622
;

l [*,1,*]
:       1           2            3        :=
1   -0.272882   -0.0263434   -0.718512
2    0.232096   -0.779553    -0.914413
3   -0.271275   -0.0287407   -0.719135
4   -0.777055    0.725665    -0.522924

 [*,2,*]
:       1           2           3        :=
1   -0.345722   -0.668343    0.522584
2   -0.987061   -0.948955   -0.178525
3   -0.347763   -0.669236    0.520352
4    0.294595   -0.388179    1.22257

 [*,3,*]
:       1            2           3        :=
1    0.549474    -0.738307   -0.190256
2   -0.0575182   -1.33391     0.395098
3    0.547542    -0.740203   -0.188393
4    1.1555      -0.143656   -0.774676
;

W[i,j,k] :=
1 1 1   -0.272882
1 1 2   -0.0263434
1 1 3   -0.718512
2 1 1    0.232096
2 1 2   -0.779553
2 1 3   -0.914413
3 1 1   -0.271275
3 1 2   -0.0287407
3 1 3   -0.719135
4 1 1   -0.777055
4 1 2    0.725665
4 1 3   -0.522924
;

W[i,j,k] :=
1 1 4    0.0133063
1 1 5   -0.000808499
1 1 6   -0.00502392
2 1 4    0.0650156
2 1 5    0.036312
2 1 6   -0.0144544
3 1 4    0.0134709
3 1 5   -0.000690353
3 1 6   -0.00505394
4 1 4   -0.0383206
4 1 5   -0.0378698
4 1 6    0.00439152
;

W[i,j,k] :=
1 2 1   -0.345722
1 2 2   -0.668343
1 2 3    0.522584
2 2 1   -0.987061
2 2 2   -0.948955
2 2 3   -0.178525
3 2 1   -0.347763
3 2 2   -0.669236
3 2 3    0.520352
4 2 1    0.294595
4 2 2   -0.388179
4 2 3    1.22257
;

W[i,j,k] :=
1 2 4   -0.0261429
1 2 5    0.0110439
1 2 6   -0.00317096
2 2 4   -0.0618742
2 2 5    0.0626956
2 2 6    0.00884114
3 2 4   -0.0262567
3 2 5    0.0112083
3 2 6   -0.00313273
4 2 4    0.00953134
4 2 5   -0.0405255
4 2 6   -0.0151639
;

W[i,j,k] :=
1 3 1    0.549474
1 3 2   -0.738307
1 3 3   -0.190256
2 3 1   -0.0575182
2 3 2   -1.33391
2 3 3    0.395098
3 3 1    0.547542
3 3 2   -0.740203
3 3 3   -0.188393
4 3 1    1.1555
4 3 2   -0.143656
4 3 3   -0.774676
;

W[i,j,k] :=
1 3 4   -0.00829254
1 3 5   -0.0073568
1 3 6    0.0045993
2 3 4    0.00301316
2 3 5    0.00990819
2 3 6    0.0338902
3 3 4   -0.00825655
3 3 5   -0.00730185
3 3 6    0.00469253
4 3 4   -0.0195802
4 3 5   -0.0245942
4 3 6   -0.0246448
;

f11 = 8.20384

f12 = 10.6906

f13 = -2.44158

f21 = 5.63288

f22 = 7.56046

f23 = 2.23011

f31 = -1.31855

f32 = 3.48069

f33 = -2.47693

