solve_message = ' \
Ipopt 3.9.1: Optimal Solution Found'

Solve time:
_solve_time = 2.29321

Objective:
torque = 3.42136

cnh1 = -0.653333

cnh2 = -0.480177

cnh3 = -0.938071

snh1 = 0.673169

snh2 = 0.805872

snh3 = 0.00487368

Hx = -0.0566055

Hy = 0.0578799

Hz = -0.0124497

cnf11 = 0.937603

cnf21 = 0.816459

cnf31 = 0.620891

cnf12 = 0.937603

cnf22 = 0.816161

cnf32 = 0.620781

cnt1 = 0.440186

cnt2 = 0.411537

snf11 = 0

snf21 = 0.462138

snf31 = 0.773637

snf12 = 0

snf22 = 0.462473

snf32 = 0.773705

snt1 = 0.963449

snt2 = 0.935452

p :=
1 1    0.00228089
1 2   -0.0296164
1 3   -0.0611162
2 1    0.0294974
2 2   -0.00296811
2 3   -0.061168
3 1   -0.0154404
3 2    0.0161561
3 3    0.0637151
;

mf :=
1 1   -0.213246
1 2    0.185874
1 3    0.761431
2 1   -0.178852
2 2    0.220086
2 3    0.761035
;

mt [*] :=
1  -0.104456
2   0.1029
3  -0.975727
;

phi :=
1 1   0.0662004
1 2   0.0677678
1 3   0.100782
2 1   0.0337679
2 2   0.0360527
2 3   0.0486611
3 1   0.0660722
3 2   0.0676434
3 3   0.100559
4 1   0.119284
4 2   0.11866
4 3   0.208919
;

l [*,1,*]
:       1           2          3        :=
1   -0.213295    0.185177   0.761609
2   -0.15181     1.06097    0.538328
3   -0.2131      0.187965   0.760898
4   -0.274682   -0.689213   0.984533

 [*,2,*]
:       1            2          3        :=
1   -0.178917     0.219398   0.761244
2   -0.0977115    1.08392    0.498889
3   -0.178658     0.22215    0.760409
4   -0.259992    -0.643745   1.02318

 [*,3,*]
:       1           2           3        :=
1   -0.103655   0.102883    -0.975866
2   -1.1098     0.123699    -0.800864
3   -0.106857   0.10295     -0.975309
4    0.900881   0.0821004   -1.15059
;

W[i,j,k] :=
1 1 1   -0.213295
1 1 2    0.185177
1 1 3    0.761609
2 1 1   -0.15181
2 1 2    1.06097
2 1 3    0.538328
3 1 1   -0.2131
3 1 2    0.187965
3 1 3    0.760898
4 1 1   -0.274682
4 1 2   -0.689213
4 1 3    0.984533
;

W[i,j,k] :=
1 1 4   -0.0112388
1 1 5    0.0112986
1 1 6   -0.00589466
2 1 4    0.0488988
2 1 5    0.00805018
2 1 6   -0.00207612
3 1 4   -0.0110473
3 1 5    0.0112883
3 1 6   -0.00588251
4 1 4   -0.0712804
4 1 5    0.0145419
4 1 6   -0.00970711
;

W[i,j,k] :=
1 2 1   -0.178917
1 2 2    0.219398
1 2 3    0.761244
2 2 1   -0.0977115
2 2 2    1.08392
2 2 3    0.498889
3 2 1   -0.178658
3 2 2    0.22215
3 2 3    0.760409
4 2 1   -0.259992
4 2 2   -0.643745
4 2 3    1.02318
;

W[i,j,k] :=
1 2 4    0.0111607
1 2 5   -0.0115108
1 2 6    0.00594064
2 2 4    0.0648205
2 2 5   -0.00873912
2 2 6    0.0316829
3 2 4    0.0113315
3 2 5   -0.0115019
3 2 6    0.00602257
4 2 4   -0.0424135
4 2 5   -0.014278
4 2 6   -0.0197605
;

W[i,j,k] :=
1 3 1   -0.103655
1 3 2    0.102883
1 3 3   -0.975866
2 3 1   -1.1098
2 3 2    0.123699
2 3 3   -0.800864
3 3 1   -0.106857
3 3 2    0.10295
3 3 3   -0.975309
4 3 1    0.900881
4 3 2    0.0821004
4 3 3   -1.15059
;

W[i,j,k] :=
1 3 4   -0.0223214
1 3 5   -0.0216721
1 3 6    8.61075e-05
2 3 4   -0.0208204
2 3 5   -0.0830764
2 3 6    0.01602
3 3 4   -0.0223166
3 3 5   -0.0218675
3 3 6    0.000136822
4 3 4   -0.0238201
4 3 5    0.0396342
4 3 6   -0.0158224
;

f11 = 3.86462

f12 = 7.02219

f13 = -4.09192

f21 = -3.78417

f22 = 4.82113

f23 = 0.82204

f31 = 7.00176

f32 = 11.5946

f33 = -2.90563

