solve_message = ' \
Ipopt 3.9.1: Optimal Solution Found'

Solve time:
_solve_time = 6.19324

Objective:
torque = 3.64537

cnh1 = 0.907807

cnh2 = -0.935818

cnh3 = -0.215747

snh1 = -0.236402

snh2 = 0.0651451

snh3 = 0.912937

Hx = 0.0146615

Hy = 0.0711892

Hz = -0.0287655

cnf11 = 0.270796

cnf21 = 0.591393

cnf31 = 0.527439

cnf12 = 0.270796

cnf22 = 0.471103

cnf32 = 0.424867

cnt1 = 0.460054

cnt2 = 0.427225

snf11 = 0.898148

snf21 = 0.728185

snf31 = 0.836311

snf12 = 0.898148

snf22 = 0.948716

snf32 = 0.926839

snt1 = 0.943236

snt2 = 0.922017

p :=
1 1   -0.0233549
1 2    0.0161549
1 3    0.0644492
2 1   -0.0186567
2 2   -0.0268915
2 3   -0.0601428
3 1    0.0243564
3 2   -0.0243564
3 3   -0.00495763
;

mf :=
1 1    0.272399
1 2    0.0269138
1 3   -0.718697
2 1    0.346165
2 2    0.668614
2 3    0.522028
;

mt [*] :=
1  -0.548837
2   0.738627
3  -0.18979
;

phi :=
1 1   0.071469
1 2   0.0483269
1 3   0.0411518
2 1   0.00911582
2 2   0
2 3   0.000271643
3 1   0.0711576
3 2   0.0480468
3 3   0.0409687
4 1   0.299668
4 2   0.2648
4 3   0.138664
;

l [*,1,*]
:       1           2            3        :=
1    0.272801    0.0263143   -0.718542
2   -0.232       0.77967     -0.914344
3    0.271194    0.0287121   -0.719165
4    0.776797   -0.725839    -0.523051

 [*,2,*]
:       1          2           3        :=
1    0.345655   0.668391    0.522586
2    0.987242   0.948808   -0.178365
3    0.347697   0.669284    0.520355
4   -0.294909   0.388422    1.22242

 [*,3,*]
:       1           2           3        :=
1   -0.549319    0.738153   -0.190256
2    0.0575128   1.33364     0.395163
3   -0.547388    0.740048   -0.188393
4   -1.15518     0.143614   -0.774741
;

W[i,j,k] :=
1 1 1    0.272801
1 1 2    0.0263143
1 1 3   -0.718542
2 1 1   -0.232
2 1 2    0.77967
2 1 3   -0.914344
3 1 1    0.271194
3 1 2    0.0287121
3 1 3   -0.719165
4 1 1    0.776797
4 1 2   -0.725839
4 1 3   -0.523051
;

W[i,j,k] :=
1 1 4   -0.0133039
1 1 5    0.000800308
1 1 6   -0.00502164
2 1 4   -0.0650202
2 1 5   -0.0363067
2 1 6   -0.0144612
3 1 4   -0.0134685
3 1 5    0.000682205
3 1 6   -0.00505169
4 1 4    0.0383299
4 1 5    0.0378481
4 1 6    0.00440284
;

W[i,j,k] :=
1 2 1    0.345655
1 2 2    0.668391
1 2 3    0.522586
2 2 1    0.987242
2 2 2    0.948808
2 2 3   -0.178365
3 2 1    0.347697
3 2 2    0.669284
3 2 3    0.520355
4 2 1   -0.294909
4 2 2    0.388422
4 2 3    1.22242
;

W[i,j,k] :=
1 2 4    0.0261458
1 2 5   -0.0110389
1 2 6   -0.00317477
2 2 4    0.0618605
2 2 5   -0.0627032
2 2 6    0.00884687
3 2 4    0.0262595
3 2 5   -0.0112034
3 2 6   -0.0031365
4 2 4   -0.00951193
4 2 5    0.0405429
4 2 6   -0.0151772
;

W[i,j,k] :=
1 3 1   -0.549319
1 3 2    0.738153
1 3 3   -0.190256
2 3 1    0.0575128
2 3 2    1.33364
2 3 3    0.395163
3 3 1   -0.547388
3 3 2    0.740048
3 3 3   -0.188393
4 3 1   -1.15518
4 3 2    0.143614
4 3 3   -0.774741
;

W[i,j,k] :=
1 3 4    0.00829345
1 3 5    0.00735728
1 3 6    0.00459931
2 3 4   -0.00301305
2 3 5   -0.00990989
2 3 6    0.0338835
3 3 4    0.00825746
3 3 5    0.00730232
3 3 6    0.00469251
4 3 4    0.0195819
4 3 5    0.0245969
4 3 6   -0.0246382
;

f11 = 8.20322

f12 = 10.6884

f13 = -2.43775

f21 = 5.63309

f22 = 7.55925

f23 = 2.22698

f31 = -1.31871

f32 = 3.48138

f33 = -2.47746

