solve_message = ' \
Ipopt 3.9.1: Optimal Solution Found'

Solve time:
_solve_time = 22.4953

Objective:
torque = 3.64537

cnh1 = 0.236303

cnh2 = -0.935822

cnh3 = -0.215761

snh1 = 0.907833

snh2 = 0.0650921

snh3 = 0.912933

Hx = -0.0711927

Hy = 0.0146586

Hz = -0.0287647

cnf11 = 0.27091

cnf21 = 0.591392

cnf31 = 0.527439

cnf12 = 0.27091

cnf22 = 0.471139

cnf32 = 0.424883

cnt1 = 0.460071

cnt2 = 0.427171

snf11 = 0.898114

snf21 = 0.728187

snf31 = 0.836311

snf12 = 0.898114

snf22 = 0.948698

snf32 = 0.926829

snt1 = 0.943326

snt2 = 0.92208

p :=
1 1   -0.0161556
1 2   -0.0233534
1 3    0.0644496
2 1    0.0268919
2 2   -0.018656
2 3   -0.0601431
3 1    0.0243564
3 2    0.0243564
3 3   -0.00495645
;

mf :=
1 1   -0.0269288
1 2    0.272442
1 3   -0.718682
2 1   -0.668589
2 2    0.3462
2 3    0.522027
;

mt [*] :=
1  -0.738707
2  -0.548917
3  -0.18979
;

phi :=
1 1   0.0715312
1 2   0.0482956
1 3   0.0411811
2 1   0.00914109
2 2   0
2 3   0.000205217
3 1   0.0712197
3 2   0.0480155
3 3   0.0409976
4 1   0.299599
4 2   0.264875
4 3   0.138606
;

l [*,1,*]
:       1            2           3        :=
1   -0.0263295    0.272843   -0.718526
2   -0.779609    -0.23205    -0.91438
3   -0.028727     0.271236   -0.719149
4    0.725749     0.776931   -0.522985

 [*,2,*]
:       1           2           3        :=
1   -0.668366    0.34569     0.522585
2   -0.948885    0.987148   -0.178448
3   -0.669259    0.347731    0.520354
4   -0.388295   -0.294745    1.2225

 [*,3,*]
:       1           2            3        :=
1   -0.738233   -0.5494      -0.190256
2   -1.33378     0.0575156    0.395129
3   -0.740129   -0.547468    -0.188393
4   -0.143636   -1.15535     -0.774707
;

W[i,j,k] :=
1 1 1   -0.0263295
1 1 2    0.272843
1 1 3   -0.718526
2 1 1   -0.779609
2 1 2   -0.23205
2 1 3   -0.91438
3 1 1   -0.028727
3 1 2    0.271236
3 1 3   -0.719149
4 1 1    0.725749
4 1 2    0.776931
4 1 3   -0.522985
;

W[i,j,k] :=
1 1 4   -0.000804576
1 1 5   -0.0133051
1 1 6   -0.00502283
2 1 4    0.0363094
2 1 5   -0.0650178
2 1 6   -0.0144577
3 1 4   -0.00068645
3 1 5   -0.0134697
3 1 6   -0.00505286
4 1 4   -0.0378594
4 1 5    0.038325
4 1 6    0.00439694
;

W[i,j,k] :=
1 2 1   -0.668366
1 2 2    0.34569
1 2 3    0.522585
2 2 1   -0.948885
2 2 2    0.987148
2 2 3   -0.178448
3 2 1   -0.669259
3 2 2    0.347731
3 2 3    0.520354
4 2 1   -0.388295
4 2 2   -0.294745
4 2 3    1.2225
;

W[i,j,k] :=
1 2 4    0.0110415
1 2 5    0.0261443
1 2 6   -0.00317279
2 2 4    0.0626992
2 2 5    0.0618676
2 2 6    0.00884387
3 2 4    0.0112059
3 2 5    0.026258
3 2 6   -0.00313454
4 2 4   -0.0405338
4 2 5   -0.00952204
4 2 6   -0.0151703
;

W[i,j,k] :=
1 3 1   -0.738233
1 3 2   -0.5494
1 3 3   -0.190256
2 3 1   -1.33378
2 3 2    0.0575156
2 3 3    0.395129
3 3 1   -0.740129
3 3 2   -0.547468
3 3 3   -0.188393
4 3 1   -0.143636
4 3 2   -1.15535
4 3 3   -0.774707
;

W[i,j,k] :=
1 3 4   -0.00735703
1 3 5    0.00829297
1 3 6    0.00459931
2 3 4    0.009909
2 3 5   -0.0030131
2 3 6    0.033887
3 3 4   -0.00730208
3 3 5    0.00825699
3 3 6    0.00469252
4 3 4   -0.0245955
4 3 5    0.019581
4 3 6   -0.0246417
;

f11 = 8.20354

f12 = 10.6895

f13 = -2.43975

f21 = 5.63298

f22 = 7.55988

f23 = 2.22861

f31 = -1.31863

f32 = 3.48102

f33 = -2.47718

