solve_message = ' \
Ipopt 3.9.1: Optimal Solution Found'

Solve time:
_solve_time = 3.57242

Objective:
torque = 3.4214

cnh1 = -0.673134

cnh2 = -0.480179

cnh3 = -0.938073

snh1 = -0.65337

snh2 = 0.805872

snh3 = 0.00485682

Hx = -0.0578775

Hy = -0.0566079

Hz = -0.0124499

cnf11 = 0.937604

cnf21 = 0.816459

cnf31 = 0.620891

cnf12 = 0.937604

cnf22 = 0.816162

cnf32 = 0.620782

cnt1 = 0.440186

cnt2 = 0.411538

snf11 = 0

snf21 = 0.462138

snf31 = 0.773637

snf12 = 0

snf22 = 0.462472

snf32 = 0.773705

snt1 = 0.963448

snt2 = 0.935451

p :=
1 1    0.0296161
1 2    0.00228253
1 3   -0.0611163
2 1    0.00296725
2 2    0.0294976
2 3   -0.0611679
3 1   -0.0161549
3 2   -0.0154417
3 3    0.0637151
;

mf :=
1 1   -0.18586
1 2   -0.213261
1 3    0.76143
2 1   -0.220077
2 2   -0.178864
2 3    0.761036
;

mt [*] :=
1  -0.1029
2  -0.104451
3  -0.975726
;

phi :=
1 1   0.066201
1 2   0.0677678
1 3   0.100782
2 1   0.0337638
2 2   0.036055
2 3   0.0486603
3 1   0.0660728
3 2   0.0676435
3 3   0.100558
4 1   0.119294
4 2   0.118652
4 3   0.208919
;

l [*,1,*]
:       1           2          3        :=
1   -0.185163   -0.21331    0.761608
2   -1.06096    -0.151858   0.538334
3   -0.187951   -0.213115   0.760897
4    0.689234   -0.274664   0.984526

 [*,2,*]
:       1           2          3        :=
1   -0.219389   -0.178928   0.761244
2   -1.08392    -0.097754   0.498893
3   -0.222141   -0.17867    0.760409
4    0.643761   -0.259973   1.02318

 [*,3,*]
:       1            2           3        :=
1   -0.102884    -0.103651   -0.975865
2   -0.123659    -1.10979    -0.800873
3   -0.10295     -0.106853   -0.975308
4   -0.0821419    0.900887   -1.15058
;

W[i,j,k] :=
1 1 1   -0.185163
1 1 2   -0.21331
1 1 3    0.761608
2 1 1   -1.06096
2 1 2   -0.151858
2 1 3    0.538334
3 1 1   -0.187951
3 1 2   -0.213115
3 1 3    0.760897
4 1 1    0.689234
4 1 2   -0.274664
4 1 3    0.984526
;

W[i,j,k] :=
1 1 4   -0.0112984
1 1 5   -0.0112394
1 1 6   -0.00589478
2 1 4   -0.00805225
2 1 5    0.0488985
2 1 6   -0.00207578
3 1 4   -0.011288
3 1 5   -0.011048
3 1 6   -0.00588263
4 1 4   -0.0145393
4 1 5   -0.0712813
4 1 6   -0.00970769
;

W[i,j,k] :=
1 2 1   -0.219389
1 2 2   -0.178928
1 2 3    0.761244
2 2 1   -1.08392
2 2 2   -0.097754
2 2 3    0.498893
3 2 1   -0.222141
3 2 2   -0.17867
3 2 3    0.760409
4 2 1    0.643761
4 2 2   -0.259973
4 2 3    1.02318
;

W[i,j,k] :=
1 2 4    0.0115102
1 2 5    0.0111608
1 2 6    0.00594053
2 2 4    0.00873674
2 2 5    0.0648207
2 2 6    0.0316829
3 2 4    0.0115014
3 2 5    0.0113316
3 2 6    0.00602246
4 2 4    0.0142792
4 2 5   -0.0424136
4 2 6   -0.0197608
;

W[i,j,k] :=
1 3 1   -0.102884
1 3 2   -0.103651
1 3 3   -0.975865
2 3 1   -0.123659
2 3 2   -1.10979
2 3 3   -0.800873
3 3 1   -0.10295
3 3 2   -0.106853
3 3 3   -0.975308
4 3 1   -0.0821419
4 3 2    0.900887
4 3 3   -1.15058
;

W[i,j,k] :=
1 3 4    0.0216732
1 3 5   -0.0223203
1 3 6    8.57641e-05
2 3 4    0.0830775
2 3 5   -0.020817
2 3 6    0.0160191
3 3 4    0.0218686
3 3 5   -0.0223155
3 3 6    0.000136476
4 3 4   -0.0396332
4 3 5   -0.0238212
4 3 6   -0.0158222
;

f11 = 3.86507

f12 = 7.02216

f13 = -4.09145

f21 = -3.78386

f22 = 4.82079

f23 = 0.822144

f31 = 7.00232

f32 = 11.5945

f33 = -2.90622

