solve_message = ' \
Ipopt 3.9.1: Optimal Solution Found'

Solve time:
_solve_time = 42.3387

Objective:
torque = 5.76083

cnh1 = -0.860501

cnh2 = 0.938083

cnh3 = -2.45219e-06

snh1 = 0.373547

snh2 = -5.66331e-07

snh3 = 0.938083

Hx = -0.0387473

Hy = -0.062434

Hz = 2.40037e-07

cnf11 = 0.404318

cnf21 = 0.459714

cnf31 = 0.484432

cnf12 = 0.404318

cnf22 = 0.459713

cnf32 = 0.484431

cnt1 = 0.500494

cnt2 = 0.436963

snf11 = 0.84648

snf21 = 0.817718

snf31 = 0.858415

snf12 = 0.84648

snf22 = 0.817719

snf32 = 0.858415

snt1 = 0.933544

snt2 = 0.91922

p :=
1 1   -0.022187
1 2    0.0212759
1 3   -0.0599837
2 1   -0.0221868
2 2    0.0212761
2 3    0.0599836
3 1    0.0345145
3 2    0.00833768
3 3   -3.13478e-08
;

mf :=
1 1    0.0901475
1 2   -0.498888
1 3    0.589036
2 1    0.0901452
2 2   -0.498891
2 3   -0.589034
;

mt [*] :=
1  -0.92473
2  -0.212007
3   1.95776e-06
;

phi :=
1 1   0.0578374
1 2   0.0580577
1 3   0.0362838
2 1   0.000326409
2 2   0.000834664
2 3   0
3 1   0.0575499
3 2   0.0577727
3 3   0.0360479
4 1   0.269057
4 2   0.264683
4 3   0.198868
;

l [*,1,*]
:       1            2          3        :=
1    0.090859    -0.498713   0.589037
2   -0.803295    -0.717922   0.588087
3    0.0880131   -0.499411   0.589034
4    0.983587    -0.279855   0.589985

 [*,2,*]
:       1            2           3         :=
1    0.0899861   -0.498339   -0.589488
2    0.289978    -1.19252    -0.0188019
3    0.0906226   -0.500548   -0.587672
4   -0.109687     0.194734   -1.15926

 [*,3,*]
:       1           2            3          :=
1   -0.924865   -0.211417    0.000562571
2   -0.755126   -0.951791   -0.703996
3   -0.924324   -0.213774   -0.00167988
4   -1.09433     0.527775    0.703997
;

W[i,j,k] :=
1 1 1    0.090859
1 1 2   -0.498713
1 1 3    0.589037
2 1 1   -0.803295
2 1 2   -0.717922
2 1 3    0.588087
3 1 1    0.0880131
3 1 2   -0.499411
3 1 3    0.589034
4 1 1    0.983587
4 1 2   -0.279855
4 1 3    0.589985
;

W[i,j,k] :=
1 1 4   -0.0173824
1 1 5    0.0076189
1 1 6    0.00913185
2 1 4   -0.0305515
2 1 5    0.0612325
2 1 6    0.0330194
3 1 4   -0.0174243
3 1 5    0.00778954
3 1 6    0.00920788
4 1 4   -0.00423425
4 1 5   -0.0459091
4 1 6   -0.0147175
;

W[i,j,k] :=
1 2 1    0.0899861
1 2 2   -0.498339
1 2 3   -0.589488
2 2 1    0.289978
2 2 2   -1.19252
2 2 3   -0.0188019
3 2 1    0.0906226
3 2 2   -0.500548
3 2 3   -0.587672
4 2 1   -0.109687
4 2 2    0.194734
4 2 3   -1.15926
;

W[i,j,k] :=
1 2 4    0.0173502
1 2 5   -0.00768115
1 2 6    0.00914198
2 2 4    0.0711316
2 2 5    0.0169768
2 2 6    0.0202885
3 2 4    0.0175213
3 2 5   -0.00760267
3 2 6    0.00917746
4 2 4   -0.0363455
4 2 5   -0.0322997
4 2 6   -0.0019868
;

W[i,j,k] :=
1 3 1   -0.924865
1 3 2   -0.211417
1 3 3    0.000562571
2 3 1   -0.755126
2 3 2   -0.951791
2 3 3   -0.703996
3 3 1   -0.924324
3 3 2   -0.213774
3 3 3   -0.00167988
4 3 1   -1.09433
4 3 2    0.527775
4 3 3    0.703997
;

W[i,j,k] :=
1 3 4    4.68416e-06
1 3 5   -1.93877e-05
1 3 6    0.000414262
2 3 4   -0.00586972
2 3 5    0.0242981
2 3 6   -0.0265546
3 3 4   -1.40127e-05
3 3 5    5.80093e-05
3 3 6    0.000328427
4 3 4    0.00586972
4 3 5   -0.0242981
4 3 6    0.0273401
;

f11 = 5.15621

f12 = 7.70772

f13 = 3.39927

f21 = 7.15139

f22 = 9.94478

f23 = -3.5032

f31 = 8.8773

f32 = 11.1039

f33 = -0.472017

