solve_message = ' \
Ipopt 3.9.1: Converged to a locally infeasible point. Problem may be infeasible.'

Solve time:
_solve_time = 86.5494

Objective:
torque = 6.8493

cnh1 = 0.461913

cnh2 = 0.937681

cnh3 = -0.0901053

snh1 = 0.816478

snh2 = -0.0274648

snh3 = 0.933746

Hx = -0.0606208

Hy = 0.0419073

Hz = 0.00757298

cnf11 = 0.465849

cnf21 = 0.479296

cnf31 = 0.490484

cnf12 = 0.465849

cnf22 = 0.489878

cnf32 = 0.493802

cnt1 = 0.561431

cnt2 = 0.462882

snf11 = 0.814239

snf21 = 0.806397

snf31 = 0.855593

snf12 = 0.814239

snf22 = 0.800012

snf32 = 0.854003

snt1 = 0.894489

snt2 = 0.902282

p :=
1 1    0.0184411
1 2    0.0246265
1 3   -0.0599491
2 1    0.0273468
2 2    0.0164604
2 3    0.0615162
3 1   -0.00179822
3 2   -0.0354617
3 3   -0.00298965
;

mf :=
1 1   -0.469358
1 2   -0.133091
1 3    0.60245
2 1   -0.541954
2 2   -0.0592194
2 3   -0.553006
;

mt [*] :=
1  -0.0190628
2   0.939726
3   0.0715178
;

phi :=
1 1   0.0390028
1 2   0.038698
1 3   0.0190101
2 1   0
2 2   0
2 3   0
3 1   0.0387263
3 2   0.0384225
3 3   0.0187371
4 1   0.29948
4 2   0.303957
4 3   0.277154
;

l [*,1,*]
:       1           2          3        :=
1   -0.469293   -0.13354    0.602378
2   -0.551739    0.429642   0.692375
3   -0.469555   -0.131747   0.602665
4   -0.386978   -0.695823   0.512525

 [*,2,*]
:       1           2            3        :=
1   -0.541622   -0.0591524   -0.553314
2   -0.958827   -0.14343     -0.165757
3   -0.542949   -0.0594206   -0.552081
4   -0.125082    0.0249904   -0.940254

 [*,3,*]
:       1           2           3         :=
1   -0.018664    0.93971     0.0718414
2   -0.519884    0.959141   -0.334883
3   -0.0202593   0.939772    0.0705469
4    0.481756    0.92031     0.477917
;

W[i,j,k] :=
1 1 1   -0.469293
1 1 2   -0.13354
1 1 3    0.602378
2 1 1   -0.551739
2 1 2    0.429642
2 1 3    0.692375
3 1 1   -0.469555
3 1 2   -0.131747
3 1 3    0.602665
4 1 1   -0.386978
4 1 2   -0.695823
4 1 3    0.512525
;

W[i,j,k] :=
1 1 4    0.00682887
1 1 5    0.0170252
1 1 6    0.00909441
2 1 4    0.0428074
2 1 5    0.0203081
2 1 6    0.0215104
3 1 4    0.00694338
3 1 5    0.0170356
3 1 6    0.00913393
4 1 4   -0.0290923
4 1 5    0.0137475
4 1 6   -0.00330181
;

W[i,j,k] :=
1 2 1   -0.541622
1 2 2   -0.0591524
1 2 3   -0.553314
2 2 1   -0.958827
2 2 2   -0.14343
2 2 3   -0.165757
3 2 1   -0.542949
3 2 2   -0.0594206
3 2 3   -0.552081
4 2 1   -0.125082
4 2 2    0.0249904
4 2 3   -0.940254
;

W[i,j,k] :=
1 2 4   -0.00546896
1 2 5   -0.0181872
1 2 6    0.0072977
2 2 4    0.00609483
2 2 5   -0.0544505
2 2 6    0.0118604
3 2 4   -0.00543215
3 2 5   -0.0183026
3 2 6    0.00731222
4 2 4   -0.0170143
4 2 5    0.0180183
4 2 6    0.00274231
;

W[i,j,k] :=
1 3 1   -0.018664
1 3 2    0.93971
1 3 3    0.0718414
2 3 1   -0.519884
2 3 2    0.959141
2 3 3   -0.334883
3 3 1   -0.0202593
3 3 2    0.939772
3 3 3    0.0705469
4 3 1    0.481756
4 3 2    0.92031
4 3 3    0.477917
;

W[i,j,k] :=
1 3 4    0.000261781
1 3 5    0.000184985
1 3 6   -0.00235166
2 3 4    0.014743
2 3 5    0.000952076
2 3 6   -0.0201607
3 3 4    0.000307872
3 3 5    0.000187427
3 3 6   -0.00240835
4 3 4   -0.0141963
4 3 5   -0.000580881
4 3 6    0.015429
;

f11 = 8.17422

f12 = 15

f13 = 1.16814

f21 = 5.94583

f22 = 11.9112

f23 = 0.486188

f31 = 5.27664

f32 = 10.5305

f33 = 0.0133711

