solve_message = ' \
Ipopt 3.9.1: Optimal Solution Found'

Solve time:
_solve_time = 12.6829

Objective:
torque = 2.00387

cnh1 = -0.163484

cnh2 = -0.213702

cnh3 = 0.831308

snh1 = -0.923728

snh2 = 0.913418

snh3 = 0.656451

Hx = 0.0678077

Hy = 0.0432443

Hz = 0.0367988

cnf11 = 0.938021

cnf21 = 0.778434

cnf31 = 0.602045

cnf12 = 0.938021

cnf22 = 0.791778

cnf32 = 0.553289

cnt1 = 0.504116

cnt2 = 0.438427

snf11 = 0

snf21 = 0.523488

snf31 = 0.78784

snf12 = 0

snf22 = 0.703625

snf32 = 0.844358

snt1 = 0.931594

snt2 = 0.918306

p :=
1 1   -0.00622763
1 2    0.028976
1 3   -0.0637641
2 1    0.0113008
2 2   -0.0177586
2 3   -0.0638128
3 1   -0.011924
3 2   -0.0291805
3 3    0.058777
;

mf :=
1 1   -0.0782129
1 2   -0.198411
1 3    0.786913
2 1    0.0869627
2 2   -0.111057
2 3    0.93249
;

mt [*] :=
1   0.493936
2   0.548946
3  -0.683209
;

phi :=
1 1   0.0707953
1 2   0.038987
1 3   0.0793443
2 1   0.0193542
2 2   0.00156267
2 3   0.0159301
3 1   0.0705614
3 2   0.0388242
3 3   0.0790326
4 1   0.199803
4 2   0.11988
4 3   0.295146
;

l [*,1,*]
:       1            2          3        :=
1   -0.0787321   -0.198368   0.786877
2    0.573776    -0.252196   0.832647
3   -0.0766553   -0.19854    0.787023
4   -0.730199    -0.144626   0.74118

 [*,2,*]
:       1            2          3        :=
1    0.0864031   -0.111063   0.932525
2    0.789713    -0.104249   0.889006
3    0.0886416   -0.111041   0.932387
4   -0.615784    -0.117865   0.975975

 [*,3,*]
:      1           2            3        :=
1   0.493958   0.548515     -0.683557
2   0.466192   1.09005      -0.245899
3   0.49387    0.550239     -0.682164
4   0.52168    0.00784111   -1.12052
;

W[i,j,k] :=
1 1 1   -0.0787321
1 1 2   -0.198368
1 1 3    0.786877
2 1 1    0.573776
2 1 2   -0.252196
2 1 3    0.832647
3 1 1   -0.0766553
3 1 2   -0.19854
3 1 3    0.787023
4 1 1   -0.730199
4 1 2   -0.144626
4 1 3    0.74118
;

W[i,j,k] :=
1 1 4    0.0101517
1 1 5    0.00992066
1 1 6    0.0035167
2 1 4    0.00804568
2 1 5   -0.0314009
2 1 6   -0.0150551
3 1 4    0.010145
3 1 5    0.00978915
3 1 6    0.00345759
4 1 4    0.0122544
4 1 5    0.0511763
4 1 6    0.0220589
;

W[i,j,k] :=
1 2 1    0.0864031
1 2 2   -0.111063
1 2 3    0.932525
2 2 1    0.789713
2 2 2   -0.104249
2 2 3    0.889006
3 2 1    0.0886416
3 2 2   -0.111041
3 2 3    0.932387
4 2 1   -0.615784
4 2 2   -0.117865
4 2 3    0.975975
;

W[i,j,k] :=
1 2 4   -0.0236475
1 2 5   -0.0160519
1 2 6    0.0002793
2 2 4   -0.0224399
2 2 5   -0.0604402
2 2 6    0.0128461
3 2 4   -0.0236437
3 2 5   -0.0161932
3 2 6    0.000319297
4 2 4   -0.0248532
4 2 5    0.0282656
4 2 6   -0.0122674
;

W[i,j,k] :=
1 3 1    0.493958
1 3 2    0.548515
1 3 3   -0.683557
2 3 1    0.466192
2 3 2    1.09005
2 3 3   -0.245899
3 3 1    0.49387
3 3 2    0.550239
3 3 3   -0.682164
4 3 1    0.52168
4 3 2    0.00784111
4 3 3   -1.12052
;

W[i,j,k] :=
1 3 4   -0.0122936
1 3 5    0.0208826
1 3 6    0.00787343
2 3 4   -0.0568946
2 3 5    0.0244693
2 3 6    0.000605887
3 3 4   -0.0124355
3 3 5    0.0208941
3 3 6    0.0078503
4 3 4    0.0322363
4 3 5    0.0173017
4 3 6    0.0151294
;

f11 = 1.4818

f12 = 3.04132

f13 = -0.48649

f21 = -0.330539

f22 = 0

f23 = -0.115082

f31 = 4.19548

f32 = 8.51238

f33 = -0.287507

