solve_message = ' \
Ipopt 3.9.1: Converged to a locally infeasible point. Problem may be infeasible.'

Solve time:
_solve_time = 40.0923

Objective:
torque = 4.62703

cnh1 = -0.818707

cnh2 = 0.618385

cnh3 = -0.932738

snh1 = 0.457951

snh2 = 0.705408

snh3 = 0.100003

Hx = -0.0472805

Hy = 0.0195589

Hz = 0.039071

cnf11 = 0.932738

cnf21 = 0.572931

cnf31 = 0.521059

cnf12 = 0.932738

cnf22 = 0.61251

cnf32 = 0.48103

cnt1 = 0.434052

cnt2 = 0.408782

snf11 = 0

snf21 = 0.742799

snf31 = 0.839876

snf12 = 0

snf22 = 0.864194

snf32 = 0.89185

snt1 = 0.966229

snt2 = 0.937275

p :=
1 1   -0.0295903
1 2    0.00325316
1 3   -0.061057
2 1   -0.00610649
2 2    0.0270602
2 3   -0.062431
3 1    0.0317519
3 2   -0.0133524
3 3    0.00299071
;

mf :=
1 1    0.187782
1 2   -0.227053
1 3    0.75354
2 1    0.211534
2 2   -0.0730546
2 3    0.913495
;

mt [*] :=
1  -0.831541
2   0.386857
3  -0.145585
;

phi :=
1 1   0.056705
1 2   0.0113361
1 3   0.0137143
2 1   0
2 2   0
2 3   0
3 1   0.0563533
3 2   0.011174
3 3   0.0133689
4 1   0.356454
4 2   0.106686
4 3   0.454268
;

l [*,1,*]
:       1           2          3        :=
1   0.187883    -0.227458   0.753374
2   0.0608348    0.281167   0.962025
3   0.187478    -0.225839   0.754039
4   0.314728    -0.735271   0.545057

 [*,2,*]
:       1            2           3        :=
1    0.211737    -0.0734805   0.913405
2   -0.0438333    0.461786    1.02639
3    0.210924    -0.0717769   0.913764
4    0.4669      -0.607894    0.800595

 [*,3,*]
:       1           2            3        :=
1   -0.831354    0.387186    -0.145949
2   -1.06622    -0.0262487    0.311566
3   -0.832102    0.38587     -0.144493
4   -0.596861    0.79996     -0.602734
;

W[i,j,k] :=
1 1 1    0.187883
1 1 2   -0.227458
1 1 3    0.753374
2 1 1    0.0608348
2 1 2    0.281167
2 1 3    0.962025
3 1 1    0.187478
3 1 2   -0.225839
3 1 3    0.754039
4 1 1    0.314728
4 1 2   -0.735271
4 1 3    0.545057
;

W[i,j,k] :=
1 1 4   -0.011437
1 1 5    0.010821
1 1 6    0.00611932
2 1 4    0.0202968
2 1 5    0.0247522
2 1 6   -0.00851772
3 1 4   -0.011336
3 1 5    0.0108654
3 1 6    0.00607274
4 1 4   -0.0431202
4 1 5   -0.00308792
4 1 6    0.020733
;

W[i,j,k] :=
1 2 1    0.211737
1 2 2   -0.0734805
1 2 3    0.913405
2 2 1   -0.0438333
2 2 2    0.461786
2 2 3    1.02639
3 2 1    0.210924
3 2 2   -0.0717769
3 2 3    0.913764
4 2 1    0.4669
4 2 2   -0.607894
4 2 3    0.800595
;

W[i,j,k] :=
1 2 4    0.0201294
1 2 5   -0.00764128
1 2 6   -0.00528094
2 2 4    0.0566042
2 2 5    0.00900423
2 2 6   -0.00163376
3 2 4    0.0202455
3 2 5   -0.0075883
3 2 6   -0.00526933
4 2 4   -0.0162872
4 2 5   -0.0242602
4 2 6   -0.0089223
;

W[i,j,k] :=
1 3 1   -0.831354
1 3 2    0.387186
1 3 3   -0.145949
2 3 1   -1.06622
2 3 2   -0.0262487
2 3 3    0.311566
3 3 1   -0.832102
3 3 2    0.38587
3 3 3   -0.144493
4 3 1   -0.596861
4 3 2    0.79996
4 3 3   -0.602734
;

W[i,j,k] :=
1 3 4    0.000790805
1 3 5    0.00214783
1 3 6    0.00119335
2 3 4   -0.00408163
2 3 5   -0.0130816
2 3 6   -0.01507
3 3 4    0.000775297
3 3 5    0.00209936
3 3 6    0.00114159
4 3 4    0.00565547
4 3 5    0.0173529
4 3 6    0.0174308
;

f11 = 7.94801

f12 = 15

f13 = -2.23867

f21 = 0.280725

f22 = 0

f23 = -0.20903

f31 = 5.26938

f32 = 10.6719

f33 = -0.908772

