solve_message = ' \
Ipopt 3.9.1: Optimal Solution Found'

Solve time:
_solve_time = 53.5239

Objective:
torque = 4.22763

cnh1 = -0.936887

cnh2 = 0.854769

cnh3 = -0.155791

snh1 = -0.047359

snh2 = 0.386483

snh3 = 0.925056

Hx = 0.0025006

Hy = -0.0675995

Hz = 0.0178467

cnf11 = 0.0311273

cnf21 = 0.54581

cnf31 = 0.511909

cnf12 = 0.0311273

cnf22 = 0.446681

cnf32 = 0.480465

cnt1 = 0.381627

cnt2 = 0.382163

snf11 = 0.937567

snf21 = 0.762949

snf31 = 0.844822

snf12 = 0.937567

snf22 = 0.82491

snf32 = 0.860209

snt1 = 0.98811

snt2 = 0.956133

p :=
1 1    0.0310302
1 2    0.00390647
1 3   -0.0623362
2 1   -0.0218835
2 2    0.0237802
2 3    0.0608986
3 1    0.025603
3 2    0.0230425
3 3    0.0146572
;

mf :=
1 1   -0.256724
1 2   -0.213407
1 3    0.690253
2 1    0.263755
2 2   -0.523842
2 3   -0.503372
;

mt [*] :=
1  -0.604682
2  -0.724738
3  -0.180578
;

phi :=
1 1   0.0538644
1 2   0.0568931
1 3   0
2 1   0
2 2   0
2 3   0
3 1   0.0535262
3 2   0.0565475
3 3   0
4 1   0.398201
4 2   0.410055
4 3   0.0406415
;

l [*,1,*]
:       1            2          3        :=
1   -0.25646     -0.213081   0.690452
2   -0.588781    -0.622967   0.440542
3   -0.257517    -0.214386   0.689657
4    0.0753319    0.196151   0.939964

 [*,2,*]
:       1            2           3         :=
1    0.263533    -0.523612   -0.503711
2    0.543317    -0.812595   -0.0774185
3    0.264423    -0.524531   -0.502354
4   -0.0158059   -0.235089   -0.929324

 [*,3,*]
:       1           2           3         :=
1   -0.605069   -0.724443   -0.180425
2   -0.118297   -1.09589    -0.37211
3   -0.60352    -0.725625   -0.181035
4   -1.09106    -0.353584    0.0109537
;

W[i,j,k] :=
1 1 1   -0.25646
1 1 2   -0.213081
1 1 3    0.690452
2 1 1   -0.588781
2 1 2   -0.622967
2 1 3    0.440542
3 1 1   -0.257517
3 1 2   -0.214386
3 1 3    0.689657
4 1 1    0.0753319
4 1 2    0.196151
4 1 3    0.939964
;

W[i,j,k] :=
1 1 4   -0.0105854
1 1 5   -0.00543815
1 1 6   -0.0056101
2 1 4   -0.0371125
2 1 5    0.0230323
2 1 6   -0.0170307
3 1 4   -0.0106699
3 1 5   -0.00534753
3 1 6   -0.00564645
4 1 4    0.0158993
4 1 5   -0.0338632
4 1 6    0.00579233
;

W[i,j,k] :=
1 2 1    0.263533
1 2 2   -0.523612
1 2 3   -0.503711
2 2 1    0.543317
2 2 2   -0.812595
2 2 3   -0.0774185
3 2 1    0.264423
3 2 2   -0.524531
3 2 3   -0.502354
4 2 1   -0.0158059
4 2 2   -0.235089
4 2 3   -0.929324
;

W[i,j,k] :=
1 2 4    0.0199089
1 2 5    0.00502582
1 2 6    0.00519158
2 2 4    0.0476449
2 2 5    0.0313931
2 2 6    0.0048622
3 2 4    0.0199971
3 2 5    0.00510974
3 2 6    0.00519053
4 2 4   -0.00778293
4 2 5   -0.0212994
4 2 6    0.00552043
;

W[i,j,k] :=
1 3 1   -0.605069
1 3 2   -0.724443
1 3 3   -0.180425
2 3 1   -0.118297
2 3 2   -1.09589
2 3 3   -0.37211
3 3 1   -0.60352
3 3 2   -0.725625
3 3 3   -0.181035
4 3 1   -1.09106
4 3 2   -0.353584
4 3 3    0.0109537
;

W[i,j,k] :=
1 3 4    0.00646084
1 3 5   -0.00424918
1 3 6   -0.00460562
2 3 4    0.00748838
2 3 5    0.00779322
2 3 6   -0.0253323
3 3 4    0.00646411
3 3 5   -0.00421085
3 3 6   -0.00467159
4 3 4    0.00543494
4 3 5   -0.0162724
4 3 6    0.016088
;

f11 = 6.19686

f12 = 12.4745

f13 = 0.788855

f21 = 5.75989

f22 = 11.8755

f23 = 1.48342

f31 = 0.333651

f32 = 0

f33 = -0.10572

