solve_message = ' \
Ipopt 3.9.1: Optimal Solution Found'

Solve time:
_solve_time = 13.8373

Objective:
torque = 3.95639

cnh1 = -0.52458

cnh2 = 0.865802

cnh3 = -0.215636

snh1 = -0.7777

snh2 = 0.361092

snh3 = 0.912963

Hx = 0.0546016

Hy = -0.0422142

Hz = 0.025776

cnf11 = 0.044498

cnf21 = 0.586785

cnf31 = 0.525835

cnf12 = 0.044498

cnf22 = 0.417559

cnf32 = 0.471773

cnt1 = 0.40421

cnt2 = 0.394545

snf11 = 0.937027

snf21 = 0.731904

snf31 = 0.837216

snf12 = 0.937027

snf22 = 0.840029

snf32 = 0.863974

snt1 = 0.979088

snt2 = 0.947021

p :=
1 1    0.0208482
1 2    0.0195268
1 3   -0.0643711
2 1   -0.0323051
2 2   -0.00242232
2 3    0.0607642
3 1   -0.00111411
3 2    0.034427
3 3    0.0173839
;

mf :=
1 1   -0.0583726
1 2   -0.255475
1 3    0.719792
2 1    0.610777
2 2   -0.160948
2 3   -0.449848
;

mt [*] :=
1   0.164437
2  -0.932031
3  -0.134377
;

phi :=
1 1   0.0566047
1 2   0.0587301
1 3   0
2 1   0
2 2   0
2 3   0
3 1   0.0562677
3 2   0.0583873
3 3   0
4 1   0.383846
4 2   0.394267
4 3   0.0439979
;

l [*,1,*]
:       1            2          3        :=
1   -0.0584668   -0.255045   0.719939
2    0.0598701   -0.794592   0.534885
3   -0.0580901   -0.256762   0.71935
4   -0.176615     0.28364    0.904699

 [*,2,*]
:      1           2             3          :=
1   0.610484   -0.161       -0.450206
2   0.979558   -0.0962909   -0.000840786
3   0.611658   -0.160794    -0.448775
4   0.241998   -0.225605    -0.898854

 [*,3,*]
:       1           2           3        :=
1    0.163958   -0.932129   -0.134229
2    0.766424   -0.809382   -0.319193
3    0.165875   -0.931738   -0.134818
4   -0.437548   -1.05468     0.050439
;

W[i,j,k] :=
1 1 1   -0.0584668
1 1 2   -0.255045
1 1 3    0.719939
2 1 1    0.0598701
2 1 2   -0.794592
2 1 3    0.534885
3 1 1   -0.0580901
3 1 2   -0.256762
3 1 3    0.71935
4 1 1   -0.176615
4 1 2    0.28364
4 1 3    0.904699
;

W[i,j,k] :=
1 1 4   -0.00235947
1 1 5   -0.0112458
1 1 6   -0.00417556
2 1 4   -0.0407042
2 1 5   -0.0150053
2 1 6   -0.0177348
3 1 4   -0.00248151
3 1 5   -0.0112578
3 1 6   -0.00421871
4 1 4    0.0359241
4 1 5   -0.00749241
4 1 6    0.00936208
;

W[i,j,k] :=
1 2 1    0.610484
1 2 2   -0.161
1 2 3   -0.450206
2 2 1    0.979558
2 2 2   -0.0962909
2 2 3   -0.000840786
3 2 1    0.611658
3 2 2   -0.160794
3 2 3   -0.448775
4 2 1    0.241998
4 2 2   -0.225605
4 2 3   -0.898854
;

W[i,j,k] :=
1 2 4    0.0108736
1 2 5    0.0225516
1 2 6    0.0066799
2 2 4    0.00585307
2 2 5    0.0594949
2 2 6    0.00548349
3 2 4    0.0108576
3 2 5    0.0226692
3 2 6    0.00667609
4 2 4    0.015886
4 2 5   -0.0143327
4 2 6    0.0078744
;

W[i,j,k] :=
1 3 1    0.163958
1 3 2   -0.932129
1 3 3   -0.134229
2 3 1    0.766424
2 3 2   -0.809382
2 3 3   -0.319193
3 3 1    0.165875
3 3 2   -0.931738
3 3 3   -0.134818
4 3 1   -0.437548
4 3 2   -1.05468
4 3 3    0.050439
;

W[i,j,k] :=
1 3 4    0.0115829
1 3 5    0.00270068
1 3 6   -0.00460608
2 3 4    0.0030813
2 3 5    0.0129678
2 3 6   -0.025484
3 3 4    0.0115558
3 3 5    0.00273336
3 3 6   -0.00467253
4 3 4    0.0200709
4 3 5   -0.00755006
4 3 6    0.0162385
;

f11 = 5.63083

f12 = 11.2418

f13 = -0.0898836

f21 = 5.76707

f22 = 11.6496

f23 = 0.888229

f31 = 0.283048

f32 = 0

f33 = -0.205871

