solve_message = ' \
Ipopt 3.9.1: Converged to a locally infeasible point. Problem may be infeasible.'

Solve time:
_solve_time = 9.25086

Objective:
torque = 7.75583

cnh1 = 0.754639

cnh2 = -0.901934

cnh3 = 0.716773

snh1 = 0.557243

snh2 = 0.257907

snh3 = 0.605175

Hx = -0.0699875

Hy = 0.0512882

Hz = 0.0907648

cnf11 = 0.932738

cnf21 = -0.0800879

cnf31 = 0.371367

cnf12 = 0.932738

cnf22 = 0.766248

cnf32 = 0.596387

cnt1 = 0.669632

cnt2 = 0.50337

snf11 = 0

snf21 = 0.934658

snf31 = 0.861444

snf12 = 0

snf22 = 0.541169

snf32 = 0.791951

snt1 = 0.820727

snt2 = 0.877701

p :=
1 1   -0.0282416
1 2    0.0125806
1 3    0.0597427
2 1   -0.0299162
2 2   -0.0170731
2 3    0.00311797
3 1    0.0293196
3 2    0.0179062
3 3    0.0394053
;

mf :=
1 1   -0.213631
1 2    0.408197
1 3    0.621828
2 1    0.577505
2 2    0.484098
2 3    0.154518
;

mt [*] :=
1  -0.863946
2  -0.367475
3  -0.0103463
;

phi :=
1 1   0.0241962
1 2   0.102404
1 3   0.0937984
2 1   0.0141076
2 2   0.0403734
2 3   0.0391984
3 1   0.0241612
3 2   0.102123
3 3   0.0933575
4 1   0.0361986
4 2   0.249464
4 3   0.210295
;

l [*,1,*]
:       1          2          3        :=
1   -0.21328    0.40804    0.622047
2   -0.654012   0.605845   0.346857
3   -0.214683   0.408669   0.621171
4    0.226748   0.21055    0.896799

 [*,2,*]
:      1           2          3        :=
1   0.577806   0.483748    0.15449
2   0.199164   0.923725    0.190184
3   0.576601   0.485149    0.154604
4   0.955844   0.0444739   0.118853

 [*,3,*]
:       1           2            3         :=
1   -0.863972   -0.367442   -0.0108606
2   -0.831265   -0.408105    0.635513
3   -0.863868   -0.367572   -0.00880335
4   -0.896627   -0.326844   -0.656203
;

W[i,j,k] :=
1 1 1   -0.21328
1 1 2    0.40804
1 1 3    0.622047
2 1 1   -0.654012
2 1 2    0.605845
2 1 3    0.346857
3 1 1   -0.214683
3 1 2    0.408669
3 1 3    0.621171
4 1 1    0.226748
4 1 2    0.21055
4 1 3    0.896799
;

W[i,j,k] :=
1 1 4   -0.0165517
1 1 5    0.00482565
1 1 6   -0.0088405
2 1 4   -0.0318311
2 1 5   -0.0292766
2 1 6   -0.00888218
3 1 4   -0.0166003
3 1 5    0.00471711
3 1 6   -0.00884063
4 1 4   -0.0012966
4 1 5    0.0388735
4 1 6   -0.00879889
;

W[i,j,k] :=
1 2 1   0.577806
1 2 2   0.483748
1 2 3   0.15449
2 2 1   0.199164
2 2 2   0.923725
2 2 3   0.190184
3 2 1   0.576601
3 2 2   0.485149
3 2 3   0.154604
4 2 1   0.955844
4 2 2   0.0444739
4 2 3   0.118853
;

W[i,j,k] :=
1 2 4   -0.00414592
1 2 5    0.00642335
1 2 6   -0.00460699
2 2 4   -0.00612717
2 2 5    0.0063106
2 2 6   -0.024234
3 2 4   -0.00415223
3 2 5    0.00642299
3 2 6   -0.00466946
4 2 4   -0.00216784
4 2 5    0.00653592
4 2 6    0.0149887
;

W[i,j,k] :=
1 3 1   -0.863972
1 3 2   -0.367442
1 3 3   -0.0108606
2 3 1   -0.831265
2 3 2   -0.408105
2 3 3    0.635513
3 3 1   -0.863868
3 3 2   -0.367572
3 3 3   -0.00880335
4 3 1   -0.896627
4 3 2   -0.326844
4 3 3   -0.656203
;

W[i,j,k] :=
1 3 4    0.0142847
1 3 5   -0.0337266
1 3 6    0.00469723
2 3 4    0.0274611
2 3 5   -0.0513892
2 3 6    0.00291936
3 3 4    0.0143266
3 3 5   -0.0337828
3 3 6    0.00469157
4 3 4    0.00112927
4 3 5   -0.0160922
4 3 6    0.00647227
;

f11 = 5.45351

f12 = 14.6659

f13 = 4.46856

f21 = 7.29549

f22 = 14.5745

f23 = -0.00422335

f31 = 7.39453

f32 = 15

f33 = 3.67471

