solve_message = ' \
Ipopt 3.9.1: Converged to a locally infeasible point. Problem may be infeasible.'

Solve time:
_solve_time = 11.1697

Objective:
torque = 8.12654

cnh1 = 0.871549

cnh2 = 0.508251

cnh3 = -0.0173479

snh1 = -0.346991

snh2 = -0.788468

snh3 = 0.937923

Hx = 0.0246443

Hy = 0.0652416

Hz = -0.0105424

cnf11 = 0.675127

cnf21 = 0.351491

cnf31 = 0.40188

cnf12 = 0.675127

cnf22 = 0.615467

cnf32 = 0.535959

cnt1 = 0.536576

cnt2 = 0.508851

snf11 = 0.65131

snf21 = 0.964245

snf31 = 0.927973

snf12 = 0.65131

snf22 = 0.707955

snf32 = 0.831403

snt1 = 0.769471

snt2 = 0.846431

p :=
1 1    0.0160853
1 2   -0.0304586
1 3   -0.0171719
2 1   -0.0302582
2 2   -0.00290807
2 3    0.063195
3 1   -0.0325988
3 2   -0.00186394
3 3   -0.0602953
;

mf :=
1 1   -0.279572
1 2    0.816777
1 3   -0.151677
2 1    0.192201
2 2    0.178668
2 3   -0.748764
;

mt [*] :=
1  0.493223
2  0.161858
3  0.670158
;

phi :=
1 1   0.0320204
1 2   0.0491136
1 3   0.0257378
2 1   0
2 2   0.0056392
2 3   0
3 1   0.0317946
3 2   0.0488978
3 3   0.0254706
4 1   0.198297
4 2   0.266751
4 3   0.375084
;

l [*,1,*]
:       1           2           3        :=
1   -0.279818    0.816607   -0.152079
2    0.0292767   1.03014     0.352734
3   -0.278834    0.817287   -0.150472
4   -0.588419    0.603419   -0.656086

 [*,2,*]
:       1            2           3        :=
1    0.192392     0.178261   -0.748777
2   -0.0480807    0.688903   -0.731659
3    0.191627     0.179887   -0.748723
4    0.432481    -0.331566   -0.765869

 [*,3,*]
:      1           2           3        :=
1   0.492925    0.161651    0.670464
2   0.867296    0.422141    0.286411
3   0.494116    0.16248     0.669241
4   0.119151   -0.0984239   1.0539
;

W[i,j,k] :=
1 1 1   -0.279818
1 1 2    0.816607
1 1 3   -0.152079
2 1 1    0.0292767
2 1 2    1.03014
2 1 3    0.352734
3 1 1   -0.278834
3 1 2    0.817287
3 1 3   -0.150472
4 1 1   -0.588419
4 1 2    0.603419
4 1 3   -0.656086
;

W[i,j,k] :=
1 1 4    0.0186548
1 1 5    0.00725122
1 1 6    0.00461248
2 1 4    0.00694558
2 1 5   -0.00617655
2 1 6    0.0174617
3 1 4    0.0186175
3 1 5    0.00720848
3 1 6    0.00465338
4 1 4    0.0303453
4 1 5    0.0206576
4 1 6   -0.00821627
;

W[i,j,k] :=
1 2 1    0.192392
1 2 2    0.178261
1 2 3   -0.748777
2 2 1   -0.0480807
2 2 2    0.688903
2 2 3   -0.731659
3 2 1    0.191627
3 2 2    0.179887
3 2 3   -0.748723
4 2 1    0.432481
4 2 2   -0.331566
4 2 3   -0.765869
;

W[i,j,k] :=
1 2 4   -0.00908773
1 2 5   -0.0104985
1 2 6   -0.00483438
2 2 4   -0.0414075
2 2 5   -0.0251771
2 2 6   -0.0209848
3 2 4   -0.00919059
3 2 5   -0.0105452
3 2 6   -0.00488578
4 2 4    0.0231805
4 2 5    0.00415682
4 2 6    0.0112903
;

W[i,j,k] :=
1 3 1    0.492925
1 3 2    0.161651
1 3 3    0.670464
2 3 1    0.867296
2 3 2    0.422141
2 3 3    0.286411
3 3 1    0.494116
3 3 2    0.16248
3 3 3    0.669241
4 3 1    0.119151
4 3 2   -0.0984239
4 3 3    1.0539
;

W[i,j,k] :=
1 3 4    0.00849708
1 3 5   -0.00786473
1 3 6   -0.00435085
2 3 4    0.0249193
2 3 5   -0.0429572
2 3 6   -0.0121447
3 3 4    0.00854935
3 3 5   -0.00797642
3 3 6   -0.00437565
4 3 4   -0.00789891
4 3 5    0.0271718
4 3 6    0.00343059
;

f11 = 7.75459

f12 = 15

f13 = -2.83703

f21 = 7.19122

f22 = 14.5608

f23 = 1.18765

f31 = 8.19893

f32 = 15

f33 = -0.97982

