solve_message = ' \
Ipopt 3.9.1: Converged to a locally infeasible point. Problem may be infeasible.'

Solve time:
_solve_time = 4.02483

Objective:
torque = 5.96591

cnh1 = 0.877627

cnh2 = -0.130988

cnh3 = -0.0881805

snh1 = 0.331317

snh2 = -0.294652

snh3 = 0.933929

Hx = -0.0246885

Hy = 0.0522756

Hz = 0.0852186

cnf11 = -0.508122

cnf21 = 0.797381

cnf31 = 0.611199

cnf12 = -0.508122

cnf22 = 0.818086

cnf32 = 0.621797

cnt1 = 0.745604

cnt2 = 0.587151

snf11 = 0.78855

snf21 = 0.49415

snf31 = 0.781036

snf12 = 0.78855

snf22 = 0.459058

snf32 = 0.772916

snt1 = 0.569276

snt2 = 0.798505

p :=
1 1    0.0322084
1 2    0.00667764
1 3    0.0589159
2 1   -0.0158727
2 2   -0.0287463
2 3    0.0554295
3 1    0.0154373
3 2   -0.0281599
3 3    0.0575512
;

mf :=
1 1   -0.175146
1 2   -0.225566
1 3    0.05042
2 1    0.151147
2 2   -0.0230438
2 3    0.227714
;

mt [*] :=
1  -0.112445
2  -0.0267289
3   0.27372
;

phi :=
1 1   0.0803126
1 2   0.0966116
1 3   0.032332
2 1   0.0433051
2 2   0.159123
2 3   0.0319143
3 1   0.0801332
3 2   0.0968777
3 3   0.0323264
4 1   0.187163
4 2   0.0279348
4 3   0.0441135
;

l [*,1,*]
:       1            2           3         :=
1   -0.175021    -0.225878    0.0503049
2   -0.331609     0.167315    0.195033
3   -0.175519    -0.224627    0.0507655
4   -0.0186823   -0.618444   -0.0941924

 [*,2,*]
:      1           2           3        :=
1   0.151183   -0.0233946   0.227771
2   0.10634     0.417586    0.156261
3   0.15104    -0.0219911   0.227544
4   0.195953   -0.463671    0.299168

 [*,3,*]
:       1            2           3        :=
1   -0.112407    -0.0270965   0.273678
2   -0.159757     0.434892    0.327045
3   -0.112558    -0.0256261   0.273847
4   -0.0651329   -0.488348    0.220396
;

W[i,j,k] :=
1 1 1   -0.175021
1 1 2   -0.225878
1 1 3    0.0503049
2 1 1   -0.331609
2 1 2    0.167315
2 1 3    0.195033
3 1 1   -0.175519
3 1 2   -0.224627
3 1 3    0.0507655
4 1 1   -0.0186823
4 1 2   -0.618444
4 1 3   -0.0941924
;

W[i,j,k] :=
1 1 4    0.0136437
1 1 5   -0.0119317
1 1 6   -0.00610645
2 1 4   -0.00855513
2 1 5   -0.0258188
2 1 6    0.0076033
3 1 4    0.0135731
3 1 5   -0.0119759
3 1 6   -0.00606281
4 1 4    0.0358072
4 1 5    0.0019331
4 1 6   -0.0197943
;

W[i,j,k] :=
1 2 1    0.151183
1 2 2   -0.0233946
1 2 3    0.227771
2 2 1    0.10634
2 2 2    0.417586
2 2 3    0.156261
3 2 1    0.15104
3 2 2   -0.0219911
3 2 3    0.227544
4 2 1    0.195953
4 2 2   -0.463671
4 2 3    0.299168
;

W[i,j,k] :=
1 2 4   -0.00525082
1 2 5    0.0119953
1 2 6    0.00471727
2 2 4   -0.0276385
2 2 5    0.00837468
2 2 6   -0.00357134
3 2 4   -0.00532208
3 2 5    0.0119838
3 2 6    0.00469089
4 2 4    0.0171011
4 2 5    0.0156102
4 2 6    0.0129927
;

W[i,j,k] :=
1 3 1   -0.112407
1 3 2   -0.0270965
1 3 3    0.273678
2 3 1   -0.159757
2 3 2    0.434892
2 3 3    0.327045
3 3 1   -0.112558
3 3 2   -0.0256261
3 3 3    0.273847
4 3 1   -0.0651329
4 3 2   -0.488348
4 3 3    0.220396
;

W[i,j,k] :=
1 3 4   -0.00614729
1 3 5   -0.010694
1 3 6   -0.00358367
2 3 4   -0.0342381
2 3 5   -0.0142429
2 3 6    0.0022148
3 3 4   -0.0062367
3 3 5   -0.0107053
3 3 6   -0.00356522
4 3 4    0.0218987
4 3 5   -0.00715079
4 3 6   -0.00937289
;

f11 = -3.0256

f12 = 15

f13 = 7.68298

f21 = -0.0271129

f22 = 12.6982

f23 = -6.35848

f31 = -0.324953

f32 = 0

f33 = -0.130316

