solve_message = ' \
Ipopt 3.9.1: Optimal Solution Found'

Solve time:
_solve_time = 3.72842

Objective:
torque = 1.47951

cnh1 = 0.706402

cnh2 = -0.515366

cnh3 = 0.938085

snh1 = 0.617251

snh2 = -0.783836

snh3 = 0.000176462

Hx = 0.0591816

Hy = 0.0519013

Hz = 0.0214854

cnf11 = 0.934709

cnf21 = 0.80266

cnf31 = 0.613837

cnf12 = 0.934709

cnf22 = 0.798239

cnf32 = 0.611625

cnt1 = 0.501745

cnt2 = 0.43747

snf11 = 0

snf21 = 0.485529

snf31 = 0.779039

snf12 = 0

snf22 = 0.492764

snf32 = 0.780715

snt1 = 0.932873

snt2 = 0.918904

p :=
1 1   -0.01068
1 2   -0.0282571
1 3    0.0619482
2 1   -0.0296066
2 2   -0.00651574
2 3    0.060992
3 1    0.0198514
3 2    0.0175113
3 3   -0.0651201
;

mf :=
1 1    0.297272
1 2    0.173946
1 3   -0.731819
2 1    0.218295
2 2    0.276627
2 3   -0.727455
;

mt [*] :=
1  0.0147553
2  0.0130324
3  0.989589
;

phi :=
1 1   0.0636535
1 2   0.0634242
1 3   0.0918973
2 1   0.0241276
2 2   0.0268054
2 3   0.0333935
3 1   0.0634878
3 2   0.0632742
3 3   0.0916298
4 1   0.139933
4 2   0.129631
4 3   0.241379
;

l [*,1,*]
:      1           2           3        :=
1   0.297268    0.173511   -0.731939
2   0.302943    0.719846   -0.581751
3   0.297286    0.17525    -0.731461
4   0.291601   -0.371952   -0.881887

 [*,2,*]
:      1           2           3        :=
1   0.218319    0.276208   -0.727628
2   0.188467    0.801633   -0.510762
3   0.218224    0.277881   -0.726937
4   0.248123   -0.248378   -0.944147

 [*,3,*]
:       1            2           3        :=
1    0.0142526    0.0130583   0.989621
2    0.646086    -0.0195286   0.9498
3    0.0162636    0.0129546   0.989494
4   -0.616573     0.0455933   1.02938
;

W[i,j,k] :=
1 1 1    0.297268
1 1 2    0.173511
1 1 3   -0.731939
2 1 1    0.302943
2 1 2    0.719846
2 1 3   -0.581751
3 1 1    0.297286
3 1 2    0.17525
3 1 3   -0.731461
4 1 1    0.291601
4 1 2   -0.371952
4 1 3   -0.881887
;

W[i,j,k] :=
1 1 4    0.00993382
1 1 5    0.0105981
1 1 6    0.00654684
2 1 4   -0.0281545
2 1 5    0.0125536
2 1 6    0.000872381
3 1 4    0.00981259
3 1 5    0.0106043
3 1 6    0.00652878
4 1 4    0.0479614
4 1 5    0.00864568
4 1 6    0.0122122
;

W[i,j,k] :=
1 2 1    0.218319
1 2 2    0.276208
1 2 3   -0.727628
2 2 1    0.188467
2 2 2    0.801633
2 2 3   -0.510762
3 2 1    0.218224
3 2 2    0.277881
3 2 3   -0.726937
4 2 1    0.248123
4 2 2   -0.248378
4 2 3   -0.944147
;

W[i,j,k] :=
1 2 4   -0.0121055
1 2 5   -0.00822687
1 2 6   -0.00675501
2 2 4   -0.0455653
2 2 5   -0.00362688
2 2 6   -0.0225055
3 2 4   -0.012212
3 2 5   -0.00821223
3 2 6   -0.00680514
4 2 4    0.0213009
4 2 5   -0.0128195
4 2 6    0.00897034
;

W[i,j,k] :=
1 3 1    0.0142526
1 3 2    0.0130583
1 3 3    0.989621
2 3 1    0.646086
2 3 2   -0.0195286
2 3 3    0.9498
3 3 1    0.0162636
3 3 2    0.0129546
3 3 3    0.989494
4 3 1   -0.616573
4 3 2    0.0455933
4 3 3    1.02938
;

W[i,j,k] :=
1 3 4    0.0181799
1 3 5   -0.0205735
1 3 6    9.62987e-06
2 3 4    0.0153605
2 3 5   -0.0609281
2 3 6   -0.0117015
3 3 4    0.0181709
3 3 5   -0.0207019
3 3 6   -2.7644e-05
4 3 4    0.0209947
4 3 5    0.0197167
4 3 6    0.0117021
;

f11 = -0.00516092

f12 = 0

f13 = -0.34996

f21 = 0.287793

f22 = 0

f23 = -0.199183

f31 = 4.22369

f32 = 8.45505

f33 = 0.390293

