solve_message = ' \
Ipopt 3.9.1: Converged to a locally infeasible point. Problem may be infeasible.'

Solve time:
_solve_time = 6.97324

Objective:
torque = 4.33812

cnh1 = -0.280082

cnh2 = 0.352601

cnh3 = -0.149761

snh1 = 0.895295

snh2 = 0.0948166

snh3 = 0.926052

Hx = -0.0910867

Hy = -0.0236173

Hz = 0.0536536

cnf11 = 0.936307

cnf21 = 0.844707

cnf31 = 0.576766

cnf12 = 0.936307

cnf22 = 0.783766

cnf32 = 0.549863

cnt1 = 0.699705

cnt2 = 0.567907

snf11 = 0.0577082

snf21 = 0.639116

snf31 = 0.827585

snf12 = 0.0577082

snf22 = 0.712538

snf32 = 0.846742

snt1 = 0.62483

snt2 = 0.811553

p :=
1 1   -0.0206554
1 2    0.0275548
1 3    0.0292008
2 1   -0.00957697
2 2    0.0324206
2 3    0.0499973
3 1   -0.0313281
3 2    0.0075079
3 3    0.0573028
;

mf :=
1 1    0.0707129
1 2   -0.318446
1 3    0.117108
2 1   -0.0526718
2 2   -0.361823
2 3    0.0829139
;

mt [*] :=
1  -0.182523
2   0.264216
3  -0.081693
;

phi :=
1 1   0.0720424
1 2   0.0584855
1 3   0.111707
2 1   0.0494182
2 2   0.0431856
2 3   0.0942897
3 1   0.0719529
3 2   0.0584327
3 3   0.111635
4 1   0.130037
4 2   0.0765902
4 3   0.153387
;

l [*,1,*]
:       1            2           3         :=
1    0.0710301   -0.318398    0.116968
2   -0.327667    -0.378553    0.293182
3    0.0697611   -0.318589    0.117529
4    0.469092    -0.258338   -0.0589643

 [*,2,*]
:       1            2           3         :=
1   -0.0523589   -0.361778    0.0827726
2   -0.445618    -0.418586    0.260354
3   -0.0536106   -0.361959    0.0833378
4    0.340273    -0.305061   -0.0945252

 [*,3,*]
:       1           2           3         :=
1   -0.182177   0.264368    -0.0815865
2   -0.616181   0.0728252   -0.215393
3   -0.183559   0.263758    -0.0820124
4    0.251134   0.455605     0.0520065
;

W[i,j,k] :=
1 1 1    0.0710301
1 1 2   -0.318398
1 1 3    0.116968
2 1 1   -0.327667
2 1 2   -0.378553
2 1 3    0.293182
3 1 1    0.0697611
3 1 2   -0.318589
3 1 3    0.117529
4 1 1    0.469092
4 1 2   -0.258338
4 1 3   -0.0589643
;

W[i,j,k] :=
1 1 4    0.0125205
1 1 5    0.00449017
1 1 6    0.00461942
2 1 4    0.0191326
2 1 5   -0.00351235
2 1 6    0.016848
3 1 4    0.0125415
3 1 5    0.0044647
3 1 6    0.00465834
4 1 4    0.00591894
4 1 5    0.0124799
4 1 6   -0.00758961
;

W[i,j,k] :=
1 2 1   -0.0523589
1 2 2   -0.361778
1 2 3    0.0827726
2 2 1   -0.445618
2 2 2   -0.418586
2 2 3    0.260354
3 2 1   -0.0536106
3 2 2   -0.361959
3 2 3    0.0833378
4 2 1    0.340273
4 2 2   -0.305061
4 2 3   -0.0945252
;

W[i,j,k] :=
1 2 4    0.0207715
1 2 5   -0.0018251
1 2 6    0.00516225
2 2 4    0.029369
2 2 5   -0.0197863
2 2 6    0.018456
3 2 4    0.0207988
3 2 5   -0.00188226
3 2 6    0.00520456
4 2 4    0.0121877
4 2 5    0.0161075
4 2 6   -0.0081103
;

W[i,j,k] :=
1 3 1   -0.182177
1 3 2    0.264368
1 3 3   -0.0815865
2 3 1   -0.616181
2 3 2    0.0728252
2 3 3   -0.215393
3 3 1   -0.183559
3 3 2    0.263758
3 3 3   -0.0820124
4 3 1    0.251134
4 3 2    0.455605
4 3 3    0.0520065
;

W[i,j,k] :=
1 3 4   -0.0157616
1 3 5   -0.0129952
1 3 6   -0.00691439
2 3 4   -0.00579023
2 3 5   -0.0420567
2 3 6    0.00234475
3 3 4   -0.0157298
3 3 5   -0.0130877
3 3 6   -0.00688492
4 3 4   -0.025717
4 3 5    0.0160199
4 3 6   -0.0161588
;

f11 = -1.49843

f12 = 13.1861

f13 = -2.34419

f21 = -0.0218477

f22 = 1.94035

f23 = 0.814209

f31 = 4.23366

f32 = 14.123

f33 = -2.32524

