solve_message = ' \
Ipopt 3.9.1: Converged to a locally infeasible point. Problem may be infeasible.'

Solve time:
_solve_time = 2.94842

Objective:
torque = 4.86564

cnh1 = -0.904876

cnh2 = 0.562908

cnh3 = 0.937331

snh1 = 0.247386

snh2 = 0.750423

snh3 = -0.0375638

Hx = 0.0735074

Hy = -0.0188466

Hz = 0.0187331

cnf11 = 0.920669

cnf21 = 0.500808

cnf31 = 0.497264

cnf12 = 0.920669

cnf22 = -0.0800879

cnf32 = 0.371367

cnt1 = 0.517145

cnt2 = 0.502506

snf11 = 0.179913

snf21 = 0.793216

snf31 = 0.852312

snf12 = 0.179913

snf22 = 0.934658

snf32 = 0.861444

snt1 = 0.782663

snt2 = 0.849693

p :=
1 1    0.0316752
1 2   -0.00279684
1 3    0.0582471
2 1    0.0249609
2 2   -0.0177635
2 3    0.0601167
3 1    0.026722
3 2   -0.0137842
3 3    0.0634589
;

mf :=
1 1    0.630419
1 2   -0.291443
1 3    0.338975
2 1    0.679905
2 2   -0.109771
2 3   -0.247316
;

mt [*] :=
1  -0.162509
2   0.0592297
3  -0.838655
;

phi :=
1 1   0.0989199
1 2   0.00137928
1 3   0.101037
2 1   0
2 2   0
2 3   0
3 1   0.0985376
3 2   0.00115866
3 3   0.100564
4 1   0.23675
4 2   0.087459
4 3   0.281876
;

l [*,1,*]
:      1           2            3        :=
1   0.630393   -0.291142     0.339326
2   0.662577   -0.66984     -0.101635
3   0.630495   -0.292347     0.337923
4   0.59826     0.0869519    0.779584

 [*,2,*]
:      1           2           3         :=
1   0.680041   -0.109423   -0.247073
2   0.509259   -0.546123   -0.552914
3   0.679497   -0.110813   -0.248046
4   0.850551    0.32658     0.0582801

 [*,3,*]
:       1           2            3        :=
1   -0.162888    0.0589581   -0.83861
2    0.312735    0.400292    -0.895745
3   -0.161374    0.0600444   -0.838791
4   -0.637752   -0.281832    -0.781566
;

W[i,j,k] :=
1 1 1    0.630393
1 1 2   -0.291142
1 1 3    0.339326
2 1 1    0.662577
2 1 2   -0.66984
2 1 3   -0.101635
3 1 1    0.630495
3 1 2   -0.292347
3 1 3    0.337923
4 1 1    0.59826
4 1 2    0.0869519
4 1 3    0.779584
;

W[i,j,k] :=
1 1 4    0.0160092
1 1 5    0.0259704
1 1 6   -0.00745887
2 1 4    0.0393005
2 1 5    0.0418125
2 1 6   -0.0193642
3 1 4    0.0160833
3 1 5    0.0260208
3 1 6   -0.00749676
4 1 4   -0.00724507
4 1 5    0.0101535
4 1 6    0.00442745
;

W[i,j,k] :=
1 2 1    0.680041
1 2 2   -0.109423
1 2 3   -0.247073
2 2 1    0.509259
2 2 2   -0.546123
2 2 3   -0.552914
3 2 1    0.679497
3 2 2   -0.110813
3 2 3   -0.248046
4 2 1    0.850551
4 2 2    0.32658
4 2 3    0.0582801
;

W[i,j,k] :=
1 2 4    0.010967
1 2 5    0.047049
1 2 6    0.00934861
2 2 4    0.0426528
2 2 5    0.0444162
2 2 6   -0.00458551
3 2 4    0.0110679
3 2 5    0.0470406
3 2 6    0.00930426
4 2 4   -0.0206682
4 2 5    0.0496776
4 2 6    0.0232605
;

W[i,j,k] :=
1 3 1   -0.162888
1 3 2    0.0589581
1 3 3   -0.83861
2 3 1    0.312735
2 3 2    0.400292
2 3 3   -0.895745
3 3 1   -0.161374
3 3 2    0.0600444
3 3 3   -0.838791
4 3 1   -0.637752
4 3 2   -0.281832
4 3 3   -0.781566
;

W[i,j,k] :=
1 3 4    0.00781813
1 3 5    0.0120726
1 3 6   -0.000669797
2 3 4   -0.013055
2 3 5    0.0437819
2 3 6    0.0150074
3 3 4    0.00775169
3 3 5    0.0121736
3 3 6   -0.0006199
4 3 4    0.028658
4 3 5   -0.019586
4 3 6   -0.016322
;

f11 = 7.87754

f12 = 15

f13 = -2.47524

f21 = 0.329462

f22 = 0.472697

f23 = 0.25945

f31 = 4.46903

f32 = 12.3022

f33 = -4.24071

