solve_message = ' \
Ipopt 3.9.1: Optimal Solution Found'

Solve time:
_solve_time = 7.03565

Objective:
torque = 1.46899

cnh1 = -0.450105

cnh2 = -0.286171

cnh3 = 0.934091

snh1 = 0.823056

snh2 = 0.893368

snh3 = -0.0864754

Hx = 0.0353266

Hy = -0.0508804

Hz = 0.053371

cnf11 = 0.932738

cnf21 = 0.826666

cnf31 = 0.626406

cnf12 = 0.932738

cnf22 = 0.813707

cnf32 = 0.619495

cnt1 = 0.471104

cnt2 = 0.424868

snf11 = 0

snf21 = 0.443422

snf31 = 0.769302

snf12 = 0

snf22 = 0.466784

snf32 = 0.774703

snt1 = 0.948715

snt2 = 0.926838

p :=
1 1    0.0241185
1 2   -0.0187978
1 3   -0.0630378
2 1    0.00280219
2 2   -0.0302492
2 3   -0.0604272
3 1   -0.0172921
3 2    0.0273792
3 3    0.0607873
;

mf :=
1 1   -0.121656
1 2    0.359449
1 3    0.711886
2 1   -0.241627
2 2    0.249816
2 3    0.730435
;

mt [*] :=
1   0.411591
2  -0.637804
3  -0.568632
;

phi :=
1 1   0.0652146
1 2   0.0622316
1 3   0.0926756
2 1   0.0250642
2 2   0.0273962
2 3   0.0343682
3 1   0.065046
3 2   0.0620905
3 3   0.0924098
4 1   0.143152
4 2   0.123157
4 3   0.239967
;

l [*,1,*]
:       1            2          3        :=
1   -0.121538     0.359836   0.711686
2   -0.270442    -0.12682    0.963621
3   -0.122012     0.358287   0.712488
4    0.0271284    0.845716   0.460153

 [*,2,*]
:       1            2          3        :=
1   -0.241512     0.250232   0.730316
2   -0.385887    -0.273381   0.879744
3   -0.241972     0.248566   0.730791
4   -0.0973687    0.77301    0.581125

 [*,3,*]
:       1            2           3        :=
1    0.411184    -0.637844   -0.568953
2    0.92245     -0.587839   -0.165409
3    0.412811    -0.637684   -0.567669
4   -0.0992664   -0.687769   -0.971854
;

W[i,j,k] :=
1 1 1   -0.121538
1 1 2    0.359836
1 1 3    0.711686
2 1 1   -0.270442
2 1 2   -0.12682
2 1 3    0.963621
3 1 1   -0.122012
3 1 2    0.358287
3 1 3    0.712488
4 1 1    0.0271284
4 1 2    0.845716
4 1 3    0.460153
;

W[i,j,k] :=
1 1 4    0.00930512
1 1 5   -0.00950326
1 1 6    0.00639401
2 1 4   -0.0261084
2 1 5   -0.006193
2 1 6   -0.00814232
3 1 4    0.00919241
3 1 5   -0.00949272
3 1 6    0.00634774
4 1 4    0.0446622
4 1 5   -0.0128082
4 1 6    0.0209071
;

W[i,j,k] :=
1 2 1   -0.241512
1 2 2    0.250232
1 2 3    0.730316
2 2 1   -0.385887
2 2 2   -0.273381
2 2 3    0.879744
3 2 1   -0.241972
3 2 2    0.248566
3 2 3    0.730791
4 2 1   -0.0973687
4 2 2    0.77301
4 2 3    0.581125
;

W[i,j,k] :=
1 2 4   -0.00697064
1 2 5    0.0125474
1 2 6   -0.0066043
2 2 4   -0.0431312
2 2 5    0.0208528
2 2 6   -0.0124387
3 2 4   -0.00708573
3 2 5    0.0125739
3 2 6   -0.00662287
4 2 4    0.0291322
4 2 5    0.00425531
4 2 6   -0.000779202
;

W[i,j,k] :=
1 3 1    0.411184
1 3 2   -0.637844
1 3 3   -0.568953
2 3 1    0.92245
2 3 2   -0.587839
2 3 3   -0.165409
3 3 1    0.412811
3 3 2   -0.637684
3 3 3   -0.567669
4 3 1   -0.0992664
4 3 2   -0.687769
4 3 3   -0.971854
;

W[i,j,k] :=
1 3 4    0.0231953
1 3 5    0.0151564
1 3 6   -0.000228206
2 3 4    0.0312044
2 3 5    0.053213
2 3 6   -0.0150908
3 3 4    0.0232208
3 3 5    0.0152775
3 3 6   -0.00027551
4 3 4    0.0151991
4 3 5   -0.0228395
4 3 6    0.0146107
;

f11 = 0.0266571

f12 = 0

f13 = -0.348981

f21 = 0.0865412

f22 = 0

f23 = -0.122684

f31 = 4.23462

f32 = 8.49549

f33 = 0.480958

