solve_message = ' \
Ipopt 3.9.1: Maximum Number of Iterations Exceeded.'

Solve time:
_solve_time = 78.8741

Objective:
torque = 7.16624

cnh1 = 0.088083

cnh2 = -0.715449

cnh3 = -0.182256

snh1 = 1.02437

snh2 = -0.67124

snh3 = 1.01101

Hx = -0.148627

Hy = -0.0022212

Hz = -0.0385896

cnf11 = 0.585294

cnf21 = 0.758027

cnf31 = 0.576219

cnf12 = 0.580104

cnf22 = 0.624418

cnf32 = 0.506524

cnt1 = 0.56945

cnt2 = 0.493466

snf11 = 0.762164

snf21 = 0.606775

snf31 = 0.813579

snf12 = 0.762872

snf22 = 0.792312

snf32 = 0.866286

snt1 = 0.832408

snt2 = 0.871977

p :=
1 1   -0.0178048
1 2    0.0168285
1 3    0.0648801
2 1    0.0145748
2 2   -0.0318603
2 3   -0.0456256
3 1    0.0171769
3 2    0.0283195
3 3   -0.0572724
;

mf :=
1 1    0.0560898
1 2   -0.0946128
1 3   -0.945677
2 1   -0.461462
2 2    0.910764
2 3    0.086217
;

mt [*] :=
1  -0.539905
2  -0.697795
3   0.557284
;

phi :=
1 1   0.0866905
1 2   0.0731999
1 3   0.0917149
2 1   0.0430707
2 2   0.0305875
2 3   0.045256
3 1   0.0864985
3 2   0.0730105
3 3   0.0915091
4 1   0.2024
4 2   0.186677
4 3   0.209255
;

l [*,1,*]
:       1            2           3        :=
1    0.0708459   -0.108654   -0.912391
2   -0.447132    -0.630406   -0.896666
3    0.0691941   -0.110315   -0.912341
4    0.589477     0.412234   -0.927702

 [*,2,*]
:       1           2           3        :=
1   -0.445449    0.899991    0.106171
2   -0.869999    0.773508   -0.450171
3   -0.446802    0.899589    0.1044
4   -0.0202405   1.02631     0.662172

 [*,3,*]
:        1            2          3        :=
1   -0.525301     -0.684574   0.552601
2   -1.05795      -0.173722   0.702292
3   -0.526999     -0.682949   0.553076
4    0.00746629   -1.1944     0.403546
;

W[i,j,k] :=
1 1 1    0.0763378
1 1 2   -0.107627
1 1 3   -0.907821
2 1 1   -0.45269
2 1 2   -0.637665
2 1 3   -0.889548
3 1 1    0.0746483
3 1 2   -0.109314
3 1 3   -0.907764
4 1 1    0.607416
4 1 2    0.421603
4 1 3   -0.925173
;

W[i,j,k] :=
1 1 4   -0.00588978
1 1 5   -0.0131812
1 1 6    0.00068462
2 1 4    0.028498
2 1 5   -0.0469329
2 1 6    0.019265
3 1 4   -0.00578034
3 1 5   -0.0132888
3 1 6    0.000743803
4 1 4   -0.0402447
4 1 5    0.0206183
4 1 6   -0.0178915
;

W[i,j,k] :=
1 2 1   -0.441567
1 2 2    0.900496
1 2 3    0.108008
2 2 1   -0.869473
2 2 2    0.772581
2 2 3   -0.448325
3 2 1   -0.442935
3 2 2    0.900089
3 2 3    0.106236
4 2 1   -0.0112088
4 2 2    1.0283
4 2 3    0.664673
;

W[i,j,k] :=
1 2 4    0.0386739
1 2 5    0.0191541
1 2 6   -0.000723896
2 2 4    0.0505519
2 2 5    0.0473214
2 2 6   -0.015834
3 2 4    0.0387117
3 2 5    0.0192439
3 2 6   -0.000772082
4 2 4    0.0267725
4 2 5   -0.00900369
4 2 6    0.0143932
;

W[i,j,k] :=
1 3 1   -0.521088
1 3 2   -0.686076
1 3 3    0.555352
2 3 1   -1.05959
2 3 2   -0.17207
2 3 3    0.702691
3 3 1   -0.522808
3 3 2   -0.68444
3 3 3    0.555819
4 3 1    0.0189607
4 3 2   -1.19889
4 3 3    0.409203
;

W[i,j,k] :=
1 3 4   -0.0229994
1 3 5    0.0208486
1 3 6    0.00337955
2 3 4    0.0107492
2 3 5    0.0490643
2 3 6    0.0266864
3 3 4   -0.022892
3 3 5    0.0209386
3 3 6    0.00345379
4 3 4   -0.0567546
4 3 5   -0.00731797
4 3 6   -0.0199155
;

f11 = 1.68499

f12 = 13.7384

f13 = -1.17706

f21 = 6.51708

f22 = 14.1045

f23 = -0.200235

f31 = 4.93132

f32 = 14.344

f33 = 2.30114

