solve_message = ' \
Ipopt 3.9.1: Maximum Number of Iterations Exceeded.'

Solve time:
_solve_time = 78.2969

Objective:
torque = 5.75154

cnh1 = -1.0357

cnh2 = -0.894294

cnh3 = -0.932219

snh1 = 0.13266

snh2 = 0.422492

snh3 = 0.297345

Hx = -0.23097

Hy = -0.0147107

Hz = -0.0333581

cnf11 = 0.968836

cnf21 = 0.967575

cnf31 = 0.734188

cnf12 = 0.969337

cnf22 = 1

cnf32 = 0.730167

cnt1 = 0.376112

cnt2 = 0.393461

snf11 = 0

snf21 = 0.0276603

snf31 = 0.67372

snf12 = 0

snf22 = 0.0753883

snf32 = 0.691408

snt1 = 0.978952

snt2 = 0.942523

p :=
1 1    0.0144008
1 2   -0.0264659
1 3   -0.0625912
2 1    0.0227958
2 2   -0.0196439
2 3   -0.0620387
3 1   -0.0271621
3 2    0.0141378
3 3    0.0626502
;

mf :=
1 1   -0.293162
1 2    0.194579
1 3    0.867834
2 1   -0.381012
2 2    0.341515
2 3    0.893603
;

mt [*] :=
1   0.338834
2  -0.285046
3  -0.958871
;

phi :=
1 1   0.0678404
1 2   0.0661179
1 3   0.122483
2 1   0.0648498
2 2   0.0648712
2 3   0.121958
3 1   0.0678278
3 2   0.0661121
3 3   0.122473
4 1   0.0730887
4 2   0.0690799
4 3   0.128935
;

l [*,1,*]
:       1           2          3        :=
1   -0.292774    0.194083   0.867965
2   -0.798845    0.598095   0.628181
3   -0.294384    0.195369   0.867202
4    0.212492   -0.209284   1.10737

 [*,2,*]
:       1            2          3        :=
1   -0.380606     0.341289   0.893878
2   -0.835927     0.785195   0.558011
3   -0.382055     0.342701   0.892809
4    0.0739888   -0.101909   1.22922

 [*,3,*]
:       1           2           3        :=
1    0.339301   -0.284608   -0.958845
2   -0.182634   -0.824938   -0.970846
3    0.337639   -0.286328   -0.958883
4    0.860405    0.254861   -0.946859
;

W[i,j,k] :=
1 1 1   -0.292721
1 1 2    0.194082
1 1 3    0.867998
2 1 1   -0.798783
2 1 2    0.59812
2 1 3    0.628234
3 1 1   -0.294331
3 1 2    0.195368
3 1 3    0.867235
4 1 1    0.212537
4 1 2   -0.209311
4 1 3    1.10738
;

W[i,j,k] :=
1 1 4   -0.0108414
1 1 5    0.00584875
1 1 6   -0.00497814
2 1 4    0.0207756
2 1 5    0.040968
2 1 6   -0.0125851
3 1 4   -0.0107407
3 1 5    0.00596053
3 1 6   -0.00500235
4 1 4   -0.0424079
4 1 5   -0.0292145
4 1 6    0.00261675
;

W[i,j,k] :=
1 2 1   -0.380535
1 2 2    0.341275
1 2 3    0.893886
2 2 1   -0.835819
2 2 2    0.785199
2 2 3    0.558039
3 2 1   -0.381984
3 2 2    0.342688
3 2 3    0.892817
4 2 1    0.0740243
4 2 2   -0.10194
4 2 3    1.22921
;

W[i,j,k] :=
1 2 4    0.00357305
1 2 5    0.00325834
1 2 6    0.000284353
2 2 4    0.0376641
2 2 5    0.0391582
2 2 6    0.00144157
3 2 4    0.00368155
3 2 5    0.0033726
3 2 6    0.000288036
4 2 4   -0.0304638
4 2 5   -0.0325845
4 2 6   -0.000871003
;

W[i,j,k] :=
1 3 1    0.339397
1 3 2   -0.284583
1 3 3   -0.958807
2 3 1   -0.182548
2 3 2   -0.824893
2 3 3   -0.970849
3 3 1    0.337736
3 3 2   -0.286303
3 3 3   -0.958846
4 3 1    0.860514
4 3 2    0.254865
4 3 3   -0.94678
;

W[i,j,k] :=
1 3 4    0.00429678
1 3 5   -0.00478437
1 3 6    0.00292499
2 3 4    0.037843
2 3 5   -0.0377703
2 3 6    0.0249545
3 3 4    0.00440355
3 3 5   -0.00488936
3 3 6    0.00299511
4 3 4   -0.0291959
4 3 5    0.0281492
4 3 6   -0.0190694
;

f11 = -3.57787

f12 = 14.0863

f13 = 0.764884

f21 = -3.64254

f22 = 4.54523

f23 = -2.29334

f31 = 6.61432

f32 = 14.4205

f33 = -1.11368

