solve_message = ' \
Ipopt 3.9.1: Optimal Solution Found'

Solve time:
_solve_time = 2.63642

Objective:
torque = 2.00387

cnh1 = -0.163447

cnh2 = -0.213702

cnh3 = 0.831274

snh1 = -0.923735

snh2 = 0.913417

snh3 = 0.656494

Hx = 0.0678089

Hy = 0.0432435

Hz = 0.0367983

cnf11 = 0.938021

cnf21 = 0.778435

cnf31 = 0.602045

cnf12 = 0.938021

cnf22 = 0.791778

cnf32 = 0.553289

cnt1 = 0.504114

cnt2 = 0.438427

snf11 = 0

snf21 = 0.523487

snf31 = 0.78784

snf12 = 0

snf22 = 0.703625

snf32 = 0.844358

snt1 = 0.931595

snt2 = 0.918307

p :=
1 1   -0.00622812
1 2    0.0289764
1 3   -0.0637638
2 1    0.0113002
2 2   -0.0177589
2 3   -0.0638128
3 1   -0.0119236
3 2   -0.0291806
3 3    0.0587771
;

mf :=
1 1   -0.0782052
1 2   -0.198416
1 3    0.786913
2 1    0.0869688
2 2   -0.111057
2 3    0.93249
;

mt [*] :=
1   0.493938
2   0.548945
3  -0.683211
;

phi :=
1 1   0.0707955
1 2   0.0389867
1 3   0.0793442
2 1   0.0193542
2 2   0.00156232
2 3   0.01593
3 1   0.0705615
3 2   0.0388239
3 3   0.0790326
4 1   0.199804
4 2   0.11988
4 3   0.295146
;

l [*,1,*]
:       1            2          3        :=
1   -0.0787244   -0.198373   0.786876
2    0.573784    -0.252206   0.832638
3   -0.0766476   -0.198545   0.787022
4   -0.730192    -0.144627   0.741188

 [*,2,*]
:       1            2          3        :=
1    0.0864092   -0.111062   0.932524
2    0.789719    -0.104255   0.889
3    0.0886477   -0.111041   0.932386
4   -0.615779    -0.117859   0.97598

 [*,3,*]
:      1          2           3        :=
1   0.49396    0.548514   -0.683559
2   0.466205   1.09005    -0.245898
3   0.493872   0.550238   -0.682166
4   0.521671   0.007842   -1.12052
;

W[i,j,k] :=
1 1 1   -0.0787244
1 1 2   -0.198373
1 1 3    0.786876
2 1 1    0.573784
2 1 2   -0.252206
2 1 3    0.832638
3 1 1   -0.0766476
3 1 2   -0.198545
3 1 3    0.787022
4 1 1   -0.730192
4 1 2   -0.144627
4 1 3    0.741188
;

W[i,j,k] :=
1 1 4    0.0101518
1 1 5    0.00992052
1 1 6    0.00351664
2 1 4    0.00804522
2 1 5   -0.0314009
2 1 6   -0.0150554
3 1 4    0.0101451
3 1 5    0.00978901
3 1 6    0.00345753
4 1 4    0.012255
4 1 5    0.051176
4 1 6    0.0220591
;

W[i,j,k] :=
1 2 1    0.0864092
1 2 2   -0.111062
1 2 3    0.932524
2 2 1    0.789719
2 2 2   -0.104255
2 2 3    0.889
3 2 1    0.0886477
3 2 2   -0.111041
3 2 3    0.932386
4 2 1   -0.615779
4 2 2   -0.117859
4 2 3    0.97598
;

W[i,j,k] :=
1 2 4   -0.0236478
1 2 5   -0.0160517
1 2 6    0.000279504
2 2 4   -0.0224404
2 2 5   -0.06044
2 2 6    0.0128464
3 2 4   -0.0236439
3 2 5   -0.016193
3 2 6    0.000319501
4 2 4   -0.0248532
4 2 5    0.0282658
4 2 6   -0.0122674
;

W[i,j,k] :=
1 3 1    0.49396
1 3 2    0.548514
1 3 3   -0.683559
2 3 1    0.466205
2 3 2    1.09005
2 3 3   -0.245898
3 3 1    0.493872
3 3 2    0.550238
3 3 3   -0.682166
4 3 1    0.521671
4 3 2    0.007842
4 3 3   -1.12052
;

W[i,j,k] :=
1 3 4   -0.0122934
1 3 5    0.020883
1 3 6    0.00787378
2 3 4   -0.0568945
2 3 5    0.0244702
2 3 6    0.000606818
3 3 4   -0.0124353
3 3 5    0.0208945
3 3 6    0.00785065
4 3 4    0.0322366
4 3 5    0.0173016
4 3 6    0.0151291
;

f11 = 1.4818

f12 = 3.04131

f13 = -0.486476

f21 = -0.330541

f22 = 0

f23 = -0.115078

f31 = 4.19549

f32 = 8.51238

f33 = -0.287539

