solve_message = ' \
Ipopt 3.9.1: Maximum Number of Iterations Exceeded.'

Solve time:
_solve_time = 89.529

Objective:
torque = 6.7122

cnh1 = 0.79036

cnh2 = 0.530466

cnh3 = 0.145914

snh1 = -0.650571

snh2 = 0.782519

snh3 = 1.04376

Hx = 0.0487551

Hy = 0.0784688

Hz = -0.00242398

cnf11 = 0.734838

cnf21 = 0.579641

cnf31 = 0.502191

cnf12 = 0.754464

cnf22 = 0.296824

cnf32 = 0.350935

cnt1 = 0.621462

cnt2 = 0.529845

snf11 = 0.641847

snf21 = 0.799751

snf31 = 0.862738

snf12 = 0.607652

snf22 = 1

snf32 = 0.97305

snt1 = 0.730322

snt2 = 0.839274

p :=
1 1   -0.030678
1 2   -0.0111209
1 3   -0.0620527
2 1    0.00471664
2 2   -0.0357614
2 3    0.0120316
3 1   -0.0314352
3 2    0.0103298
3 3    0.0604927
;

mf :=
1 1   0.354631
1 2   0.336636
1 3   0.817451
2 1   0.0180729
2 2   1.11165
2 3   0.110282
;

mt [*] :=
1   0.545479
2  -0.070434
3  -0.733393
;

phi :=
1 1   0.0157081
1 2   0.0118709
1 3   0.0595027
2 1   0
2 2   0
2 3   0
3 1   0.0154635
3 2   0.0116379
3 3   0.059196
4 1   0.316073
4 2   0.246766
4 3   0.352052
;

l [*,1,*]
:       1          2          3        :=
1    0.356332   0.338523   0.805606
2    0.984998   0.472949   0.534682
3    0.358333   0.338951   0.804744
4   -0.27133    0.20424    1.07606

 [*,2,*]
:       1           2          3        :=
1    0.0187768   1.11119    0.106508
2    0.687301    1.13597    0.416759
3    0.0209045   1.11127    0.107495
4   -0.648645    1.08621   -0.203324

 [*,3,*]
:      1           2            3        :=
1   0.544847   -0.0713683   -0.732597
2   0.3947      0.576073    -0.935783
3   0.544369   -0.0693075   -0.733244
4   0.694743   -0.717892    -0.529777
;

W[i,j,k] :=
1 1 1    0.357365
1 1 2    0.338252
1 1 3    0.805061
2 1 1    0.985837
2 1 2    0.472922
2 1 3    0.533901
3 1 1    0.359365
3 1 2    0.33868
3 1 3    0.804198
4 1 1   -0.270104
4 1 2    0.203647
4 1 3    1.07572
;

W[i,j,k] :=
1 1 4    0.0119052
1 1 5    0.00261687
1 1 6   -0.00636111
2 1 4    0.023293
2 1 5   -0.0447821
2 1 6   -0.00349063
3 1 4    0.0119414
3 1 5    0.00246603
3 1 6   -0.00635197
4 1 4    0.000543701
4 1 5    0.0499245
4 1 6   -0.00923075
;

W[i,j,k] :=
1 2 1    0.0196475
1 2 2    1.11048
1 2 3    0.106298
2 2 1    0.687749
2 2 2    1.13548
2 2 3    0.416143
3 2 1    0.0217739
3 2 2    1.11056
3 2 3    0.107284
4 2 1   -0.64733
4 2 2    1.08504
4 2 3   -0.203204
;

W[i,j,k] :=
1 2 4   -0.0173065
1 2 5   -0.000716681
1 2 6    0.00565252
2 2 4   -0.0292328
2 2 5    0.00669209
2 2 6    0.0280891
3 2 4   -0.0173445
3 2 5   -0.000693057
3 2 6    0.00572395
4 2 4   -0.00535952
4 2 5   -0.00815843
4 2 6   -0.0167616
;

W[i,j,k] :=
1 3 1    0.545472
1 3 2   -0.0716584
1 3 3   -0.732349
2 3 1    0.395486
2 3 2    0.575869
2 3 3   -0.935843
3 3 1    0.544995
3 3 2   -0.0695972
3 3 3   -0.732996
4 3 1    0.695204
4 3 2   -0.718381
4 3 3   -0.529262
;

W[i,j,k] :=
1 3 4   -0.00312518
1 3 5    0.00989609
1 3 6   -0.00353131
2 3 4   -0.0441934
2 3 5   -0.00556177
2 3 6   -0.0216369
3 3 4   -0.00325592
3 3 5    0.00984692
3 3 6   -0.00358893
4 3 4    0.0379006
4 3 5    0.0253067
4 3 6    0.014541
;

f11 = 7.34039

f12 = 15

f13 = 1.98204

f21 = 2.72559

f22 = 6.0254

f23 = -0.119068

f31 = 6.92678

f32 = 15

f33 = -3.79884

