solve_message = ' \
Ipopt 3.9.1: Converged to a locally infeasible point. Problem may be infeasible.'

Solve time:
_solve_time = 64.21

Objective:
torque = 5.98957

cnh1 = 0.554035

cnh2 = -0.933853

cnh3 = -0.165925

snh1 = 0.756998

snh2 = 0.0889883

snh3 = 0.923292

Hx = -0.0565645

Hy = 0.0342623

Hz = -0.014517

cnf11 = 0.321527

cnf21 = 0.517097

cnf31 = 0.502491

cnf12 = 0.321527

cnf22 = 0.46302

cnf32 = 0.485446

cnt1 = 0.401797

cnt2 = 0.46717

snf11 = 0.881261

snf21 = 0.782694

snf31 = 0.849701

snf12 = 0.881261

snf22 = 0.815851

snf32 = 0.857949

snt1 = 0.847679

snt2 = 0.86587

p :=
1 1   -0.0139859
1 2   -0.026547
1 3    0.0635054
2 1    0.012385
2 2   -0.0290675
2 3   -0.0619513
3 1    0.0306449
3 2    0.0157276
3 3    0.00387622
;

mf :=
1 1   -0.0158149
1 2    0.37926
1 3   -0.671664
2 1   -0.315902
2 2    0.449485
2 3    0.551848
;

mt [*] :=
1  -0.762229
2  -0.240347
3  -0.150844
;

phi :=
1 1   0.0403186
1 2   0.0012851
1 3   0
2 1   0
2 2   0
2 3   0
3 1   0.040023
3 2   0.00117964
3 3   0
4 1   0.335586
4 2   0.415753
4 3   0.253163
;

l [*,1,*]
:       1           2           3        :=
1   -0.015375    0.379371   -0.671589
2   -0.568124    0.239869   -0.765845
3   -0.0171343   0.378927   -0.671889
4    0.536493    0.51865    -0.577483

 [*,2,*]
:       1            2           3        :=
1   -0.315884    0.449124     0.552126
2   -0.338095    0.903302     0.203655
3   -0.315955    0.450569     0.551017
4   -0.29371    -0.00433015   0.900041

 [*,3,*]
:       1           2           3        :=
1   -0.762069   -0.240668   -0.151161
2   -0.963403    0.162031    0.246936
3   -0.762709   -0.239386   -0.149894
4   -0.561055   -0.642724   -0.548623
;

W[i,j,k] :=
1 1 1   -0.015375
1 1 2    0.379371
1 1 3   -0.671589
2 1 1   -0.568124
2 1 2    0.239869
2 1 3   -0.765845
3 1 1   -0.0171343
3 1 2    0.378927
3 1 3   -0.671889
4 1 1    0.536493
4 1 2    0.51865
4 1 3   -0.577483
;

W[i,j,k] :=
1 1 4   -0.0062634
1 1 5   -0.0103692
1 1 6   -0.00571401
2 1 4    0.00509793
2 1 5   -0.04679
2 1 6   -0.0184368
3 1 4   -0.00622724
3 1 5   -0.0104851
3 1 6   -0.0057545
4 1 4   -0.0176066
4 1 5    0.0259935
4 1 6    0.00698849
;

W[i,j,k] :=
1 2 1   -0.315884
1 2 2    0.449124
1 2 3    0.552126
2 2 1   -0.338095
2 2 2    0.903302
2 2 3    0.203655
3 2 1   -0.315955
3 2 2    0.450569
3 2 3    0.551017
4 2 1   -0.29371
4 2 2   -0.00433015
4 2 3    0.900041
;

W[i,j,k] :=
1 2 4    0.0117749
1 2 5    0.0127314
1 2 6   -0.00361959
2 2 4    0.050041
2 2 5    0.0184231
2 2 6    0.0013598
3 2 4    0.0118967
3 2 5    0.0127495
3 2 6   -0.00360374
4 2 4   -0.0264302
4 2 5    0.0070487
4 2 6   -0.00859104
;

W[i,j,k] :=
1 3 1   -0.762069
1 3 2   -0.240668
1 3 3   -0.151161
2 3 1   -0.963403
2 3 2    0.162031
2 3 3    0.246936
3 3 1   -0.762709
3 3 2   -0.239386
3 3 3   -0.149894
4 3 1   -0.561055
4 3 2   -0.642724
4 3 3   -0.548623
;

W[i,j,k] :=
1 3 4   -0.00144452
1 3 5    0.00167837
1 3 6    0.00461027
2 3 4    0.00325565
2 3 5   -0.0113017
2 3 6    0.0201175
3 3 4   -0.00142956
3 3 5    0.00163706
3 3 6    0.00465963
4 3 4   -0.00613719
4 3 5    0.0146378
4 3 6   -0.0108722
;

f11 = 8.18307

f12 = 15

f13 = -1.10445

f21 = 6.00961

f22 = 12.1254

f23 = 0.872415

f31 = 3.1672

f32 = 6.45281

f33 = -0.706093

