solve_message = ' \
Ipopt 3.9.1: Optimal Solution Found'

Solve time:
_solve_time = 36.1766

Objective:
torque = 4.00142

cnh1 = 0.751012

cnh2 = 0.867221

cnh3 = 0.20449

snh1 = -0.562126

snh2 = -0.35767

snh3 = 0.915524

Hx = 0.0438061

Hy = 0.0527408

Hz = -0.0237527

cnf11 = 0.0313748

cnf21 = 0.428157

cnf31 = 0.474909

cnf12 = 0.0313748

cnf22 = 0.575512

cnf32 = 0.521943

cnt1 = 0.397025

cnt2 = 0.390819

snf11 = 0.937558

snf21 = 0.834675

snf31 = 0.862642

snf12 = 0.937558

snf22 = 0.740801

snf32 = 0.839388

snt1 = 0.982024

snt2 = 0.949688

p :=
1 1    2.79327e-05
1 2   -0.0321913
1 3   -0.0611041
2 1   -0.0202598
2 2    0.0205602
2 3    0.0642206
3 1   -0.034445
3 2    9.24208e-05
3 3   -0.0159123
;

mf :=
1 1    0.184613
1 2    0.588133
1 3    0.469785
2 1    0.272106
2 2   -0.0542292
2 3   -0.714179
;

mt [*] :=
1  0.938343
2  0.131687
3  0.134259
;

phi :=
1 1   0.0531446
1 2   0.0697335
1 3   0
2 1   0
2 2   0.00311746
2 3   0
3 1   0.0528118
3 2   0.0693852
3 3   0
4 1   0.383294
4 2   0.378105
4 3   0.0544882
;

l [*,1,*]
:       1          2          3        :=
1    0.184168   0.588182   0.469846
2    0.742944   0.526681   0.392602
3    0.185947   0.587986   0.4696
4   -0.373716   0.649584   0.546967

 [*,2,*]
:      1           2            3        :=
1   0.272167   -0.0546778   -0.714091
2   0.195974    0.509132    -0.825071
3   0.271924   -0.0528833   -0.714444
4   0.348238   -0.617588    -0.603288

 [*,3,*]
:      1           2           3        :=
1   0.93832     0.131474    0.13474
2   0.967332    0.398288   -0.46922
3   0.938413    0.132323    0.132817
4   0.909355   -0.134914    0.737736
;

W[i,j,k] :=
1 1 1    0.184168
1 1 2    0.588182
1 1 3    0.469846
2 1 1    0.742944
2 1 2    0.526681
2 1 3    0.392602
3 1 1    0.185947
3 1 2    0.587986
3 1 3    0.4696
4 1 1   -0.373716
4 1 2    0.649584
4 1 3    0.546967
;

W[i,j,k] :=
1 1 4    0.0208153
1 1 5   -0.0112665
1 1 6    0.00594503
2 1 4    0.019544
2 1 5   -0.0454079
2 1 6    0.023931
3 1 4    0.0208113
3 1 5   -0.0113752
3 1 6    0.00600228
4 1 4    0.0220846
4 1 5    0.0228203
4 1 6   -0.0120122
;

W[i,j,k] :=
1 2 1    0.272167
1 2 2   -0.0546778
1 2 3   -0.714091
2 2 1    0.195974
2 2 2    0.509132
2 2 3   -0.825071
3 2 1    0.271924
3 2 2   -0.0528833
3 2 3   -0.714444
4 2 1    0.348238
4 2 2   -0.617588
4 2 3   -0.603288
;

W[i,j,k] :=
1 2 4   -0.0111704
1 2 5    0.00301137
1 2 6   -0.00448804
2 2 4   -0.0496604
2 2 5   -0.00413021
2 2 6   -0.0143441
3 2 4   -0.0112929
3 2 5    0.00298864
3 2 6   -0.00451941
4 2 4    0.0272581
4 2 5    0.0101416
4 2 6    0.00535233
;

W[i,j,k] :=
1 3 1    0.93832
1 3 2    0.131474
1 3 3    0.13474
2 3 1    0.967332
2 3 2    0.398288
2 3 3   -0.46922
3 3 1    0.938413
3 3 2    0.132323
3 3 3    0.132817
4 3 1    0.909355
4 3 2   -0.134914
4 3 3    0.737736
;

W[i,j,k] :=
1 3 4    0.00210452
1 3 5   -0.0102897
1 3 6   -0.00461534
2 3 4    0.00629432
2 3 5   -0.0315548
2 3 6   -0.0138084
3 3 4    0.00211785
3 3 5   -0.0103574
3 3 6   -0.0046446
4 3 4   -0.0020786
4 3 5    0.0109414
4 3 6    0.00456306
;

f11 = 5.75584

f12 = 11.5536

f13 = -0.601338

f21 = 5.7609

f22 = 11.5027

f23 = 0.100323

f31 = 0.31639

f32 = 0

f33 = -0.149658

