solve_message = ' \
Ipopt 3.9.1: Optimal Solution Found'

Solve time:
_solve_time = 5.42883

Objective:
torque = 1.46899

cnh1 = 0.82306

cnh2 = 0.286171

cnh3 = -0.934091

snh1 = 0.450099

snh2 = 0.893368

snh3 = 0.086477

Hx = 0.0508806

Hy = 0.0353263

Hz = 0.0533711

cnf11 = 0.932738

cnf21 = 0.826667

cnf31 = 0.626407

cnf12 = 0.932738

cnf22 = 0.813707

cnf32 = 0.619495

cnt1 = 0.471103

cnt2 = 0.424868

snf11 = 0

snf21 = 0.443421

snf31 = 0.769302

snf12 = 0

snf22 = 0.466783

snf32 = 0.774702

snt1 = 0.948716

snt2 = 0.926839

p :=
1 1    0.018798
1 2    0.0241183
1 3   -0.0630378
2 1    0.0302493
2 2    0.00280203
2 3   -0.0604272
3 1   -0.0273793
3 2   -0.0172919
3 3    0.0607873
;

mf :=
1 1   -0.359451
1 2   -0.121654
1 3    0.711886
2 1   -0.249818
2 2   -0.241626
2 3    0.730434
;

mt [*] :=
1   0.637807
2   0.411587
3  -0.568632
;

phi :=
1 1   0.0652174
1 2   0.0622316
1 3   0.0926739
2 1   0.0250665
2 2   0.0273997
2 3   0.0343659
3 1   0.0650487
3 2   0.0620905
3 3   0.0924082
4 1   0.143155
4 2   0.123146
4 3   0.239972
;

l [*,1,*]
:       1           2           3        :=
1   -0.359838   -0.121536    0.711685
2    0.126817   -0.270443    0.963621
3   -0.358289   -0.12201     0.712487
4   -0.845716    0.0271334   0.460151

 [*,2,*]
:       1           2          3        :=
1   -0.250235   -0.241511   0.730315
2    0.273377   -0.385889   0.879744
3   -0.248568   -0.241971   0.73079
4   -0.773011   -0.097364   0.581124

 [*,3,*]
:      1           2            3        :=
1   0.637847    0.41118     -0.568953
2   0.587845    0.922446    -0.165408
3   0.637688    0.412807    -0.567668
4   0.687769   -0.0992705   -0.971853
;

W[i,j,k] :=
1 1 1   -0.359838
1 1 2   -0.121536
1 1 3    0.711685
2 1 1    0.126817
2 1 2   -0.270443
2 1 3    0.963621
3 1 1   -0.358289
3 1 2   -0.12201
3 1 3    0.712487
4 1 1   -0.845716
4 1 2    0.0271334
4 1 3    0.460151
;

W[i,j,k] :=
1 1 4    0.00950325
1 1 5    0.00930511
1 1 6    0.00639401
2 1 4    0.00619278
2 1 5   -0.0261084
2 1 6   -0.00814229
3 1 4    0.00949271
3 1 5    0.0091924
3 1 6    0.00634774
4 1 4    0.0128084
4 1 5    0.0446621
4 1 6    0.0209071
;

W[i,j,k] :=
1 2 1   -0.250235
1 2 2   -0.241511
1 2 3    0.730315
2 2 1    0.273377
2 2 2   -0.385889
2 2 3    0.879744
3 2 1   -0.248568
3 2 2   -0.241971
3 2 3    0.73079
4 2 1   -0.773011
4 2 2   -0.097364
4 2 3    0.581124
;

W[i,j,k] :=
1 2 4   -0.0125475
1 2 5   -0.0069705
1 2 6   -0.0066043
2 2 4   -0.0208531
2 2 5   -0.043131
2 2 6   -0.0124387
3 2 4   -0.0125739
3 2 5   -0.00708559
3 2 6   -0.00662287
4 2 4   -0.00425512
4 2 5    0.0291323
4 2 6   -0.000779187
;

W[i,j,k] :=
1 3 1    0.637847
1 3 2    0.41118
1 3 3   -0.568953
2 3 1    0.587845
2 3 2    0.922446
2 3 3   -0.165408
3 3 1    0.637688
3 3 2    0.412807
3 3 3   -0.567668
4 3 1    0.687769
4 3 2   -0.0992705
4 3 3   -0.971853
;

W[i,j,k] :=
1 3 4   -0.0151563
1 3 5    0.0231955
1 3 6   -0.000228222
2 3 4   -0.0532128
2 3 5    0.0312047
2 3 6   -0.0150908
3 3 4   -0.0152774
3 3 5    0.023221
3 3 6   -0.000275527
4 3 4    0.0228395
4 3 5    0.015199
4 3 6    0.0146107
;

f11 = 0.026656

f12 = 0

f13 = -0.348981

f21 = 0.0865353

f22 = 0

f23 = -0.12268

f31 = 4.23462

f32 = 8.49549

f33 = 0.480961

