solve_message = ' \
Ipopt 3.9.1: Optimal Solution Found'

Solve time:
_solve_time = 5.39763

Objective:
torque = 1.70351

cnh1 = 0.603392

cnh2 = -0.208303

cnh3 = 0.734964

snh1 = -0.718275

snh2 = 0.914664

snh3 = 0.58295

Hx = 0.0113238

Hy = 0.0646567

Hz = 0.0439651

cnf11 = 0.937937

cnf21 = 0.831343

cnf31 = 0.628981

cnf12 = 0.937937

cnf22 = 0.853911

cnf32 = 0.581028

cnt1 = 0.431066

cnt2 = 0.407424

snf11 = 0.0165764

snf21 = 0.434591

snf31 = 0.767262

snf12 = 0.0165764

snf22 = 0.626764

snf32 = 0.824452

snt1 = 0.967565

snt2 = 0.938179

p :=
1 1   -0.0261483
1 2    0.0146147
1 3   -0.0635426
2 1    0.0204522
2 2   -0.00190298
2 3   -0.0638408
3 1    0.0142677
3 2   -0.0281076
3 3    0.0593163
;

mf :=
1 1    0.117774
1 2   -0.285077
1 3    0.750883
2 1    0.11115
2 2   -0.133786
2 3    0.921687
;

mt [*] :=
1  -0.0907947
2   0.730521
3  -0.61839
;

phi :=
1 1   0.0724093
1 2   0.0405925
1 3   0.0847232
2 1   0.0227659
2 2   0.0040647
2 3   0.0218632
3 1   0.0721877
3 2   0.0404356
3 3   0.0844204
4 1   0.189145
4 2   0.116446
4 3   0.280872
;

l [*,1,*]
:       1           2          3        :=
1    0.117443   -0.285393   0.750814
2    0.533649    0.111578   0.837181
3    0.118767   -0.284129   0.751089
4   -0.2981     -0.681731   0.664586

 [*,2,*]
:       1           2          3        :=
1    0.110827   -0.134164   0.921668
2    0.516567    0.340546   0.945234
3    0.112119   -0.132653   0.921743
4   -0.294264   -0.608116   0.89814

 [*,3,*]
:       1           2           3        :=
1   -0.0904972   0.730324   -0.618754
2   -0.464375    0.978777   -0.16172
3   -0.0916872   0.731114   -0.617299
4    0.282784    0.482267   -1.07506
;

W[i,j,k] :=
1 1 1    0.117443
1 1 2   -0.285393
1 1 3    0.750814
2 1 1    0.533649
2 1 2    0.111578
2 1 3    0.837181
3 1 1    0.118767
3 1 2   -0.284129
3 1 3    0.751089
4 1 1   -0.2981
4 1 2   -0.681731
4 1 3    0.664586
;

W[i,j,k] :=
1 1 4   -0.00716165
1 1 5    0.0121699
1 1 6    0.00574613
2 1 4    0.0193252
2 1 5   -0.0120186
2 1 6   -0.0107167
3 1 4   -0.00707734
3 1 5    0.0120929
3 1 6    0.00569373
4 1 4   -0.0336062
4 1 5    0.0363198
4 1 6    0.0221827
;

W[i,j,k] :=
1 2 1    0.110827
1 2 2   -0.134164
1 2 3    0.921668
2 2 1    0.516567
2 2 2    0.340546
2 2 3    0.945234
3 2 1    0.112119
3 2 2   -0.132653
3 2 3    0.921743
4 2 1   -0.294264
4 2 2   -0.608116
4 2 3    0.89814
;

W[i,j,k] :=
1 2 4   -0.010319
1 2 5   -0.0259254
1 2 6   -0.00253303
2 2 4    0.019942
2 2 5   -0.0523101
2 2 6    0.00794789
3 2 4   -0.0102227
3 2 5   -0.0260094
3 2 6   -0.00249968
4 2 4   -0.0405318
4 2 5    0.000417174
4 2 6   -0.0129972
;

W[i,j,k] :=
1 3 1   -0.0904972
1 3 2    0.730324
1 3 3   -0.618754
2 3 1   -0.464375
2 3 2    0.978777
2 3 3   -0.16172
3 3 1   -0.0916872
3 3 2    0.731114
3 3 3   -0.617299
4 3 1    0.282784
4 3 2    0.482267
4 3 3   -1.07506
;

W[i,j,k] :=
1 3 4   -0.0259285
1 3 5    0.00346021
1 3 6    0.00787636
2 3 4   -0.0535119
2 3 5   -0.0252377
2 3 6    0.000912407
3 3 4   -0.0260163
3 3 5    0.00336888
3 3 6    0.00785419
4 3 4    0.00161098
4 3 5    0.0321123
4 3 6    0.0148292
;

f11 = 0.560946

f12 = 1.17095

f13 = -0.384869

f21 = -0.0497433

f22 = 0

f23 = -0.346453

f31 = 4.22918

f32 = 8.56106

f33 = -0.7463

