solve_message = ' \
Ipopt 3.9.1: Optimal Solution Found'

Solve time:
_solve_time = 46.4259

Objective:
torque = 1.7035

cnh1 = 0.718257

cnh2 = 0.208298

cnh3 = -0.734906

snh1 = 0.603413

snh2 = 0.914665

snh3 = -0.583021

Hx = 0.0646566

Hy = -0.0113294

Hz = 0.0439645

cnf11 = 0.937937

cnf21 = 0.831347

cnf31 = 0.628984

cnf12 = 0.937937

cnf22 = 0.853914

cnf32 = 0.581029

cnt1 = 0.431051

cnt2 = 0.407417

snf11 = 0.0165788

snf21 = 0.434582

snf31 = 0.76726

snf12 = 0.0165788

snf22 = 0.626762

snf32 = 0.824451

snt1 = 0.967572

snt2 = 0.938184

p :=
1 1    0.0146157
1 2    0.0261477
1 3   -0.0635427
2 1   -0.00190582
2 2   -0.0204518
2 3   -0.0638408
3 1   -0.0281074
3 2   -0.0142668
3 3    0.0593155
;

mf :=
1 1   -0.285084
1 2   -0.117765
1 3    0.750882
2 1   -0.133783
2 2   -0.111151
2 3    0.921689
;

mt [*] :=
1   0.730535
2   0.0907501
3  -0.618385
;

phi :=
1 1   0.0724094
1 2   0.0405914
1 3   0.0847211
2 1   0.0227653
2 2   0.00406369
2 3   0.021861
3 1   0.0721878
3 2   0.0404345
3 3   0.0844183
4 1   0.18915
4 2   0.116445
4 3   0.280877
;

l [*,1,*]
:       1           2          3        :=
1   -0.2854     -0.117434   0.750813
2    0.111546   -0.533666   0.837171
3   -0.284136   -0.118758   0.751088
4   -0.681712    0.298135   0.664593

 [*,2,*]
:       1           2          3        :=
1   -0.13416    -0.110828   0.92167
2    0.340525   -0.516597   0.945226
3   -0.132649   -0.112119   0.921745
4   -0.608089    0.294294   0.898152

 [*,3,*]
:      1           2            3        :=
1   0.730337    0.0904527   -0.618749
2   0.978816    0.464304    -0.161706
3   0.731128    0.0916425   -0.617294
4   0.482254   -0.282802    -1.07506
;

W[i,j,k] :=
1 1 1   -0.2854
1 1 2   -0.117434
1 1 3    0.750813
2 1 1    0.111546
2 1 2   -0.533666
2 1 3    0.837171
3 1 1   -0.284136
3 1 2   -0.118758
3 1 3    0.751088
4 1 1   -0.681712
4 1 2    0.298135
4 1 3    0.664593
;

W[i,j,k] :=
1 1 4    0.01217
1 1 5    0.00716138
1 1 6    0.00574616
2 1 4   -0.0120205
2 1 5   -0.0193238
2 1 6   -0.0107166
3 1 4    0.012093
3 1 5    0.00707709
3 1 6    0.00569376
4 1 4    0.0363219
4 1 5    0.0336043
4 1 6    0.0221826
;

W[i,j,k] :=
1 2 1   -0.13416
1 2 2   -0.110828
1 2 3    0.92167
2 2 1    0.340525
2 2 2   -0.516597
2 2 3    0.945226
3 2 1   -0.132649
3 2 2   -0.112119
3 2 3    0.921745
4 2 1   -0.608089
4 2 2    0.294294
4 2 3    0.898152
;

W[i,j,k] :=
1 2 4   -0.0259252
1 2 5    0.0103214
1 2 6   -0.0025326
2 2 4   -0.0523116
2 2 5   -0.019938
2 2 6    0.0079489
3 2 4   -0.0260092
3 2 5    0.0102251
3 2 6   -0.00249924
4 2 4    0.000419135
4 2 5    0.0405326
4 2 6   -0.0129974
;

W[i,j,k] :=
1 3 1    0.730337
1 3 2    0.0904527
1 3 3   -0.618749
2 3 1    0.978816
2 3 2    0.464304
2 3 3   -0.161706
3 3 1    0.731128
3 3 2    0.0916425
3 3 3   -0.617294
4 3 1    0.482254
4 3 2   -0.282802
4 3 3   -1.07506
;

W[i,j,k] :=
1 3 4    0.00346234
1 3 5    0.0259289
1 3 6    0.00787721
2 3 4   -0.0252334
2 3 5    0.0535138
2 3 6    0.000914249
3 3 4    0.00337101
3 3 5    0.0260167
3 3 6    0.00785505
4 3 4    0.0321123
4 3 5   -0.00161199
4 3 6    0.0148291
;

f11 = 0.560899

f12 = 1.17094

f13 = -0.384922

f21 = -0.0496179

f22 = 0

f23 = -0.346465

f31 = 4.22918

f32 = 8.56109

f33 = -0.746392

