solve_message = ' \
Ipopt 3.9.1: Optimal Solution Found'

Solve time:
_solve_time = 30.4826

Objective:
torque = 3.95637

cnh1 = 0.77776

cnh2 = 0.865804

cnh3 = -0.215642

snh1 = -0.524489

snh2 = 0.361087

snh3 = 0.912961

Hx = 0.0422096

Hy = 0.0546066

Hz = 0.0257739

cnf11 = 0.0444472

cnf21 = 0.586769

cnf31 = 0.525829

cnf12 = 0.0444472

cnf22 = 0.417578

cnf32 = 0.47178

cnt1 = 0.404225

cnt2 = 0.394553

snf11 = 0.93703

snf21 = 0.731917

snf31 = 0.837219

snf12 = 0.93703

snf22 = 0.840017

snf32 = 0.863971

snt1 = 0.979082

snt2 = 0.947016

p :=
1 1   -0.019529
1 2    0.0208471
1 3   -0.0643708
2 1    0.00242621
2 2   -0.0323046
2 3    0.0607645
3 1   -0.0344269
3 2   -0.00111722
3 3    0.0173817
;

mf :=
1 1    0.255518
1 2   -0.0583468
1 3    0.719778
2 1    0.160893
2 2    0.610768
2 3   -0.449876
;

mt [*] :=
1   0.932014
2   0.164522
3  -0.134378
;

phi :=
1 1   0.0565994
1 2   0.0587372
1 3   0
2 1   0
2 2   0
2 3   0
3 1   0.0562625
3 2   0.0583944
3 3   0
4 1   0.38387
4 2   0.394272
4 3   0.0439795
;

l [*,1,*]
:       1           2           3        :=
1    0.255088   -0.0584411   0.719925
2    0.79461     0.0599696   0.534847
3    0.256805   -0.0580642   0.719336
4   -0.283573   -0.176663    0.904707

 [*,2,*]
:       1          2            3          :=
1   0.160944    0.610475   -0.450234
2   0.0961788   0.979564   -0.000890514
3   0.160738    0.611649   -0.448803
4   0.225607    0.241973   -0.89886

 [*,3,*]
:      1           2           3         :=
1   0.932112    0.164042   -0.134231
2   0.809309    0.766496   -0.319196
3   0.931721    0.16596    -0.13482
4   1.05472    -0.437451    0.0504395
;

W[i,j,k] :=
1 1 1    0.255088
1 1 2   -0.0584411
1 1 3    0.719925
2 1 1    0.79461
2 1 2    0.0599696
2 1 3    0.534847
3 1 1    0.256805
3 1 2   -0.0580642
3 1 3    0.719336
4 1 1   -0.283573
4 1 2   -0.176663
4 1 3    0.904707
;

W[i,j,k] :=
1 1 4    0.0112464
1 1 5   -0.00236082
1 1 6   -0.00417655
2 1 4    0.0150103
2 1 5   -0.0407047
2 1 6   -0.0177364
3 1 4    0.0112584
3 1 5   -0.00248286
3 1 6   -0.00421971
4 1 4    0.00748857
4 1 5    0.0359218
4 1 6    0.00936171
;

W[i,j,k] :=
1 2 1    0.160944
1 2 2    0.610475
1 2 3   -0.450234
2 2 1    0.0961788
2 2 2    0.979564
2 2 3   -0.000890514
3 2 1    0.160738
3 2 2    0.611649
3 2 3   -0.448803
4 2 1    0.225607
4 2 2    0.241973
4 2 3   -0.89886
;

W[i,j,k] :=
1 2 4   -0.0225506
1 2 5    0.0108721
1 2 6    0.00668039
2 2 4   -0.059494
2 2 5    0.00584642
2 2 6    0.00548365
3 2 4   -0.0226681
3 2 5    0.0108561
3 2 6    0.00667658
4 2 4    0.0143339
4 2 5    0.0158897
4 2 6    0.00787521
;

W[i,j,k] :=
1 3 1    0.932112
1 3 2    0.164042
1 3 3   -0.134231
2 3 1    0.809309
2 3 2    0.766496
2 3 3   -0.319196
3 3 1    0.931721
3 3 2    0.16596
3 3 3   -0.13482
4 3 1    1.05472
4 3 2   -0.437451
4 3 3    0.0504395
;

W[i,j,k] :=
1 3 4   -0.00270137
1 3 5    0.0115805
1 3 6   -0.0046061
2 3 4   -0.0129664
2 3 5    0.00307822
2 3 6   -0.0254839
3 3 4   -0.00273404
3 3 5    0.0115535
3 3 6   -0.00467255
4 3 4    0.00754728
4 3 5    0.0200693
4 3 6    0.0162384
;

f11 = 5.63064

f12 = 11.2414

f13 = -0.089823

f21 = 5.7672

f22 = 11.6495

f23 = 0.887027

f31 = 0.28303

f32 = 0

f33 = -0.205898

