solve_message = ' \
Ipopt 3.9.1: Converged to a locally infeasible point. Problem may be infeasible.'

Solve time:
_solve_time = 67.954

Objective:
torque = 7.32437

cnh1 = -0.930492

cnh2 = 0.734347

cnh3 = 0.163375

snh1 = 0.119098

snh2 = 0.583725

snh3 = -0.923747

Hx = 0.0138464

Hy = 0.0667592

Hz = 0.0167761

cnf11 = 0.461547

cnf21 = 0.482119

cnf31 = 0.429452

cnf12 = 0.461547

cnf22 = 0.700372

cnf32 = 0.568176

cnt1 = 0.435024

cnt2 = 0.476957

snf11 = 0.816685

snf21 = 0.943166

snf31 = 0.923935

snf12 = 0.816685

snf22 = 0.624082

snf32 = 0.811376

snt1 = 0.831116

snt2 = 0.861756

p :=
1 1   -0.0322
1 2   -0.00912547
1 3    0.0583714
2 1    0.0149497
2 2   -0.0272648
2 3   -0.0625345
3 1    0.0276109
3 2   -0.0175201
3 3    0.0559041
;

mf :=
1 1    0.735254
1 2    0.378985
1 3   -0.321742
2 1   -0.0508848
2 2    0.217692
2 3    0.746883
;

mt [*] :=
1  -0.425914
2   0.498953
3  -0.511257
;

phi :=
1 1   0.0428347
1 2   0.0689068
1 3   0.0311248
2 1   0
2 2   0.00729964
2 3   0
3 1   0.0425693
3 2   0.0686068
3 3   0.030842
4 1   0.217313
4 2   0.268547
4 3   0.275245
;

l [*,1,*]
:      1           2            3         :=
1   0.735508    0.378652    -0.321462
2   0.416446    0.797554    -0.67313
3   0.734493    0.379985    -0.322581
4   1.05406    -0.0395828    0.0296451

 [*,2,*]
:       1            2           3        :=
1   -0.051272     0.217454    0.746897
2    0.435399     0.516064    0.728696
3   -0.0497231    0.218405    0.74684
4   -0.537167    -0.0806788   0.76507

 [*,3,*]
:       1           2           3         :=
1   -0.425921   0.498625    -0.511608
2   -0.416594   0.911923    -0.0698697
3   -0.425891   0.49994     -0.510202
4   -0.435233   0.0859854   -0.952642
;

W[i,j,k] :=
1 1 1    0.735508
1 1 2    0.378652
1 1 3   -0.321462
2 1 1    0.416446
2 1 2    0.797554
2 1 3   -0.67313
3 1 1    0.734493
3 1 2    0.379985
3 1 3   -0.322581
4 1 1    1.05406
4 1 2   -0.0395828
4 1 3    0.0296451
;

W[i,j,k] :=
1 1 4   -0.0191689
1 1 5    0.0325816
1 1 6   -0.00548072
2 1 4   -0.0404117
2 1 5    0.00263374
2 1 6   -0.021881
3 1 4   -0.0192365
3 1 5    0.0324863
3 1 6   -0.00553292
4 1 4    0.00203998
4 1 5    0.0624816
4 1 6    0.0108934
;

W[i,j,k] :=
1 2 1   -0.051272
1 2 2    0.217454
1 2 3    0.746897
2 2 1    0.435399
2 2 2    0.516064
2 2 3    0.728696
3 2 1   -0.0497231
3 2 2    0.218405
3 2 3    0.74684
4 2 1   -0.537167
4 2 2   -0.0806788
4 2 3    0.76507
;

W[i,j,k] :=
1 2 4   -0.00676559
1 2 5   -0.00795962
1 2 6    0.00185295
2 2 4    0.0124041
2 2 5   -0.0381213
2 2 6    0.0195861
3 2 4   -0.00670458
3 2 5   -0.00805562
3 2 6    0.00190939
4 2 4   -0.0259047
4 2 5    0.0221539
4 2 6   -0.0158519
;

W[i,j,k] :=
1 3 1   -0.425921
1 3 2    0.498625
1 3 3   -0.511608
2 3 1   -0.416594
2 3 2    0.911923
2 3 3   -0.0698697
3 3 1   -0.425891
3 3 2    0.49994
3 3 3   -0.510202
4 3 1   -0.435233
4 3 2    0.0859854
4 3 3   -0.952642
;

W[i,j,k] :=
1 3 4   -0.0189117
1 3 5   -0.00968479
1 3 6    0.00630528
2 3 4   -0.0497561
2 3 5   -0.0213602
2 3 6    0.0178802
3 3 4   -0.0190099
3 3 5   -0.00972195
3 3 6    0.00634213
4 3 4    0.0118835
4 3 5    0.00197199
4 3 6   -0.0052512
;

f11 = 8.22407

f12 = 15

f13 = -0.739744

f21 = 4.22557

f22 = 15

f23 = 1.50035

f31 = 5.88139

f32 = 11.7783

f33 = -0.459438

