solve_message = ' \
Ipopt 3.9.1: Converged to a locally infeasible point. Problem may be infeasible.'

Solve time:
_solve_time = 24.9914

Objective:
torque = 7.32428

cnh1 = -0.930492

cnh2 = -0.734346

cnh3 = -0.163374

snh1 = 0.119103

snh2 = 0.583726

snh3 = 0.923747

Hx = -0.0138468

Hy = -0.066759

Hz = 0.0167762

cnf11 = 0.461548

cnf21 = 0.482119

cnf31 = 0.429452

cnf12 = 0.461548

cnf22 = 0.700372

cnf32 = 0.568176

cnt1 = 0.435023

cnt2 = 0.476957

snf11 = 0.816684

snf21 = 0.943165

snf31 = 0.923935

snf12 = 0.816684

snf22 = 0.624082

snf32 = 0.811376

snt1 = 0.831117

snt2 = 0.861756

p :=
1 1    0.0322
1 2    0.00912534
1 3    0.0583714
2 1   -0.0149496
2 2    0.0272648
2 3   -0.0625346
3 1   -0.0276108
3 2    0.0175203
3 3    0.0559041
;

mf :=
1 1   -0.735257
1 2   -0.378982
1 3   -0.32174
2 1    0.0508836
2 2   -0.217691
2 3    0.746883
;

mt [*] :=
1   0.425911
2  -0.498956
3  -0.511256
;

phi :=
1 1   0.0283608
1 2   0.0432299
1 3   0
2 1   0
2 2   0.134178
2 3   0
3 1   0.0280822
3 2   0.0430111
3 3   0
4 1   0.181992
4 2   0.245967
4 3   0.378447
;

l [*,1,*]
:       1           2            3         :=
1   -0.73551    -0.378648    -0.32146
2   -0.416451   -0.797553    -0.673129
3   -0.734495   -0.379982    -0.32258
4   -1.05406     0.0395875    0.0296473

 [*,2,*]
:       1            2           3        :=
1    0.0512708   -0.217453    0.746898
2   -0.435402    -0.516061    0.728697
3    0.0497219   -0.218404    0.74684
4    0.537167     0.0806777   0.76507

 [*,3,*]
:      1           2            3         :=
1   0.425918   -0.498628    -0.511608
2   0.41659    -0.911925    -0.0698687
3   0.425888   -0.499943    -0.510202
4   0.435231   -0.0859891   -0.952642
;

W[i,j,k] :=
1 1 1   -0.73551
1 1 2   -0.378648
1 1 3   -0.32146
2 1 1   -0.416451
2 1 2   -0.797553
2 1 3   -0.673129
3 1 1   -0.734495
3 1 2   -0.379982
3 1 3   -0.32258
4 1 1   -1.05406
4 1 2    0.0395875
4 1 3    0.0296473
;

W[i,j,k] :=
1 1 4    0.0191688
1 1 5   -0.0325817
1 1 6   -0.00548071
2 1 4    0.0404117
2 1 5   -0.00263401
2 1 6   -0.021881
3 1 4    0.0192364
3 1 5   -0.0324864
3 1 6   -0.00553291
4 1 4   -0.00204024
4 1 5   -0.0624817
4 1 6    0.0108934
;

W[i,j,k] :=
1 2 1    0.0512708
1 2 2   -0.217453
1 2 3    0.746898
2 2 1   -0.435402
2 2 2   -0.516061
2 2 3    0.728697
3 2 1    0.0497219
3 2 2   -0.218404
3 2 3    0.74684
4 2 1    0.537167
4 2 2    0.0806777
4 2 3    0.76507
;

W[i,j,k] :=
1 2 4    0.00676568
1 2 5    0.00795963
1 2 6    0.00185295
2 2 4   -0.0124038
2 2 5    0.0381214
2 2 6    0.019586
3 2 4    0.00670467
3 2 5    0.00805563
3 2 6    0.00190939
4 2 4    0.0259046
4 2 5   -0.022154
4 2 6   -0.0158519
;

W[i,j,k] :=
1 3 1    0.425918
1 3 2   -0.498628
1 3 3   -0.511608
2 3 1    0.41659
2 3 2   -0.911925
2 3 3   -0.0698687
3 3 1    0.425888
3 3 2   -0.499943
3 3 3   -0.510202
4 3 1    0.435231
4 3 2   -0.0859891
4 3 3   -0.952642
;

W[i,j,k] :=
1 3 4    0.0189118
1 3 5    0.00968468
1 3 6    0.00630528
2 3 4    0.0497563
2 3 5    0.0213599
2 3 6    0.0178802
3 3 4    0.01901
3 3 5    0.00972184
3 3 6    0.00634212
4 3 4   -0.0118834
4 3 5   -0.00197197
4 3 6   -0.00525116
;

f11 = 8.22406

f12 = 15

f13 = -0.739826

f21 = 4.22554

f22 = 15

f23 = 1.50045

f31 = 5.88128

f32 = 11.7781

f33 = -0.459606

