solve_message = ' \
Ipopt 3.9.1: Maximum Number of Iterations Exceeded.'

Solve time:
_solve_time = 77.5949

Objective:
torque = 7.94881

cnh1 = -0.518285

cnh2 = -0.862372

cnh3 = -0.190599

snh1 = 0.785176

snh2 = -0.376236

snh3 = -0.92211

Hx = 0.0798547

Hy = 0.0405185

Hz = -0.0413666

cnf11 = 0.715231

cnf21 = 0.39199

cnf31 = 0.397853

cnf12 = 0.715219

cnf22 = 0.709338

cnf32 = 0.568972

cnt1 = 0.589384

cnt2 = 0.493262

snf11 = 0.630815

snf21 = 0.975181

snf31 = 0.940914

snf12 = 0.630639

snf22 = 0.62406

snf32 = 0.812142

snt1 = 0.828724

snt2 = 0.873894

p :=
1 1   -0.0064279
1 2   -0.0330555
1 3   -0.0513139
2 1    0.0289958
2 2   -0.0107494
2 3    0.0623021
3 1   -0.0265788
3 2    0.0219089
3 3   -0.0478592
;

mf :=
1 1    0.322123
1 2    0.863072
1 3    0.0580498
2 1   -0.197062
2 2    0.277098
2 3   -0.735194
;

mt [*] :=
1   0.742431
2  -0.44451
3   0.274529
;

phi :=
1 1   0.0362049
1 2   0.0827438
1 3   0.0260073
2 1   0
2 2   0.0341517
2 3   0
3 1   0.0360291
3 2   0.0825309
3 3   0.025725
4 1   0.159537
4 2   0.206324
4 3   0.365238
;

l [*,1,*]
:       1          2           3         :=
1    0.321697   0.863256    0.0578033
2    0.873501   0.666293    0.310864
3    0.323453   0.862629    0.0586087
4   -0.229198   1.05991    -0.194861

 [*,2,*]
:       1            2           3        :=
1   -0.197194     0.276708   -0.735288
2    0.0240939    0.80523    -0.60709
3   -0.19649      0.278391   -0.73488
4   -0.418093    -0.250966   -0.863291

 [*,3,*]
:      1           2           3        :=
1   0.742223   -0.444617    0.274987
2   1.01143    -0.288467   -0.280516
3   0.74308    -0.44412     0.273219
4   0.473556   -0.6005      0.829571
;

W[i,j,k] :=
1 1 1    0.321725
1 1 2    0.863252
1 1 3    0.0577978
2 1 1    0.873511
2 1 2    0.66628
2 1 3    0.310862
3 1 1    0.323482
3 1 2    0.862625
3 1 3    0.0586032
4 1 1   -0.229122
4 1 2    1.05992
4 1 3   -0.194879
;

W[i,j,k] :=
1 1 4    0.0424246
1 1 5   -0.0161081
1 1 6    0.00501241
2 1 4    0.0240659
2 1 5   -0.0426224
2 1 6    0.0245217
3 1 4    0.0423662
3 1 5   -0.0161925
3 1 6    0.00507451
4 1 4    0.0607558
4 1 5    0.0103629
4 1 6   -0.0144648
;

W[i,j,k] :=
1 2 1   -0.197151
1 2 2    0.276721
1 2 3   -0.735299
2 2 1    0.0241125
2 2 2    0.805238
2 2 3   -0.60709
3 2 1   -0.196447
3 2 2    0.278403
3 2 3   -0.734891
4 2 1   -0.417989
4 2 2   -0.250942
4 2 3   -0.863323
;

W[i,j,k] :=
1 2 4   -0.00926287
1 2 5    0.00898244
1 2 6    0.0060612
2 2 4   -0.0433123
2 2 5    0.0189061
2 2 6    0.0237269
3 2 4   -0.00937124
3 2 5    0.00901402
3 2 6    0.00611742
4 2 4    0.0247337
4 2 5   -0.000922131
4 2 6   -0.0115757
;

W[i,j,k] :=
1 3 1    0.742248
1 3 2   -0.444601
1 3 3    0.274984
2 3 1    1.01143
2 3 2   -0.288448
2 3 3   -0.280515
3 3 1    0.743105
3 3 2   -0.444104
3 3 3    0.273216
4 3 1    0.473727
4 3 2   -0.600469
4 3 3    0.829529
;

W[i,j,k] :=
1 3 4   -0.0152123
1 3 5   -0.0281923
1 3 6   -0.00447759
2 3 4   -0.0199672
2 3 5   -0.0557164
2 3 6   -0.0145225
3 3 4   -0.0152275
3 3 5   -0.0282799
3 3 6   -0.00450956
4 3 4   -0.0104592
4 3 5   -0.000715647
4 3 6    0.0055486
;

f11 = 8.04806

f12 = 15

f13 = -1.97759

f21 = 4.30686

f22 = 14.5636

f23 = 1.66338

f31 = 8.07755

f32 = 15

f33 = -1.06793

