solve_message = ' \
Ipopt 3.9.1: Optimal Solution Found'

Solve time:
_solve_time = 6.13084

Objective:
torque = 4.23918

cnh1 = 0.0442082

cnh2 = -0.92802

cnh3 = -0.363904

snh1 = 0.937041

snh2 = -0.137038

snh3 = -0.864624

Hx = 0.0693984

Hy = -0.0121917

Hz = -0.0353289

cnf11 = -0.0201921

cnf21 = 0.440003

cnf31 = 0.478451

cnf12 = -0.0201921

cnf22 = 0.557845

cnf32 = 0.515937

cnt1 = 0.466848

cnt2 = 0.423077

snf11 = 0.937866

snf21 = 0.828491

snf31 = 0.861102

snf12 = 0.937866

snf22 = 0.754194

snf32 = 0.842669

snt1 = 0.950817

snt2 = 0.92798

p :=
1 1   -0.0312717
1 2   -0.00998721
1 3   -0.0599421
2 1    0.0227424
2 2    0.00518654
2 3    0.0656517
3 1   -0.0147107
3 2    0.0311459
3 3   -0.00490636
;

mf :=
1 1    0.657436
1 2    0.0126956
1 3    0.415735
2 1    0.00124594
2 2   -0.121129
2 3   -0.761625
;

mt [*] :=
1   0.519051
2  -0.784717
3  -0.116779
;

phi :=
1 1   0.0431938
1 2   0.079584
1 3   0
2 1   0
2 2   0.0108525
2 3   0
3 1   0.0428684
3 2   0.0792303
3 3   0
4 1   0.401794
4 2   0.371412
4 3   0.0444658
;

l [*,1,*]
:      1           2           3        :=
1   0.657269    0.0130616   0.415946
2   0.866467   -0.446948    0.151068
3   0.657935    0.0115975   0.415103
4   0.448406    0.472337    0.680401

 [*,2,*]
:        1             2           3        :=
1    0.000911919   -0.121439   -0.761555
2    0.420696       0.267731   -0.848711
3    0.002248      -0.1202     -0.761833
4   -0.418203      -0.509987   -0.674538

 [*,3,*]
:      1           2           3        :=
1   0.518909   -0.784888   -0.116309
2   0.697516   -0.569915   -0.705973
3   0.519478   -0.784204   -0.118186
4   0.340587   -0.999518    0.472413
;

W[i,j,k] :=
1 1 1    0.657269
1 1 2    0.0130616
1 1 3    0.415946
2 1 1    0.866467
2 1 2   -0.446948
2 1 3    0.151068
3 1 1    0.657935
3 1 2    0.0115975
3 1 3    0.415103
4 1 1    0.448406
4 1 2    0.472337
4 1 3    0.680401
;

W[i,j,k] :=
1 1 4   -0.0033712
1 1 5   -0.0263908
1 1 6    0.00615583
2 1 4   -0.0282997
2 1 5   -0.0472137
2 1 6    0.0226304
3 1 4   -0.00345054
3 1 5   -0.0264571
3 1 6    0.00620827
4 1 4    0.0215176
4 1 5   -0.00560111
4 1 6   -0.0102924
;

W[i,j,k] :=
1 2 1    0.000911919
1 2 2   -0.121439
1 2 3   -0.761555
2 2 1    0.420696
2 2 2    0.267731
2 2 3   -0.848711
3 2 1    0.002248
3 2 2   -0.1202
3 2 3   -0.761833
4 2 1   -0.418203
4 2 2   -0.509987
4 2 3   -0.674538
;

W[i,j,k] :=
1 2 4    0.00402282
1 2 5    0.0173794
1 2 6   -0.00276653
2 2 4   -0.0219788
2 2 5    0.0469211
2 2 6    0.00390687
3 2 4    0.00394006
3 2 5    0.0174735
3 2 6   -0.00274529
4 2 4    0.029983
4 2 5   -0.0121151
4 2 6   -0.00942929
;

W[i,j,k] :=
1 3 1    0.518909
1 3 2   -0.784888
1 3 3   -0.116309
2 3 1    0.697516
2 3 2   -0.569915
2 3 3   -0.705973
3 3 1    0.519478
3 3 2   -0.784204
3 3 3   -0.118186
4 3 1    0.340587
4 3 2   -0.999518
4 3 3    0.472413
;

W[i,j,k] :=
1 3 4   -0.0074735
1 3 5   -0.00425694
1 3 6   -0.00461566
2 3 4   -0.0247844
2 3 5   -0.0138076
2 3 6   -0.0133409
3 3 4   -0.0075286
3 3 5   -0.00428734
3 3 6   -0.00464343
4 3 4    0.00980973
4 3 5    0.00527847
4 3 6    0.00409568
;

f11 = 5.99018

f12 = 12.0657

f13 = -0.795573

f21 = 5.81215

f22 = 11.9204

f23 = -1.36497

f31 = 0.337283

f32 = 0

f33 = -0.093489

