solve_message = ' \
Ipopt 3.9.1: Converged to a locally infeasible point. Problem may be infeasible.'

Solve time:
_solve_time = 67.3768

Objective:
torque = 5.67077

cnh1 = 0.599516

cnh2 = -0.529508

cnh3 = -0.194915

snh1 = 0.721513

snh2 = 0.774352

snh3 = -0.91761

Hx = 0.0575314

Hy = -0.0330662

Hz = 0.00335019

cnf11 = 0.764222

cnf21 = 0.618726

cnf31 = 0.537131

cnf12 = 0.764222

cnf22 = 0.341248

cnf32 = 0.35494

cnt1 = 0.529684

cnt2 = 0.506587

snf11 = 0.544026

snf21 = 0.705108

snf31 = 0.830715

snf12 = 0.544026

snf22 = 0.999309

snf32 = 0.977958

snt1 = 0.774232

snt2 = 0.847606

p :=
1 1   -0.0123123
1 2    0.0277508
1 3   -0.0632269
2 1   -0.0336841
2 2   -0.00719956
2 3    0.0188949
3 1    0.00543724
3 2    0.0321423
3 3    0.0603967
;

mf :=
1 1    0.268692
1 2   -0.156901
1 3    0.738113
2 1    0.918188
2 2    0.0590112
2 3    0.137056
;

mt [*] :=
1   0.0248939
2  -0.492525
3  -0.691405
;

phi :=
1 1   0.102847
1 2   0.0134845
1 3   0.112745
2 1   0
2 2   0
2 3   0.015213
3 1   0.102445
3 2   0.0130869
3 3   0.112424
4 1   0.243495
4 2   0.155299
4 3   0.235675
;

l [*,1,*]
:      1           2          3        :=
1   0.268589   -0.156475   0.738256
2   0.398146   -0.691916   0.558599
3   0.269001   -0.158179   0.737684
4   0.139239    0.378112   0.917626

 [*,2,*]
:      1           2            3         :=
1   0.918136    0.0594572    0.13688
2   0.984231   -0.501084     0.357652
3   0.918346    0.0576732    0.137583
4   0.852147    0.619104    -0.0835396

 [*,3,*]
:       1            2           3        :=
1    0.0244792   -0.492687   -0.691297
2    0.545658    -0.289235   -0.827564
3    0.026138    -0.49204    -0.69173
4   -0.495868    -0.695815   -0.555246
;

W[i,j,k] :=
1 1 1    0.268589
1 1 2   -0.156475
1 1 3    0.738256
2 1 1    0.398146
2 1 2   -0.691916
2 1 3    0.558599
3 1 1    0.269001
3 1 2   -0.158179
3 1 3    0.737684
4 1 1    0.139239
4 1 2    0.378112
4 1 3    0.917626
;

W[i,j,k] :=
1 1 4    0.0105938
1 1 5   -0.0078924
1 1 6   -0.005527
2 1 4   -0.0282461
2 1 5   -0.0182959
2 1 6   -0.0025298
3 1 4    0.0104702
3 1 5   -0.00792552
3 1 6   -0.00551746
4 1 4    0.0493717
4 1 5    0.00249448
4 1 6   -0.00851942
;

W[i,j,k] :=
1 2 1    0.918136
1 2 2    0.0594572
1 2 3    0.13688
2 2 1    0.984231
2 2 2   -0.501084
2 2 3    0.357652
3 2 1    0.918346
3 2 2    0.0576732
3 2 3    0.137583
4 2 1    0.852147
4 2 2    0.619104
4 2 3   -0.0835396
;

W[i,j,k] :=
1 2 4   -0.00210891
1 2 5    0.0219587
1 2 6    0.00460741
2 2 4    0.00689297
2 2 5    0.0306441
2 2 6    0.0239646
3 2 4   -0.00208026
3 2 5    0.0219864
3 2 6    0.00466902
4 2 4   -0.0110964
4 2 5    0.0132872
4 2 6   -0.0147189
;

W[i,j,k] :=
1 3 1    0.0244792
1 3 2   -0.492687
1 3 3   -0.691297
2 3 1    0.545658
2 3 2   -0.289235
2 3 3   -0.827564
3 3 1    0.026138
3 3 2   -0.49204
3 3 3   -0.69173
4 3 1   -0.495868
4 3 2   -0.695815
4 3 3   -0.555246
;

W[i,j,k] :=
1 3 4    0.00753683
1 3 5    0.00523721
1 3 6   -0.00346568
2 3 4   -0.00913101
2 3 5    0.0374556
2 3 6   -0.0191113
3 3 4    0.00748378
3 3 5    0.00533975
3 3 6   -0.00351547
4 3 4    0.0241781
4 3 5   -0.0269298
4 3 6    0.012155
;

f11 = 5.97021

f12 = 14.1701

f13 = 0.90238

f21 = 2.3505

f22 = 4.70292

f23 = 0.352862

f31 = 6.14553

f32 = 13.5355

f33 = -2.85573

