solve_message = ' \
Ipopt 3.9.1: Converged to a locally infeasible point. Problem may be infeasible.'

Solve time:
_solve_time = 4.44603

Objective:
torque = 4.66408

cnh1 = -0.917386

cnh2 = -0.30011

cnh3 = 0.938053

snh1 = -0.195971

snh2 = -0.221577

snh3 = 0.0074772

Hx = -0.00783229

Hy = -0.0154699

Hz = 0.0783449

cnf11 = 0.896349

cnf21 = 0.553258

cnf31 = 0.457933

cnf12 = 0.896349

cnf22 = -0.0761506

cnf32 = 0.23195

cnt1 = 0.766

cnt2 = 0.649802

snf11 = 0.276696

snf21 = 0.903275

snf31 = 0.906206

snf12 = 0.276696

snf22 = 0.934987

snf32 = 1

snt1 = 0.360617

snt2 = 0.750167

p :=
1 1    0.0181252
1 2    0.0263333
1 3    0.0578858
2 1    0.00506199
2 2   -0.031586
2 3    0.0578393
3 1   -0.0284683
3 2   -0.0193686
3 3    0.0309174
;

mf :=
1 1   -0.285821
1 2   -0.292927
1 3   -0.0231831
2 1   -0.224868
2 2   -0.0202774
2 3    0.245146
;

mt [*] :=
1  0.298663
2  0.065896
3  0.113607
;

phi :=
1 1   0.0911827
1 2   0.0561922
1 3   0.10435
2 1   0.046753
2 2   0.0302727
2 3   0.111987
3 1   0.0910305
3 2   0.0561029
3 3   0.104372
4 1   0.142538
4 2   0.0863179
4 3   0.0983848
;

l [*,1,*]
:       1           2           3         :=
1   -0.285893   -0.292675   -0.0233541
2   -0.195982   -0.609935    0.191564
3   -0.285606   -0.293685   -0.02267
4   -0.37566     0.024079   -0.23793

 [*,2,*]
:       1            2           3        :=
1   -0.225008    -0.0198898   0.245079
2   -0.0486883   -0.50703     0.329017
3   -0.224447    -0.0214402   0.245346
4   -0.401047     0.466473    0.161275

 [*,3,*]
:      1           2            3         :=
1   0.298771    0.0655634    0.113481
2   0.162581    0.483569     0.27153
3   0.298338    0.0668938    0.113984
4   0.434743   -0.351775    -0.0443154
;

W[i,j,k] :=
1 1 1   -0.285893
1 1 2   -0.292675
1 1 3   -0.0233541
2 1 1   -0.195982
2 1 2   -0.609935
2 1 3    0.191564
3 1 1   -0.285606
3 1 2   -0.293685
3 1 3   -0.02267
4 1 1   -0.37566
4 1 2    0.024079
4 1 3   -0.23793
;

W[i,j,k] :=
1 1 4    0.0163267
1 1 5   -0.0161258
1 1 6    0.00222371
2 1 4    0.0403511
2 1 5   -0.0148167
2 1 6   -0.00589434
3 1 4    0.0164032
3 1 5   -0.0161217
3 1 6    0.00219787
4 1 4   -0.0076593
4 1 5   -0.0174329
4 1 6    0.0103288
;

W[i,j,k] :=
1 2 1   -0.225008
1 2 2   -0.0198898
1 2 3    0.245079
2 2 1   -0.0486883
2 2 2   -0.50703
2 2 3    0.329017
3 2 1   -0.224447
3 2 2   -0.0214402
3 2 3    0.245346
4 2 1   -0.401047
4 2 2    0.466473
4 2 3    0.161275
;

W[i,j,k] :=
1 2 4   -0.00659064
1 2 5   -0.0142549
1 2 6   -0.00720779
2 2 4    0.0189339
2 2 5   -0.00448157
2 2 6   -0.00410445
3 2 4   -0.0065094
3 2 5   -0.0142238
3 2 6   -0.00719791
4 2 4   -0.0320745
4 2 5   -0.0240127
4 2 6   -0.0103062
;

W[i,j,k] :=
1 3 1    0.298771
1 3 2    0.0655634
1 3 3    0.113481
2 3 1    0.162581
2 3 2    0.483569
2 3 3    0.27153
3 3 1    0.298338
3 3 2    0.0668938
3 3 3    0.113984
4 3 1    0.434743
4 3 2   -0.351775
4 3 3   -0.0443154
;

W[i,j,k] :=
1 3 4   -0.00422503
1 3 5    0.0124679
1 3 6    0.00392028
2 3 4   -0.0202099
2 3 5    0.0127566
2 3 6   -0.0106174
3 3 4   -0.0042759
3 3 5    0.0124688
3 3 6    0.00387401
4 3 4    0.0117343
4 3 5    0.0121796
4 3 6    0.0184348
;

f11 = 0.260063

f12 = 11.6145

f13 = 2.40954

f21 = 0.191358

f22 = 2.38372

f23 = -0.375722

f31 = 4.76569

f32 = 14.1469

f33 = -1.07484

