solve_message = ' \
Ipopt 3.9.1: Optimal Solution Found'

Solve time:
_solve_time = 5.83444

Objective:
torque = 2.85946

cnh1 = 0.779578

cnh2 = -0.160306

cnh3 = -0.472095

snh1 = -0.521791

snh2 = -0.924285

snh3 = 0.810636

Hx = 0.017033

Hy = 0.0651649

Hz = -0.0341318

cnf11 = 0.9359

cnf21 = 0.77478

cnf31 = 0.60033

cnf12 = 0.9359

cnf22 = 0.811629

cnf32 = 0.618417

cnt1 = 0.459217

cnt2 = 0.419835

snf11 = 0.0639684

snf21 = 0.528882

snf31 = 0.789094

snf12 = 0.0639684

snf22 = 0.470382

snf32 = 0.775534

snt1 = 0.954526

snt2 = 0.930057

p :=
1 1    0.0242164
1 2   -0.00010845
1 3    0.065548
2 1   -0.0292296
2 2    0.00561221
2 3    0.063679
3 1    0.0130602
3 2   -0.0290678
3 3   -0.0615893
;

mf :=
1 1    0.0553414
1 2   -0.112434
1 3   -0.807619
2 1    0.145177
2 2   -0.191277
2 3   -0.778098
;

mt [*] :=
1  -0.0459037
2   0.666662
3   0.712566
;

phi :=
1 1   0.0545119
1 2   0.0671218
1 3   0.08264
2 1   0.0177489
2 2   0.0212412
2 3   0.021177
3 1   0.0543585
3 2   0.0669207
3 3   0.0823456
4 1   0.124518
4 2   0.168637
4 3   0.27003
;

l [*,1,*]
:       1            2           3        :=
1    0.0556222   -0.112761   -0.80755
2   -0.29727      0.298378   -0.894883
3    0.054499    -0.111453   -0.807828
4    0.407951    -0.523244   -0.720356

 [*,2,*]
:       1           2           3        :=
1    0.145444   -0.191594   -0.777952
2   -0.189657    0.206881   -0.962037
3    0.144377   -0.190326   -0.778538
4    0.48001    -0.589433   -0.594161

 [*,3,*]
:       1           2          3        :=
1   -0.0462962   0.666411   0.712795
2    0.447017    0.981955   0.425042
3   -0.0447261   0.667416   0.711879
4   -0.538822    0.351371   1.00009
;

W[i,j,k] :=
1 1 1    0.0556222
1 1 2   -0.112761
1 1 3   -0.80755
2 1 1   -0.29727
2 1 2    0.298378
2 1 3   -0.894883
3 1 1    0.054499
3 1 2   -0.111453
3 1 3   -0.807828
4 1 1    0.407951
4 1 2   -0.523244
4 1 3   -0.720356
;

W[i,j,k] :=
1 1 4    0.00747885
1 1 5    0.0232019
1 1 6   -0.00272464
2 1 4   -0.019461
2 1 5    0.00218541
2 1 6    0.0071934
3 1 4    0.00739311
3 1 5    0.023135
3 1 6   -0.00269307
4 1 4    0.0343758
4 1 5    0.0441848
4 1 6   -0.0126269
;

W[i,j,k] :=
1 2 1    0.145444
1 2 2   -0.191594
1 2 3   -0.777952
2 2 1   -0.189657
2 2 2    0.206881
2 2 3   -0.962037
3 2 1    0.144377
3 2 2   -0.190326
3 2 3   -0.778538
4 2 1    0.48001
4 2 2   -0.589433
4 2 3   -0.594161
;

W[i,j,k] :=
1 2 4    0.00783447
1 2 5   -0.0134775
1 2 6    0.00478394
2 2 4   -0.0185731
2 2 5   -0.0401971
2 2 6   -0.00498265
3 2 4    0.00775042
3 2 5   -0.0135625
3 2 6    0.00475285
4 2 4    0.0342
4 2 5    0.0131995
4 2 6    0.0145349
;

W[i,j,k] :=
1 3 1   -0.0462962
1 3 2    0.666411
1 3 3    0.712795
2 3 1    0.447017
2 3 2    0.981955
2 3 3    0.425042
3 3 1   -0.0447261
3 3 2    0.667416
3 3 3    0.711879
4 3 1   -0.538822
4 3 2    0.351371
4 3 3    1.00009
;

W[i,j,k] :=
1 3 4    0.0203244
1 3 5   -0.00645786
1 3 6    0.00735771
2 3 4    0.0481229
2 3 5   -0.0330826
2 3 6    0.0258183
3 3 4    0.0204129
3 3 5   -0.00654261
3 3 6    0.00741647
4 3 4   -0.00742975
4 3 5    0.0201244
4 3 6   -0.0110734
;

f11 = 0.084838

f12 = 0

f13 = -0.339563

f21 = 2.18063

f22 = 4.36314

f23 = -0.352278

f31 = 5.77575

f32 = 11.7909

f33 = -1.2316

