solve_message = ' \
Ipopt 3.9.1: Optimal Solution Found'

Solve time:
_solve_time = 76.4561

Objective:
torque = 4.23549

cnh1 = 0.936494

cnh2 = 0.928907

cnh3 = -0.371474

snh1 = -0.0545855

snh2 = 0.130889

snh3 = 0.861398

Hx = 0.0130954

Hy = 0.0691553

Hz = 0.0361837

cnf11 = -0.0316674

cnf21 = 0.560979

cnf31 = 0.516995

cnf12 = -0.0316674

cnf22 = 0.438965

cnf32 = 0.478139

cnt1 = 0.469392

cnt2 = 0.424149

snf11 = 0.937548

snf21 = 0.751866

snf31 = 0.842098

snf12 = 0.937548

snf22 = 0.829041

snf32 = 0.861239

snt1 = 0.949564

snt2 = 0.927296

p :=
1 1   -0.00487149
1 2    0.0237775
1 3   -0.0655407
2 1    0.00900575
2 2   -0.0315902
2 3    0.0598979
3 1   -0.0313862
3 2   -0.0141908
3 3    0.00476185
;

mf :=
1 1    0.124353
1 2   -0.0113257
1 3    0.760824
2 1    0.00604995
2 2    0.661148
2 3   -0.410241
;

mt [*] :=
1  0.792078
2  0.505409
3  0.125451
;

phi :=
1 1   0.0438197
1 2   0.0751075
1 3   0
2 1   0
2 2   0.00701886
2 3   0
3 1   0.0434909
3 2   0.0747536
3 3   0
4 1   0.411661
4 2   0.38003
4 3   0.0291137
;

l [*,1,*]
:       1           2           3        :=
1    0.124012   -0.0116325   0.760867
2    0.552197    0.373915    0.707375
3    0.125375   -0.0104054   0.760696
4   -0.30349    -0.396565    0.814273

 [*,2,*]
:        1           2           3         :=
1    0.0063367    0.660943   -0.410537
2   -0.354039     0.918607   -0.0377995
3    0.00518971   0.661763   -0.409351
4    0.366137     0.40369    -0.78268

 [*,3,*]
:      1           2           3         :=
1   0.792317    0.504986    0.125619
2   0.491809    1.0366     -0.0854455
3   0.79136     0.506678    0.124948
4   1.09235    -0.025785    0.336347
;

W[i,j,k] :=
1 1 1    0.124012
1 1 2   -0.0116325
1 1 3    0.760867
2 1 1    0.552197
2 1 2    0.373915
2 1 3    0.707375
3 1 1    0.125375
3 1 2   -0.0104054
3 1 3    0.760696
4 1 1   -0.30349
4 1 2   -0.396565
4 1 3    0.814273
;

W[i,j,k] :=
1 1 4    0.0173291
1 1 5   -0.00442129
1 1 6   -0.00289203
2 1 4    0.0413263
2 1 5   -0.0327454
2 1 6   -0.0149514
3 1 4    0.0174055
3 1 5   -0.00451144
3 1 6   -0.00293041
4 1 4   -0.00662979
4 1 5    0.0238576
4 1 6    0.00914808
;

W[i,j,k] :=
1 2 1    0.0063367
1 2 2    0.660943
1 2 3   -0.410537
2 2 1   -0.354039
2 2 2    0.918607
2 2 3   -0.0377995
3 2 1    0.00518971
3 2 2    0.661763
3 2 3   -0.409351
4 2 1    0.366137
4 2 2    0.40369
4 2 3   -0.78268
;

W[i,j,k] :=
1 2 4   -0.0266201
1 2 5    0.00407675
1 2 6    0.00615246
2 2 4   -0.0538285
2 2 5   -0.0208657
2 2 6   -0.0029114
3 2 4   -0.0267067
3 2 5    0.00399737
3 2 6    0.00612362
4 2 4    0.000544876
4 2 5    0.0289795
4 2 6    0.0152019
;

W[i,j,k] :=
1 3 1    0.792317
1 3 2    0.504986
1 3 3    0.125619
2 3 1    0.491809
2 3 2    1.0366
2 3 3   -0.0854455
3 3 1    0.79136
3 3 2    0.506678
3 3 3    0.124948
4 3 1    1.09235
4 3 2   -0.025785
4 3 3    0.336347
;

W[i,j,k] :=
1 3 4   -0.00418731
1 3 5    0.0077156
1 3 6   -0.00460594
2 3 4   -0.00372361
2 3 5   -0.000339885
2 3 6   -0.0255559
3 3 4   -0.00418583
3 3 5    0.00768996
3 3 6   -0.00467262
4 3 4   -0.00465026
4 3 5    0.0157582
4 3 6    0.0163106
;

f11 = 5.79081

f12 = 11.9635

f13 = 1.53887

f21 = 5.92315

f22 = 11.902

f23 = 0.671446

f31 = 0.33685

f32 = 0

f33 = -0.0950361

