solve_message = ' \
Ipopt 3.9.1: Optimal Solution Found'

Solve time:
_solve_time = 7.73765

Objective:
torque = 4.65995

cnh1 = -0.568189

cnh2 = -0.934947

cnh3 = 0.351624

snh1 = -0.746433

snh2 = 0.0766416

snh3 = 0.86969

Hx = 0.0626548

Hy = -0.0359494

Hz = 0.0303754

cnf11 = 0.00834263

cnf21 = 0.475574

cnf31 = 0.489325

cnf12 = 0.00834263

cnf22 = 0.512535

cnf32 = 0.501019

cnt1 = 0.489278

cnt2 = 0.432396

snf11 = 0.938046

snf21 = 0.808597

snf31 = 0.856141

snf12 = 0.938046

snf22 = 0.785689

snf32 = 0.850444

snt1 = 0.939472

snt2 = 0.922081

p :=
1 1   -0.0169809
1 2    0.0280306
1 3    0.0600554
2 1    0.0177249
2 2   -0.0105052
2 3   -0.0658355
3 1   -0.0309154
3 2   -0.0151892
3 3   -0.00141997
;

mf :=
1 1    0.470948
1 2   -0.410449
1 3   -0.460751
2 1    0.0949236
2 2   -0.00566674
2 3    0.768489
;

mt [*] :=
1  0.8905
2  0.287991
3  0.149524
;

phi :=
1 1   0.0418093
1 2   0.0725002
1 3   0
2 1   0
2 2   0.00513994
2 3   0
3 1   0.0414849
3 2   0.0721492
3 3   0
4 1   0.40499
4 2   0.378708
4 3   0.0515671
;

l [*,1,*]
:       1            2           3        :=
1   0.470574     -0.410601   -0.460965
2   0.94038      -0.219327   -0.193009
3   0.47207      -0.409992   -0.460112
4   0.00151804   -0.601569   -0.728492

 [*,2,*]
:       1            2           3        :=
1   0.0948666   -0.0052113    0.76848
2   0.166551    -0.57759      0.780373
3   0.0950947   -0.00703305   0.768517
4   0.0232962    0.566255     0.756606

 [*,3,*]
:      1           2            3        :=
1   0.890501    0.288235     0.149068
2   0.889159   -0.0189024    0.722101
3   0.890497    0.287257     0.150892
4   0.89184     0.594882    -0.42305
;

W[i,j,k] :=
1 1 1    0.470574
1 1 2   -0.410601
1 1 3   -0.460965
2 1 1    0.94038
2 1 2   -0.219327
2 1 3   -0.193009
3 1 1    0.47207
3 1 2   -0.409992
3 1 3   -0.460112
4 1 1    0.00151804
4 1 2   -0.601569
4 1 3   -0.728492
;

W[i,j,k] :=
1 1 4    0.0117377
1 1 5    0.020433
1 1 6   -0.0062181
2 1 4    0.00776164
2 1 5    0.0531975
2 1 6   -0.022635
3 1 4    0.0117251
3 1 5    0.0205372
3 1 6   -0.00627035
4 1 4    0.0157075
4 1 5   -0.0122793
4 1 6    0.0101726
;

W[i,j,k] :=
1 2 1    0.0948666
1 2 2   -0.0052113
1 2 3    0.76848
2 2 1    0.166551
2 2 2   -0.57759
2 2 3    0.780373
3 2 1    0.0950947
3 2 2   -0.00703305
3 2 3    0.768517
4 2 1    0.0232962
4 2 2    0.566255
4 2 3    0.756606
;

W[i,j,k] :=
1 2 4   -0.00841608
1 2 5   -0.0198668
1 2 6    0.000904218
2 2 4   -0.0462239
2 2 5   -0.024797
2 2 6   -0.00848808
3 2 4   -0.00853642
3 2 5   -0.0198825
3 2 6    0.000874324
4 2 4    0.0293314
4 2 5   -0.0149445
4 2 6    0.0102815
;

W[i,j,k] :=
1 3 1    0.890501
1 3 2    0.288235
1 3 3    0.149068
2 3 1    0.889159
2 3 2   -0.0189024
2 3 3    0.722101
3 3 1    0.890497
3 3 2    0.287257
3 3 3    0.150892
4 3 1    0.89184
4 3 2    0.594882
4 3 3   -0.42305
;

W[i,j,k] :=
1 3 4   -0.00185494
1 3 5    0.00334402
1 3 6    0.00461506
2 3 4   -0.0109949
2 3 5    0.0210614
2 3 6    0.0140899
3 3 4   -0.00188403
3 3 5    0.00340041
3 3 6    0.00464522
4 3 4    0.00727049
4 3 5   -0.0143451
4 3 6   -0.00484471
;

f11 = 7.25274

f12 = 14.7611

f13 = 1.41079

f21 = 5.84719

f22 = 12.3059

f23 = 1.9466

f31 = -0.33426

f32 = 0

f33 = -0.103779

