solve_message = ' \
Ipopt 3.9.1: Converged to a locally infeasible point. Problem may be infeasible.'

Solve time:
_solve_time = 40.4199

Objective:
torque = 8.12659

cnh1 = 0.346985

cnh2 = 0.50825

cnh3 = -0.0173411

snh1 = 0.871551

snh2 = -0.788468

snh3 = 0.937923

Hx = -0.0652416

Hy = 0.0246443

Hz = -0.0105426

cnf11 = 0.675123

cnf21 = 0.351491

cnf31 = 0.401879

cnf12 = 0.675123

cnf22 = 0.615466

cnf32 = 0.535959

cnt1 = 0.536577

cnt2 = 0.508851

snf11 = 0.651313

snf21 = 0.964247

snf31 = 0.927975

snf12 = 0.651313

snf22 = 0.707956

snf32 = 0.831403

snt1 = 0.769471

snt2 = 0.84643

p :=
1 1    0.0304586
1 2    0.0160852
1 3   -0.0171718
2 1    0.00290777
2 2   -0.0302583
2 3    0.063195
3 1    0.00186415
3 2   -0.0325988
3 3   -0.0602953
;

mf :=
1 1   -0.816779
1 2   -0.279572
1 3   -0.151677
2 1   -0.178665
2 2    0.192203
2 3   -0.748763
;

mt [*] :=
1  -0.16186
2   0.493223
3   0.670158
;

phi :=
1 1   0.0256786
1 2   0.060992
1 3   0.0360389
2 1   0
2 2   0.00690762
2 3   0
3 1   0.0254556
3 2   0.0607229
3 3   0.0357197
4 1   0.198197
4 2   0.24201
4 3   0.370414
;

l [*,1,*]
:       1           2            3        :=
1   -0.816609   -0.279818    -0.152079
2   -1.03014     0.0292799    0.352732
3   -0.817289   -0.278834    -0.150472
4   -0.60342    -0.588422    -0.656085

 [*,2,*]
:       1           2            3        :=
1   -0.178259    0.192395    -0.748777
2   -0.6889     -0.0480792   -0.731662
3   -0.179884    0.191629    -0.748723
4    0.331569    0.432485    -0.765865

 [*,3,*]
:       1           2          3        :=
1   -0.161652    0.492925   0.670463
2   -0.422142    0.867296   0.28641
3   -0.162481    0.494116   0.669241
4    0.0984215   0.119151   1.0539
;

W[i,j,k] :=
1 1 1   -0.816609
1 1 2   -0.279818
1 1 3   -0.152079
2 1 1   -1.03014
2 1 2    0.0292799
2 1 3    0.352732
3 1 1   -0.817289
3 1 2   -0.278834
3 1 3   -0.150472
4 1 1   -0.60342
4 1 2   -0.588422
4 1 3   -0.656085
;

W[i,j,k] :=
1 1 4   -0.0072512
1 1 5    0.0186548
1 1 6    0.00461248
2 1 4    0.00617657
2 1 5    0.00694563
2 1 6    0.0174618
3 1 4   -0.00720846
3 1 5    0.0186175
3 1 6    0.00465338
4 1 4   -0.0206575
4 1 5    0.0303453
4 1 6   -0.00821638
;

W[i,j,k] :=
1 2 1   -0.178259
1 2 2    0.192395
1 2 3   -0.748777
2 2 1   -0.6889
2 2 2   -0.0480792
2 2 3   -0.731662
3 2 1   -0.179884
3 2 2    0.191629
3 2 3   -0.748723
4 2 1    0.331569
4 2 2    0.432485
4 2 3   -0.765865
;

W[i,j,k] :=
1 2 4    0.0104983
1 2 5   -0.00908777
1 2 6   -0.00483436
2 2 4    0.0251772
2 2 5   -0.0414075
2 2 6   -0.0209847
3 2 4    0.0105451
3 2 5   -0.00919064
3 2 6   -0.00488576
4 2 4   -0.0041571
4 2 5    0.0231804
4 2 6    0.0112903
;

W[i,j,k] :=
1 3 1   -0.161652
1 3 2    0.492925
1 3 3    0.670463
2 3 1   -0.422142
2 3 2    0.867296
2 3 3    0.28641
3 3 1   -0.162481
3 3 2    0.494116
3 3 3    0.669241
4 3 1    0.0984215
4 3 2    0.119151
4 3 3    1.0539
;

W[i,j,k] :=
1 3 4    0.00786474
1 3 5    0.00849703
1 3 6   -0.00435079
2 3 4    0.0429572
2 3 5    0.0249192
2 3 6   -0.0121445
3 3 4    0.00797644
3 3 5    0.0085493
3 3 6   -0.00437559
4 3 4   -0.0271718
4 3 5   -0.00789899
4 3 6    0.00343054
;

f11 = 7.75455

f12 = 15

f13 = -2.83716

f21 = 7.19137

f22 = 14.5611

f23 = 1.18766

f31 = 8.19895

f32 = 15

f33 = -0.979683

