solve_message = ' \
Ipopt 3.9.1: Converged to a locally infeasible point. Problem may be infeasible.'

Solve time:
_solve_time = 14.7889

Objective:
torque = 5.12611

cnh1 = -0.00385573

cnh2 = -0.834125

cnh3 = -0.938027

snh1 = -0.938075

snh2 = 0.429226

snh3 = -0.0102784

Hx = -0.0248331

Hy = -0.0334343

Hz = -0.018744

cnf11 = 0.0065495

cnf21 = 0.46771

cnf31 = 0.48689

cnf12 = 0.0065495

cnf22 = 0.441634

cnf32 = 0.478941

cnt1 = 0.321668

cnt2 = 0.323637

snf11 = 0.93806

snf21 = 0.813171

snf31 = 0.857281

snf12 = 0.93806

snf22 = 0.827623

snf32 = 0.860885

snt1 = 0.993347

snt2 = 1

p :=
1 1    0.0343415
1 2    0.00207041
1 3    0.0546696
2 1   -0.0340631
2 2    0.00306621
2 3    0.0556989
3 1   -0.0237985
3 2   -0.0104654
3 3    0.0651575
;

mf :=
1 1   -0.663036
1 2   -0.175554
1 3   -0.358619
2 1    0.63538
2 2   -0.198823
2 3   -0.396038
;

mt [*] :=
1  -0.00797266
2   0.166362
3  -0.979694
;

phi :=
1 1   0.0380763
1 2   0.0509801
1 3   0
2 1   0
2 2   0
2 3   0
3 1   0.0377678
3 2   0.0506433
3 3   0
4 1   0.450462
4 2   0.451106
4 3   0.0213788
;

l [*,1,*]
:       1           2            3        :=
1   -0.663185   -0.175726    -0.358208
2   -0.475141    0.0404965   -0.874211
3   -0.662587   -0.175038    -0.359851
4   -0.85093    -0.391604     0.156971

 [*,2,*]
:      1           2           3        :=
1   0.635552   -0.198416   -0.395958
2   0.419893   -0.709333   -0.49719
3   0.634865   -0.200042   -0.39628
4   0.850866    0.311685   -0.294887

 [*,3,*]
:        1            2           3        :=
1   -0.00831898    0.166742   -0.979643
2    0.426929     -0.310725   -1.044
3   -0.00693368    0.165222   -0.979848
4   -0.442873      0.643446   -0.915391
;

W[i,j,k] :=
1 1 1   -0.663185
1 1 2   -0.175726
1 1 3   -0.358208
2 1 1   -0.475141
2 1 2    0.0404965
2 1 3   -0.874211
3 1 1   -0.662587
3 1 2   -0.175038
3 1 3   -0.359851
4 1 1   -0.85093
4 1 2   -0.391604
4 1 3    0.156971
;

W[i,j,k] :=
1 1 4    0.00886524
1 1 5   -0.0239547
1 1 6   -0.00466164
2 1 4   -0.0040239
2 1 5    0.00404594
2 1 6    0.00237444
3 1 4    0.00882422
3 1 5   -0.0238655
3 1 6   -0.00463924
4 1 4    0.0217338
4 1 5   -0.0519106
4 1 6   -0.0116865
;

W[i,j,k] :=
1 2 1    0.635552
1 2 2   -0.198416
1 2 3   -0.395958
2 2 1    0.419893
2 2 2   -0.709333
2 2 3   -0.49719
3 2 1    0.634865
3 2 2   -0.200042
3 2 3   -0.39628
4 2 1    0.850866
4 2 2    0.311685
4 2 3   -0.294887
;

W[i,j,k] :=
1 2 4    0.00983746
1 2 5    0.0219119
1 2 6    0.00480994
2 2 4    0.0379845
2 2 5    0.00645171
2 2 6    0.0228746
3 2 4    0.00992705
3 2 5    0.0218627
3 2 6    0.00486744
4 2 4   -0.0182647
4 2 5    0.0373475
4 2 6   -0.0132259
;

W[i,j,k] :=
1 3 1   -0.00831898
1 3 2    0.166742
1 3 3   -0.979643
2 3 1    0.426929
2 3 2   -0.310725
2 3 3   -1.044
3 3 1   -0.00693368
3 3 2    0.165222
3 3 3   -0.979848
4 3 1   -0.442873
4 3 2    0.643446
4 3 3   -0.915391
;

W[i,j,k] :=
1 3 4   -0.000612117
1 3 5   -0.0238561
1 3 6   -0.00405526
2 3 4    0.0311719
2 3 5    0.00297206
2 3 6    0.0118628
3 3 4   -0.000510955
3 3 5   -0.0237707
3 3 6   -0.00400459
4 3 4   -0.0323454
4 3 5   -0.0506414
4 3 6   -0.0199479
;

f11 = 8.25638

f12 = 15

f13 = -0.121409

f21 = 6.44211

f22 = 12.8763

f23 = -0.262546

f31 = 0.343525

f32 = 0

f33 = -0.0670131

