solve_message = ' \
Ipopt 3.9.1: Optimal Solution Found'

Solve time:
_solve_time = 6.70804

Objective:
torque = 5.94562

cnh1 = -0.88785

cnh2 = 0.932968

cnh3 = -0.230118

snh1 = 0.302858

snh2 = -0.0978324

snh3 = -0.909421

Hx = 0.0161233

Hy = 0.0631145

Hz = 0.0298179

cnf11 = 0.206092

cnf21 = 0.394531

cnf31 = 0.442449

cnf12 = 0.206092

cnf22 = 0.590377

cnf32 = 0.527085

cnt1 = 0.403558

cnt2 = 0.467681

snf11 = 0.915165

snf21 = 0.902834

snf31 = 0.891836

snf12 = 0.915165

snf22 = 0.72901

snf32 = 0.836511

snt1 = 0.846842

snt2 = 0.865663

p :=
1 1   -0.0187073
1 2   -0.0268776
1 3    0.0601077
2 1   -0.0245554
2 2    0.012405
2 3   -0.0648053
3 1    0.0243564
3 2   -0.0243564
3 3    0.00540335
;

mf :=
1 1    0.308159
1 2    0.620136
1 3   -0.46314
2 1    0.245602
2 2    0.00212502
2 3    0.728245
;

mt [*] :=
1  -0.456633
2   0.646423
3   0.18979
;

phi :=
1 1   0.028582
1 2   0.0518217
1 3   0.0111735
2 1   0
2 2   0
2 3   0
3 1   0.0282892
3 2   0.0514961
3 3   0.0109625
4 1   0.352696
4 2   0.365948
4 3   0.17515
;

l [*,1,*]
:       1           2           3        :=
1    0.308414    0.619813   -0.463371
2   -0.0120007   1.02564    -0.173964
3    0.307394    0.621105   -0.462449
4    0.628317    0.21463    -0.752315

 [*,2,*]
:       1            2           3        :=
1    0.245219    0.001897     0.728365
2    0.726614    0.28847      0.577374
3    0.246751    0.00280909   0.727885
4   -0.235409   -0.284219     0.879115

 [*,3,*]
:       1          2           3        :=
1   -0.456904   0.646339    0.18941
2   -0.116434   0.752278    0.667408
3   -0.45582    0.646676    0.190931
4   -0.796831   0.540569   -0.287826
;

W[i,j,k] :=
1 1 1    0.308414
1 1 2    0.619813
1 1 3   -0.463371
2 1 1   -0.0120007
2 1 2    1.02564
2 1 3   -0.173964
3 1 1    0.307394
3 1 2    0.621105
3 1 3   -0.462449
4 1 1    0.628317
4 1 2    0.21463
4 1 3   -0.752315
;

W[i,j,k] :=
1 1 4   -0.0248013
1 1 5    0.0098696
1 1 6   -0.00330564
2 1 4   -0.0569734
2 1 5   -0.00397575
2 1 6   -0.0195096
3 1 4   -0.0249037
3 1 5    0.00982553
3 1 6   -0.00335721
4 1 4    0.00731953
4 1 5    0.0236929
4 1 6    0.0128725
;

W[i,j,k] :=
1 2 1    0.245219
1 2 2    0.001897
1 2 3    0.728365
2 2 1    0.726614
2 2 2    0.28847
2 2 3    0.577374
3 2 1    0.246751
3 2 2    0.00280909
3 2 3    0.727885
4 2 1   -0.235409
4 2 2   -0.284219
4 2 3    0.879115
;

W[i,j,k] :=
1 2 4    0.00915832
1 2 5    0.00199382
1 2 6   -0.00308853
2 2 4    0.0258567
2 2 5   -0.0329108
2 2 6   -0.0160972
3 2 4    0.00921147
3 2 5    0.00188272
3 2 6   -0.00312993
4 2 4   -0.00751346
4 2 5    0.0368428
4 2 6    0.00989936
;

W[i,j,k] :=
1 3 1   -0.456904
1 3 2    0.646339
1 3 3    0.18941
2 3 1   -0.116434
2 3 2    0.752278
2 3 3    0.667408
3 3 1   -0.45582
3 3 2    0.646676
3 3 3    0.190931
4 3 1   -0.796831
4 3 2    0.540569
4 3 3   -0.287826
;

W[i,j,k] :=
1 3 4   -0.00810574
1 3 5   -0.00708216
1 3 6    0.00461396
2 3 4   -0.0203205
2 3 5   -0.0168848
2 3 6    0.0154869
3 3 4   -0.00814462
3 3 5   -0.00711336
3 3 6    0.00464856
4 3 4    0.00408953
4 3 5    0.00270485
4 3 6   -0.00624162
;

f11 = 8.23878

f12 = 15

f13 = -0.552306

f21 = 7.02927

f22 = 14.3381

f23 = 1.45077

f31 = 1.96225

f32 = 4.00289

f33 = 0.52474

