solve_message = ' \
Ipopt 3.9.1: Converged to a locally infeasible point. Problem may be infeasible.'

Solve time:
_solve_time = 7.90925

Objective:
torque = 4.82211

cnh1 = -0.933353

cnh2 = -0.427336

cnh3 = 0.937763

snh1 = 0.0940854

snh2 = -0.835095

snh3 = -0.0244997

Hx = -0.0698494

Hy = -0.00197362

Hz = 0.0804664

cnf11 = 0.207139

cnf21 = 0.515565

cnf31 = 0.443026

cnf12 = 0.207139

cnf22 = 0.657693

cnf32 = 0.498673

cnt1 = -0.0800879

cnt2 = 0.371367

snf11 = 0.914928

snf21 = 0.925307

snf31 = 0.915443

snf12 = 0.914928

snf22 = 0.830325

snf32 = 0.880706

snt1 = 0.934658

snt2 = 0.861444

p :=
1 1    0.0193741
1 2    0.0281677
1 3    0.044844
2 1    0.00491021
2 2   -0.0334393
2 3    0.0500671
3 1   -0.0310628
3 2   -0.00913595
3 3    0.0568745
;

mf :=
1 1   -0.610229
1 2   -0.637605
1 3    0.103816
2 1   -0.278381
2 2    0.840895
2 3   -0.019718
;

mt [*] :=
1  -0.4974
2   0.0694253
3   0.566826
;

phi :=
1 1   0.0936027
1 2   0.0604423
1 3   0
2 1   0
2 2   0
2 3   0
3 1   0.093279
3 2   0.0599652
3 3   0
4 1   0.203105
4 2   0.375816
4 3   0.161373
;

l [*,1,*]
:       1           2           3        :=
1   -0.610154   -0.637747    0.10333
2   -0.70424    -0.459287    0.714177
3   -0.610454   -0.637179    0.105274
4   -0.516218   -0.815923   -0.506544

 [*,2,*]
:       1          2           3         :=
1   -0.277936   0.841044   -0.0196025
2   -0.836968   0.653981   -0.16482
3   -0.279715   0.840448   -0.0200647
4    0.280205   1.02781     0.125383

 [*,3,*]
:       1           2           3        :=
1   -0.49723     0.0690535   0.567063
2   -0.711558    0.536304    0.268707
3   -0.497912    0.0705407   0.566114
4   -0.283244   -0.397451    0.864944
;

W[i,j,k] :=
1 1 1   -0.610154
1 1 2   -0.637747
1 1 3    0.10333
2 1 1   -0.70424
2 1 2   -0.459287
2 1 3    0.714177
3 1 1   -0.610454
3 1 2   -0.637179
3 1 3    0.105274
4 1 1   -0.516218
4 1 2   -0.815923
4 1 3   -0.506544
;

W[i,j,k] :=
1 1 4    0.0315097
1 1 5   -0.0293637
1 1 6    0.00483086
2 1 4    0.040713
2 1 5   -0.0454175
2 1 6    0.0109386
3 1 4    0.031539
3 1 5   -0.0294148
3 1 6    0.0048503
4 1 4    0.022321
4 1 5   -0.0133354
4 1 6   -0.0012671
;

W[i,j,k] :=
1 2 1   -0.277936
1 2 2    0.841044
1 2 3   -0.0196025
2 2 1   -0.836968
2 2 2    0.653981
2 2 3   -0.16482
3 2 1   -0.279715
3 2 2    0.840448
3 2 3   -0.0200647
4 2 1    0.280205
4 2 2    1.02781
4 2 3    0.125383
;

W[i,j,k] :=
1 2 4   -0.0414532
1 2 5   -0.0138192
1 2 6   -0.00516428
2 2 4   -0.0272315
2 2 5   -0.0410953
2 2 6   -0.0247764
3 2 4   -0.0414079
3 2 5   -0.013906
3 2 6   -0.0052267
4 2 4   -0.0556521
4 2 5    0.0134134
4 2 6    0.0144166
;

W[i,j,k] :=
1 3 1   -0.49723
1 3 2    0.0690535
1 3 3    0.567063
2 3 1   -0.711558
2 3 2    0.536304
2 3 3    0.268707
3 3 1   -0.497912
3 3 2    0.0705407
3 3 3    0.566114
4 3 1   -0.283244
4 3 2   -0.397451
4 3 3    0.864944
;

W[i,j,k] :=
1 3 4   -0.00910805
1 3 5   -0.0106652
1 3 6   -0.00668766
2 3 4   -0.0329569
2 3 5   -0.0321228
2 3 6   -0.0231598
3 3 4   -0.00918396
3 3 5   -0.0107335
3 3 6   -0.00674009
4 3 4    0.0147028
4 3 5    0.0107582
4 3 6    0.00975824
;

f11 = 7.32357

f12 = 15

f13 = -3.81417

f21 = 5.95762

f22 = 13.2333

f23 = 2.89943

f31 = 0.33807

f32 = 0

f33 = 0.0905991

