solve_message = ' \
Ipopt 3.9.1: Optimal Solution Found'

Solve time:
_solve_time = 4.72683

Objective:
torque = 4.23918

cnh1 = 0.0442114

cnh2 = 0.92802

cnh3 = 0.363904

snh1 = 0.937041

snh2 = -0.137038

snh3 = 0.864624

Hx = -0.0693984

Hy = 0.012192

Hz = -0.0353289

cnf11 = -0.0201924

cnf21 = 0.440004

cnf31 = 0.478451

cnf12 = -0.0201924

cnf22 = 0.557845

cnf32 = 0.515937

cnt1 = 0.466848

cnt2 = 0.423077

snf11 = 0.937866

snf21 = 0.828491

snf31 = 0.861102

snf12 = 0.937866

snf22 = 0.754194

snf32 = 0.842669

snt1 = 0.950817

snt2 = 0.92798

p :=
1 1    0.0312717
1 2    0.00998713
1 3   -0.0599421
2 1   -0.0227424
2 2   -0.00518648
2 3    0.0656517
3 1    0.0147106
3 2   -0.0311459
3 3   -0.00490636
;

mf :=
1 1   -0.657436
1 2   -0.0126934
1 3    0.415736
2 1   -0.00124563
2 2    0.12113
2 3   -0.761625
;

mt [*] :=
1  -0.519048
2   0.784719
3  -0.116778
;

phi :=
1 1   0.0431972
1 2   0.0795787
1 3   0
2 1   0
2 2   0.0108477
2 3   0
3 1   0.0428717
3 2   0.079225
3 3   0
4 1   0.401778
4 2   0.371422
4 3   0.0444753
;

l [*,1,*]
:       1           2           3        :=
1   -0.657269   -0.0130594   0.415947
2   -0.866465    0.44695     0.151069
3   -0.657935   -0.0115953   0.415103
4   -0.448407   -0.472335    0.680402

 [*,2,*]
:        1             2           3        :=
1   -0.000911609    0.121439   -0.761555
2   -0.420697      -0.267729   -0.848711
3   -0.00224769     0.120201   -0.761833
4    0.418204       0.509986   -0.674538

 [*,3,*]
:       1          2           3        :=
1   -0.518906   0.78489    -0.116309
2   -0.697514   0.569918   -0.705972
3   -0.519475   0.784206   -0.118186
4   -0.340584   0.999519    0.472414
;

W[i,j,k] :=
1 1 1   -0.657269
1 1 2   -0.0130594
1 1 3    0.415947
2 1 1   -0.866465
2 1 2    0.44695
2 1 3    0.151069
3 1 1   -0.657935
3 1 2   -0.0115953
3 1 3    0.415103
4 1 1   -0.448407
4 1 2   -0.472335
4 1 3    0.680402
;

W[i,j,k] :=
1 1 4    0.0033713
1 1 5    0.0263908
1 1 6    0.00615584
2 1 4    0.0282999
2 1 5    0.0472136
2 1 6    0.0226304
3 1 4    0.00345065
3 1 5    0.026457
3 1 6    0.00620828
4 1 4   -0.0215175
4 1 5    0.00560117
4 1 6   -0.0102924
;

W[i,j,k] :=
1 2 1   -0.000911609
1 2 2    0.121439
1 2 3   -0.761555
2 2 1   -0.420697
2 2 2   -0.267729
2 2 3   -0.848711
3 2 1   -0.00224769
3 2 2    0.120201
3 2 3   -0.761833
4 2 1    0.418204
4 2 2    0.509986
4 2 3   -0.674538
;

W[i,j,k] :=
1 2 4   -0.00402289
1 2 5   -0.0173794
1 2 6   -0.00276655
2 2 4    0.0219787
2 2 5   -0.0469212
2 2 6    0.00390685
3 2 4   -0.00394014
3 2 5   -0.0174735
3 2 6   -0.00274531
4 2 4   -0.029983
4 2 5    0.0121152
4 2 6   -0.0094293
;

W[i,j,k] :=
1 3 1   -0.518906
1 3 2    0.78489
1 3 3   -0.116309
2 3 1   -0.697514
2 3 2    0.569918
2 3 3   -0.705972
3 3 1   -0.519475
3 3 2    0.784206
3 3 3   -0.118186
4 3 1   -0.340584
4 3 2    0.999519
4 3 3    0.472414
;

W[i,j,k] :=
1 3 4    0.0074735
1 3 5    0.00425691
1 3 6   -0.00461567
2 3 4    0.0247844
2 3 5    0.0138075
2 3 6   -0.0133409
3 3 4    0.0075286
3 3 5    0.00428731
3 3 6   -0.00464344
4 3 4   -0.00980977
4 3 5   -0.00527844
4 3 6    0.00409567
;

f11 = 5.99016

f12 = 12.0656

f13 = -0.795566

f21 = 5.81215

f22 = 11.9204

f23 = -1.36497

f31 = 0.337283

f32 = 0

f33 = -0.0934893

