solve_message = ' \
Ipopt 3.9.1: Converged to a locally infeasible point. Problem may be infeasible.'

Solve time:
_solve_time = 19.7341

Objective:
torque = 6.8493

cnh1 = -0.816478

cnh2 = 0.937681

cnh3 = -0.0901054

snh1 = 0.461914

snh2 = -0.0274648

snh3 = 0.933746

Hx = -0.0419073

Hy = -0.0606208

Hz = 0.00757299

cnf11 = 0.465849

cnf21 = 0.479296

cnf31 = 0.490484

cnf12 = 0.465849

cnf22 = 0.489878

cnf32 = 0.493802

cnt1 = 0.561431

cnt2 = 0.462882

snf11 = 0.814239

snf21 = 0.806397

snf31 = 0.855593

snf12 = 0.814239

snf22 = 0.800012

snf32 = 0.854003

snt1 = 0.894489

snt2 = 0.902282

p :=
1 1   -0.0246265
1 2    0.0184411
1 3   -0.0599491
2 1   -0.0164604
2 2    0.0273468
2 3    0.0615162
3 1    0.0354617
3 2   -0.00179823
3 3   -0.00298964
;

mf :=
1 1    0.133091
1 2   -0.469358
1 3    0.60245
2 1    0.0592193
2 2   -0.541954
2 3   -0.553006
;

mt [*] :=
1  -0.939726
2  -0.0190627
3   0.0715178
;

phi :=
1 1   0.0382474
1 2   0.0372453
1 3   0.0218676
2 1   0
2 2   0
2 3   0
3 1   0.0379644
3 2   0.0369594
3 3   0.0216047
4 1   0.303878
4 2   0.305294
4 3   0.271629
;

l [*,1,*]
:       1           2          3        :=
1    0.13354    -0.469293   0.602378
2   -0.429642   -0.551739   0.692375
3    0.131747   -0.469555   0.602665
4    0.695823   -0.386979   0.512525

 [*,2,*]
:       1            2           3        :=
1    0.0591523   -0.541622   -0.553314
2    0.143429    -0.958827   -0.165756
3    0.0594205   -0.54295    -0.552081
4   -0.0249904   -0.125082   -0.940254

 [*,3,*]
:       1           2            3         :=
1   -0.93971    -0.0186639    0.0718415
2   -0.959141   -0.519884    -0.334883
3   -0.939772   -0.0202592    0.070547
4   -0.92031     0.481757     0.477917
;

W[i,j,k] :=
1 1 1    0.13354
1 1 2   -0.469293
1 1 3    0.602378
2 1 1   -0.429642
2 1 2   -0.551739
2 1 3    0.692375
3 1 1    0.131747
3 1 2   -0.469555
3 1 3    0.602665
4 1 1    0.695823
4 1 2   -0.386979
4 1 3    0.512525
;

W[i,j,k] :=
1 1 4   -0.0170252
1 1 5    0.00682887
1 1 6    0.00909441
2 1 4   -0.0203081
2 1 5    0.0428074
2 1 6    0.0215104
3 1 4   -0.0170356
3 1 5    0.00694339
3 1 6    0.00913393
4 1 4   -0.0137475
4 1 5   -0.0290923
4 1 6   -0.00330181
;

W[i,j,k] :=
1 2 1    0.0591523
1 2 2   -0.541622
1 2 3   -0.553314
2 2 1    0.143429
2 2 2   -0.958827
2 2 3   -0.165756
3 2 1    0.0594205
3 2 2   -0.54295
3 2 3   -0.552081
4 2 1   -0.0249904
4 2 2   -0.125082
4 2 3   -0.940254
;

W[i,j,k] :=
1 2 4    0.0181872
1 2 5   -0.00546896
1 2 6    0.00729769
2 2 4    0.0544505
2 2 5    0.00609482
2 2 6    0.0118604
3 2 4    0.0183026
3 2 5   -0.00543215
3 2 6    0.00731222
4 2 4   -0.0180183
4 2 5   -0.0170143
4 2 6    0.00274231
;

W[i,j,k] :=
1 3 1   -0.93971
1 3 2   -0.0186639
1 3 3    0.0718415
2 3 1   -0.959141
2 3 2   -0.519884
2 3 3   -0.334883
3 3 1   -0.939772
3 3 2   -0.0202592
3 3 3    0.070547
4 3 1   -0.92031
4 3 2    0.481757
4 3 3    0.477917
;

W[i,j,k] :=
1 3 4   -0.000184986
1 3 5    0.000261778
1 3 6   -0.00235166
2 3 4   -0.000952072
2 3 5    0.014743
2 3 6   -0.0201607
3 3 4   -0.000187427
3 3 5    0.000307868
3 3 6   -0.00240835
4 3 4    0.000580878
4 3 5   -0.0141963
4 3 6    0.015429
;

f11 = 8.17422

f12 = 15

f13 = 1.16814

f21 = 5.94583

f22 = 11.9112

f23 = 0.486189

f31 = 5.27663

f32 = 10.5305

f33 = 0.0133706

