solve_message = ' \
Ipopt 3.9.1: Optimal Solution Found'

Solve time:
_solve_time = 6.06844

Objective:
torque = 4.65994

cnh1 = -0.746431

cnh2 = -0.934947

cnh3 = 0.351625

snh1 = 0.568191

snh2 = 0.0766417

snh3 = 0.86969

Hx = -0.0359496

Hy = -0.0626546

Hz = 0.0303754

cnf11 = 0.00834236

cnf21 = 0.475574

cnf31 = 0.489325

cnf12 = 0.00834236

cnf22 = 0.512535

cnf32 = 0.501019

cnt1 = 0.489278

cnt2 = 0.432396

snf11 = 0.938046

snf21 = 0.808597

snf31 = 0.856141

snf12 = 0.938046

snf22 = 0.785689

snf32 = 0.850444

snt1 = 0.939472

snt2 = 0.922081

p :=
1 1    0.0280306
1 2    0.0169808
1 3    0.0600554
2 1   -0.0105052
2 2   -0.0177249
2 3   -0.0658355
3 1   -0.0151891
3 2    0.0309154
3 3   -0.00141998
;

mf :=
1 1   -0.41045
1 2   -0.470947
1 3   -0.460751
2 1   -0.00566667
2 2   -0.0949236
2 3    0.768489
;

mt [*] :=
1   0.287988
2  -0.890501
3   0.149524
;

phi :=
1 1   0.0418227
1 2   0.0724925
1 3   0
2 1   0
2 2   0.00513226
2 3   0
3 1   0.0414983
3 2   0.0721415
3 3   0
4 1   0.404984
4 2   0.378741
4 3   0.051544
;

l [*,1,*]
:       1            2            3        :=
1   -0.410602   -0.470573     -0.460965
2   -0.21933    -0.940379     -0.193009
3   -0.409993   -0.472068     -0.460112
4   -0.601569   -0.00151607   -0.728492

 [*,2,*]
:        1            2           3        :=
1   -0.00521123   -0.0948665   0.768479
2   -0.57759      -0.166549    0.780373
3   -0.00703299   -0.0950947   0.768517
4    0.566255     -0.0232981   0.756605

 [*,3,*]
:       1            2           3        :=
1    0.288232    -0.890502    0.149068
2   -0.0189049   -0.889159    0.722101
3    0.287255    -0.890497    0.150892
4    0.594879    -0.891842   -0.42305
;

W[i,j,k] :=
1 1 1   -0.410602
1 1 2   -0.470573
1 1 3   -0.460965
2 1 1   -0.21933
2 1 2   -0.940379
2 1 3   -0.193009
3 1 1   -0.409993
3 1 2   -0.472068
3 1 3   -0.460112
4 1 1   -0.601569
4 1 2   -0.00151607
4 1 3   -0.728492
;

W[i,j,k] :=
1 1 4    0.0204329
1 1 5   -0.0117378
1 1 6   -0.0062181
2 1 4    0.0531974
2 1 5   -0.0077618
2 1 6   -0.022635
3 1 4    0.0205372
3 1 5   -0.0117251
3 1 6   -0.00627036
4 1 4   -0.0122793
4 1 5   -0.0157074
4 1 6    0.0101726
;

W[i,j,k] :=
1 2 1   -0.00521123
1 2 2   -0.0948665
1 2 3    0.768479
2 2 1   -0.57759
2 2 2   -0.166549
2 2 3    0.780373
3 2 1   -0.00703299
3 2 2   -0.0950947
3 2 3    0.768517
4 2 1    0.566255
4 2 2   -0.0232981
4 2 3    0.756605
;

W[i,j,k] :=
1 2 4   -0.0198668
1 2 5    0.00841614
1 2 6    0.000904226
2 2 4   -0.0247969
2 2 5    0.0462239
2 2 6   -0.00848808
3 2 4   -0.0198825
3 2 5    0.00853647
3 2 6    0.000874333
4 2 4   -0.0149446
4 2 5   -0.0293314
4 2 6    0.0102816
;

W[i,j,k] :=
1 3 1    0.288232
1 3 2   -0.890502
1 3 3    0.149068
2 3 1   -0.0189049
2 3 2   -0.889159
2 3 3    0.722101
3 3 1    0.287255
3 3 2   -0.890497
3 3 3    0.150892
4 3 1    0.594879
4 3 2   -0.891842
4 3 3   -0.42305
;

W[i,j,k] :=
1 3 4    0.00334402
1 3 5    0.00185493
1 3 6    0.00461507
2 3 4    0.0210615
2 3 5    0.0109949
2 3 6    0.0140899
3 3 4    0.00340041
3 3 5    0.00188402
3 3 6    0.00464522
4 3 4   -0.0143452
4 3 5   -0.00727045
4 3 6   -0.0048447
;

f11 = 7.25273

f12 = 14.7611

f13 = 1.4108

f21 = 5.84719

f22 = 12.3059

f23 = 1.9466

f31 = -0.33426

f32 = 0

f33 = -0.103782

