solve_message = ' \
Ipopt 3.9.1: Converged to a locally infeasible point. Problem may be infeasible.'

Solve time:
_solve_time = 5.66284

Objective:
torque = 6.26841

cnh1 = 0.379787

cnh2 = 0.749666

cnh3 = -0.223688

snh1 = -0.857766

snh2 = -0.563915

snh3 = 0.911023

Hx = 0.0628565

Hy = 0.0392627

Hz = -0.0140103

cnf11 = 0.447442

cnf21 = 0.384743

cnf31 = 0.462268

cnf12 = 0.447442

cnf22 = 0.714675

cnf32 = 0.574011

cnt1 = 0.486057

cnt2 = 0.431075

snf11 = 0.824497

snf21 = 0.855554

snf31 = 0.867811

snf12 = 0.824497

snf22 = 0.607651

snf32 = 0.807503

snt1 = 0.941142

snt2 = 0.922912

p :=
1 1    0.0160623
1 2    0.0266042
1 3   -0.0595103
2 1   -0.029884
2 2    0.00808826
2 3    0.062675
3 1   -0.0273633
3 2    0.0180108
3 3   -0.0557069
;

mf :=
1 1    0.0885206
1 2    0.680215
1 3    0.321358
2 1    0.236483
2 2    0.0313873
2 3   -0.741508
;

mt [*] :=
1   0.726677
2  -0.249998
3   0.592267
;

phi :=
1 1   0.0630409
1 2   0.0704268
1 3   0.0178963
2 1   0.00423083
2 2   0.00511692
2 3   0
3 1   0.0627616
3 2   0.070105
3 3   0.0176237
4 1   0.225771
4 2   0.261265
4 3   0.248045
;

l [*,1,*]
:       1           2           3         :=
1    0.0881826   0.680362    0.321072
2    0.512867    0.496325    0.680045
3    0.0895343   0.679776    0.322215
4   -0.335824    0.864105   -0.0373273

 [*,2,*]
:      1           2            3        :=
1   0.236381    0.0309452   -0.741533
2   0.364416    0.586552    -0.710756
3   0.236789    0.0327136   -0.741435
4   0.108551   -0.523775    -0.77226

 [*,3,*]
:      1           2           3        :=
1   0.726348   -0.25018     0.59263
2   1.13967    -0.0219473   0.136586
3   0.727664   -0.249453    0.591178
4   0.313682   -0.478048    1.04795
;

W[i,j,k] :=
1 1 1    0.0881826
1 1 2    0.680362
1 1 3    0.321072
2 1 1    0.512867
2 1 2    0.496325
2 1 3    0.680045
3 1 1    0.0895343
3 1 2    0.679776
3 1 3    0.322215
4 1 1   -0.335824
4 1 2    0.864105
4 1 3   -0.0373273
;

W[i,j,k] :=
1 1 4    0.0490304
1 1 5   -0.0104049
1 1 6    0.00858218
2 1 4    0.0476284
2 1 5   -0.041444
2 1 6   -0.00567225
3 1 4    0.0490259
3 1 5   -0.0105037
3 1 6    0.00853681
4 1 4    0.0504301
4 1 5    0.0205846
4 1 6    0.0228139
;

W[i,j,k] :=
1 2 1    0.236381
1 2 2    0.0309452
1 2 3   -0.741533
2 2 1    0.364416
2 2 2    0.586552
2 2 3   -0.710756
3 2 1    0.236789
3 2 2    0.0327136
3 2 3   -0.741435
4 2 1    0.108551
4 2 2   -0.523775
4 2 3   -0.77226
;

W[i,j,k] :=
1 2 4   -0.0079372
1 2 5   -0.00734475
1 2 6   -0.00283668
2 2 4   -0.042511
2 2 5    0.00159955
2 2 6   -0.020476
3 2 4   -0.00804724
3 2 5   -0.00731628
3 2 6   -0.00289282
4 2 4    0.0265814
4 2 5   -0.0162748
4 2 6    0.0147745
;

W[i,j,k] :=
1 3 1    0.726348
1 3 2   -0.25018
1 3 3    0.59263
2 3 1    1.13967
2 3 2   -0.0219473
2 3 3    0.136586
3 3 1    0.727664
3 3 2   -0.249453
3 3 3    0.591178
4 3 1    0.313682
4 3 2   -0.478048
4 3 3    1.04795
;

W[i,j,k] :=
1 3 4   -0.00326301
1 3 5   -0.0242463
1 3 6   -0.00623637
2 3 4    0.0012374
2 3 5   -0.0597502
2 3 6   -0.0199259
3 3 4   -0.00324869
3 3 5   -0.0243593
3 3 6   -0.00627994
4 3 4   -0.00775625
4 3 5    0.011201
4 3 6    0.0074313
;

f11 = 8.0482

f12 = 15

f13 = -1.84635

f21 = 3.839

f22 = 13.9858

f23 = 1.74921

f31 = 3.78668

f32 = 7.54186

f33 = 0.0311244

