solve_message = ' \
Ipopt 3.9.1: Converged to a locally infeasible point. Problem may be infeasible.'

Solve time:
_solve_time = 19.8433

Objective:
torque = 5.08434

cnh1 = 0.444182

cnh2 = -0.918304

cnh3 = 0.287493

snh1 = 0.826258

snh2 = 0.19162

snh3 = -0.892943

Hx = 0.0481213

Hy = -0.0373361

Hz = 0.00768242

cnf11 = 0.851295

cnf21 = 0.406394

cnf31 = 0.468506

cnf12 = 0.851295

cnf22 = 0.252713

cnf32 = 0.350365

cnt1 = 0.541929

cnt2 = 0.51062

snf11 = 0.394078

snf21 = 0.845484

snf31 = 0.865327

snf12 = 0.394078

snf22 = 0.998073

snf32 = 0.964071

snt1 = 0.765711

snt2 = 0.845503

p :=
1 1   -0.0208776
1 2   -0.0235018
1 3   -0.058931
2 1   -0.0340614
2 2   -0.00512731
2 3    0.00546259
3 1    0.00606543
3 2    0.0349854
3 3   -0.00532761
;

mf :=
1 1   0.553331
1 2   0.239678
1 3   0.506505
2 1   0.902554
2 2   0.000148617
2 3   0.135714
;

mt [*] :=
1  -0.0819536
2  -0.808228
3  -0.0648575
;

phi :=
1 1   0.0148878
1 2   0
1 3   0.0723387
2 1   0
2 2   0
2 3   0.00652239
3 1   0.014618
3 2   0
3 3   0.0720036
4 1   0.401657
4 2   0.14335
4 3   0.376794
;

l [*,1,*]
:      1           2          3        :=
1   0.553337    0.240071   0.506284
2   0.545678   -0.254298   0.784896
3   0.553313    0.238498   0.50717
4   0.560984    0.733652   0.228116

 [*,2,*]
:      1            2             3        :=
1   0.902592    0.000365221    0.135288
2   0.855421   -0.271855       0.670719
3   0.902442   -0.000501194    0.136992
4   0.949687    0.272151      -0.399289

 [*,3,*]
:       1            2           3         :=
1   -0.0823799   -0.808196   -0.0646485
2    0.453297    -0.84849    -0.327242
3   -0.0806749   -0.808324   -0.0654843
4   -0.617202    -0.767966    0.197526
;

W[i,j,k] :=
1 1 1    0.553337
1 1 2    0.240071
1 1 3    0.506284
2 1 1    0.545678
2 1 2   -0.254298
2 1 3    0.784896
3 1 1    0.553313
3 1 2    0.238498
3 1 3    0.50717
4 1 1    0.560984
4 1 2    0.733652
4 1 3    0.228116
;

W[i,j,k] :=
1 1 4    0.00224906
1 1 5   -0.0220388
1 1 6    0.00799233
2 1 4   -0.0334325
2 1 5   -0.0157706
2 1 6    0.0181336
3 1 4    0.00213549
3 1 5   -0.0220188
3 1 6    0.00802461
4 1 4    0.0378737
4 1 5   -0.0282969
4 1 6   -0.00213272
;

W[i,j,k] :=
1 2 1    0.902592
1 2 2    0.000365221
1 2 3    0.135288
2 2 1    0.855421
2 2 2   -0.271855
2 2 3    0.670719
3 2 1    0.902442
3 2 2   -0.000501194
3 2 3    0.136992
4 2 1    0.949687
4 2 2    0.272151
4 2 3   -0.399289
;

W[i,j,k] :=
1 2 4   -0.000695658
1 2 5    0.00953859
1 2 6    0.00461542
2 2 4   -0.00195395
2 2 5    0.0275185
2 2 6    0.0136458
3 2 4   -0.000699662
3 2 5    0.00959581
3 2 6    0.00464417
4 2 4    0.000560627
4 2 5   -0.0084126
4 2 6   -0.00440052
;

W[i,j,k] :=
1 3 1   -0.0823799
1 3 2   -0.808196
1 3 3   -0.0646485
2 3 1    0.453297
2 3 2   -0.84849
2 3 3   -0.327242
3 3 1   -0.0806749
3 3 2   -0.808324
3 3 3   -0.0654843
4 3 1   -0.617202
4 3 2   -0.767966
4 3 3    0.197526
;

W[i,j,k] :=
1 3 4   -0.0065675
1 3 5    0.000831008
1 3 6   -0.00201996
2 3 4   -0.0159691
2 3 5   -0.000430124
2 3 6   -0.0210052
3 3 4   -0.00659742
3 3 5    0.000826995
3 3 6   -0.00208039
4 3 4    0.00281911
4 3 5    0.00209013
4 3 6    0.016935
;

f11 = 7.81408

f12 = 15

f13 = 2.66883

f21 = 0.346856

f22 = 0

f23 = 0.0468048

f31 = 5.53707

f32 = 12.3125

f33 = -2.71299

