solve_message = ' \
Ipopt 3.9.1: Optimal Solution Found'

Solve time:
_solve_time = 47.2995

Objective:
torque = 3.95638

cnh1 = -0.777742

cnh2 = 0.865803

cnh3 = -0.215641

snh1 = 0.524516

snh2 = 0.361089

snh3 = 0.912962

Hx = -0.042211

Hy = -0.0546051

Hz = 0.0257746

cnf11 = 0.0444639

cnf21 = 0.586774

cnf31 = 0.525831

cnf12 = 0.0444639

cnf22 = 0.417571

cnf32 = 0.471778

cnt1 = 0.40422

cnt2 = 0.39455

snf11 = 0.937029

snf21 = 0.731913

snf31 = 0.837218

snf12 = 0.937029

snf22 = 0.840021

snf32 = 0.863972

snt1 = 0.979084

snt2 = 0.947017

p :=
1 1    0.0195283
1 2   -0.0208474
1 3   -0.0643709
2 1   -0.00242511
2 2    0.0323048
2 3    0.0607644
3 1    0.034427
3 2    0.00111628
3 3    0.0173824
;

mf :=
1 1   -0.255503
1 2    0.058355
1 3    0.719782
2 1   -0.160909
2 2   -0.610772
2 3   -0.449866
;

mt [*] :=
1  -0.932019
2  -0.164496
3  -0.134378
;

phi :=
1 1   0.0566036
1 2   0.0587322
1 3   0
2 1   0
2 2   0
2 3   0
3 1   0.0562667
3 2   0.0583894
3 3   0
4 1   0.383861
4 2   0.394275
4 3   0.0439742
;

l [*,1,*]
:       1           2           3        :=
1   -0.255074    0.0584492   0.71993
2   -0.794604   -0.059939    0.534859
3   -0.256791    0.0580724   0.719341
4    0.283595    0.176648    0.904704

 [*,2,*]
:       1            2            3          :=
1   -0.16096     -0.610478   -0.450224
2   -0.0962124   -0.979562   -0.000873823
3   -0.160754    -0.611653   -0.448794
4   -0.225605    -0.241982   -0.898857

 [*,3,*]
:       1           2           3         :=
1   -0.932117   -0.164017   -0.134231
2   -0.809331   -0.766475   -0.319195
3   -0.931726   -0.165934   -0.134819
4   -1.05471     0.43748     0.0504389
;

W[i,j,k] :=
1 1 1   -0.255074
1 1 2    0.0584492
1 1 3    0.71993
2 1 1   -0.794604
2 1 2   -0.059939
2 1 3    0.534859
3 1 1   -0.256791
3 1 2    0.0580724
3 1 3    0.719341
4 1 1    0.283595
4 1 2    0.176648
4 1 3    0.904704
;

W[i,j,k] :=
1 1 4   -0.0112463
1 1 5    0.00236039
1 1 6   -0.00417623
2 1 4   -0.0150088
2 1 5    0.0407045
2 1 6   -0.0177359
3 1 4   -0.0112582
3 1 5    0.00248243
3 1 6   -0.00421939
4 1 4   -0.00748974
4 1 5   -0.0359225
4 1 6    0.00936185
;

W[i,j,k] :=
1 2 1   -0.16096
1 2 2   -0.610478
1 2 3   -0.450224
2 2 1   -0.0962124
2 2 2   -0.979562
2 2 3   -0.000873823
3 2 1   -0.160754
3 2 2   -0.611653
3 2 3   -0.448794
4 2 1   -0.225605
4 2 2   -0.241982
4 2 3   -0.898857
;

W[i,j,k] :=
1 2 4    0.022551
1 2 5   -0.0108725
1 2 6    0.00668027
2 2 4    0.0594943
2 2 5   -0.00584841
2 2 6    0.00548366
3 2 4    0.0226685
3 2 5   -0.0108565
3 2 6    0.00667646
4 2 4   -0.0143335
4 2 5   -0.0158886
4 2 6    0.00787496
;

W[i,j,k] :=
1 3 1   -0.932117
1 3 2   -0.164017
1 3 3   -0.134231
2 3 1   -0.809331
2 3 2   -0.766475
2 3 3   -0.319195
3 3 1   -0.931726
3 3 2   -0.165934
3 3 3   -0.134819
4 3 1   -1.05471
4 3 2    0.43748
4 3 3    0.0504389
;

W[i,j,k] :=
1 3 4    0.00270117
1 3 5   -0.0115813
1 3 6   -0.0046061
2 3 4    0.0129669
2 3 5   -0.00307921
2 3 6   -0.0254839
3 3 4    0.00273385
3 3 5   -0.0115542
3 3 6   -0.00467255
4 3 4   -0.00754815
4 3 5   -0.0200698
4 3 6    0.0162384
;

f11 = 5.6307

f12 = 11.2415

f13 = -0.0898434

f21 = 5.76716

f22 = 11.6495

f23 = 0.887421

f31 = 0.283036

f32 = 0

f33 = -0.205889

