solve_message = ' \
Ipopt 3.9.1: Optimal Solution Found'

Solve time:
_solve_time = 10.8265

Objective:
torque = 1.47953

cnh1 = -0.706474

cnh2 = 0.515336

cnh3 = -0.938088

snh1 = -0.61717

snh2 = -0.783856

snh3 = -2.42853e-05

Hx = 0.0591937

Hy = 0.0518877

Hz = 0.0214882

cnf11 = 0.934711

cnf21 = 0.80264

cnf31 = 0.613826

cnf12 = 0.934711

cnf22 = 0.79817

cnf32 = 0.611589

cnt1 = 0.501779

cnt2 = 0.437484

snf11 = 0

snf21 = 0.485563

snf31 = 0.779047

snf12 = 0

snf22 = 0.49288

snf32 = 0.780742

snt1 = 0.932854

snt2 = 0.918895

p :=
1 1   -0.010684
1 2   -0.0282561
1 3    0.0619497
2 1   -0.0296084
2 2   -0.00650598
2 3    0.0609853
3 1    0.0198482
3 2    0.0175125
3 3   -0.0651196
;

mf :=
1 1    0.297275
1 2    0.173938
1 3   -0.731822
2 1    0.218408
2 2    0.276681
2 3   -0.727397
;

mt [*] :=
1  0.0148105
2  0.012955
3  0.989591
;

phi :=
1 1   0.0636576
1 2   0.0634169
1 3   0.0918881
2 1   0.0241263
2 2   0.0267978
2 3   0.0333804
3 1   0.0634918
3 2   0.0632668
3 3   0.0916206
4 1   0.139956
4 2   0.129627
4 3   0.241407
;

l [*,1,*]
:      1           2           3        :=
1   0.29727     0.173503   -0.731941
2   0.303083    0.719823   -0.581703
3   0.297289    0.175242   -0.731463
4   0.291467   -0.371945   -0.88194

 [*,2,*]
:      1           2           3        :=
1   0.218431    0.276263   -0.72757
2   0.188713    0.801662   -0.510618
3   0.218337    0.277935   -0.726879
4   0.248102   -0.248299   -0.944175

 [*,3,*]
:       1            2           3        :=
1    0.0143078    0.0129811   0.989623
2    0.646139    -0.0197641   0.949771
3    0.0163187    0.0128768   0.989496
4   -0.616515     0.045674    1.02941
;

W[i,j,k] :=
1 1 1    0.29727
1 1 2    0.173503
1 1 3   -0.731941
2 1 1    0.303083
2 1 2    0.719823
2 1 3   -0.581703
3 1 1    0.297289
3 1 2    0.175242
3 1 3   -0.731463
4 1 1    0.291467
4 1 2   -0.371945
4 1 3   -0.88194
;

W[i,j,k] :=
1 1 4    0.00993335
1 1 5    0.0105958
1 1 6    0.00654599
2 1 4   -0.0281561
2 1 5    0.0125609
2 1 6    0.000873392
3 1 4    0.00981212
3 1 5    0.010602
3 1 6    0.00652793
4 1 4    0.0479621
4 1 5    0.00863378
4 1 6    0.0122095
;

W[i,j,k] :=
1 2 1    0.218431
1 2 2    0.276263
1 2 3   -0.72757
2 2 1    0.188713
2 2 2    0.801662
2 2 3   -0.510618
3 2 1    0.218337
3 2 2    0.277935
3 2 3   -0.726879
4 2 1    0.248102
4 2 2   -0.248299
4 2 3   -0.944175
;

W[i,j,k] :=
1 2 4   -0.0121146
1 2 5   -0.00822094
1 2 6   -0.00675835
2 2 4   -0.0455679
2 2 5   -0.00360955
2 2 6   -0.0225077
3 2 4   -0.0122211
3 2 5   -0.00820626
3 2 6   -0.00680847
4 2 4    0.0212853
4 2 5   -0.012825
4 2 6    0.00896586
;

W[i,j,k] :=
1 3 1    0.0143078
1 3 2    0.0129811
1 3 3    0.989623
2 3 1    0.646139
2 3 2   -0.0197641
2 3 3    0.949771
3 3 1    0.0163187
3 3 2    0.0128768
3 3 3    0.989496
4 3 1   -0.616515
4 3 2    0.045674
4 3 3    1.02941
;

W[i,j,k] :=
1 3 4    0.0181761
1 3 5   -0.0205739
1 3 6    7.03985e-06
2 3 4    0.0153459
2 3 5   -0.0609275
2 3 6   -0.011708
3 3 4    0.0181671
3 3 5   -0.0207024
3 3 6   -3.02464e-05
4 3 4    0.0210019
4 3 5    0.0197153
4 3 6    0.0117034
;

f11 = -0.00507561

f12 = 0

f13 = -0.349959

f21 = 0.28778

f22 = 0

f23 = -0.199194

f31 = 4.22373

f32 = 8.45512

f33 = 0.390108

