0.784765 -0.382394 0.118322 0.064980 0.352039 0.803116 -0.391316 -0.709902 0.342176 0.038327 0.059050 -0.037422 1.539708 1.097214 1.067652 1.539708 0.919855 1.017289 1.112171 1.142019;
-0.476968 0.739015 0.029393 0.168618 0.138664 -0.852441 -0.720030 -0.457128 -0.216761 0.051147 0.042998 0.028132 1.242189 1.147925 1.081275 1.242189 0.916652 1.016350 1.103481 1.069359;
0.022350 0.199686 0.913315 -0.632548 -0.547306 0.153554 0.610721 -0.590123 0.129621 -0.055439 0.040880 -0.034027 0.000000 0.563150 0.909375 0.000000 0.707372 0.983676 1.077396 1.126456;
0.199516 -0.023082 0.913324 -0.550238 0.628887 0.154651 -0.587291 -0.614173 0.128150 0.040535 0.055747 -0.033946 0.000000 0.562283 0.909104 0.000000 0.707208 0.983685 1.078183 1.126840;
0.784765 -0.382394 0.118322 0.064980 0.352039 0.803116 -0.391316 -0.709902 0.342176 0.038327 0.059050 -0.037422 1.539708 1.097214 1.067652 1.539708 0.919855 1.017289 1.112171 1.142019;
-0.498214 0.645248 -0.353375 0.332003 -0.127796 -0.797038 -0.641161 -0.577510 -0.171075 0.052298 0.044136 0.021521 1.561446 1.080227 1.063000 1.561446 0.929243 1.020052 1.189318 1.182039;
-0.445120 -0.680415 0.358824 0.336449 0.147262 0.791599 -0.677493 0.529366 0.185654 0.055273 -0.041572 -0.024796 1.539989 1.101010 1.068686 1.539989 0.903805 1.012579 1.177750 1.175172;
-0.498214 0.645248 -0.353375 0.332003 -0.127796 -0.797038 -0.641161 -0.577510 -0.171075 0.052298 0.044136 0.021521 1.561446 1.080227 1.063000 1.561446 0.929243 1.020052 1.189318 1.182039;
-0.433249 -0.215728 -0.783463 0.468148 -0.741835 -0.062064 -0.561776 -0.405788 0.479991 0.065901 0.041829 -0.018455 0.000000 0.498082 0.889209 0.000000 0.523398 0.897064 1.097742 1.135469;
0.184855 -0.807263 0.317223 0.177344 0.315823 0.795859 -0.841575 -0.113513 0.229028 0.067493 0.010410 -0.029297 1.496774 1.118322 1.073375 1.496774 0.897208 1.010637 1.180719 1.176893;
0.181327 -0.009399 -0.917898 -0.560944 -0.638605 -0.118492 -0.581493 0.605197 -0.137578 0.039191 -0.054392 0.036163 0.021956 0.554223 0.906612 0.021956 0.695918 0.979382 1.089915 1.131984;
0.277576 0.833682 -0.051424 0.323411 -0.151331 -0.804159 -0.769890 0.237114 -0.354122 0.069400 -0.014487 0.036358 1.508381 1.078398 1.062491 1.508381 0.947741 1.025422 1.094739 1.134127;
-0.356301 0.327617 0.783434 0.602898 0.640977 0.006989 -0.498841 0.475944 -0.483978 0.057723 -0.054302 0.017444 0.000000 0.500007 0.889806 0.000000 0.502248 0.890502 1.109989 1.141017;
0.277588 0.833677 -0.051423 0.323405 -0.151333 -0.804160 -0.769887 0.237126 -0.354119 0.069400 -0.014488 0.036357 1.508391 1.078391 1.062489 1.508391 0.947748 1.025424 1.094736 1.134125;
-0.433249 -0.215728 -0.783463 0.468148 -0.741835 -0.062064 -0.561776 -0.405788 0.479991 0.065901 0.041829 -0.018455 0.000000 0.498082 0.889209 0.000000 0.523398 0.897064 1.097742 1.135469;
0.184855 -0.807263 0.317223 0.177344 0.315823 0.795859 -0.841575 -0.113513 0.229028 0.067493 0.010410 -0.029297 1.496774 1.118322 1.073375 1.496774 0.897208 1.010637 1.180719 1.176893;
0.181327 -0.009399 -0.917898 -0.560944 -0.638605 -0.118492 -0.581493 0.605197 -0.137578 0.039191 -0.054392 0.036163 0.021956 0.554223 0.906612 0.021956 0.695918 0.979382 1.089915 1.131984;
0.784765 -0.382394 0.118322 0.064980 0.352039 0.803116 -0.391316 -0.709902 0.342176 0.038327 0.059050 -0.037422 1.539708 1.097214 1.067652 1.539708 0.919855 1.017289 1.112171 1.142019;
-0.476968 0.739015 0.029393 0.168618 0.138664 -0.852441 -0.720030 -0.457128 -0.216761 0.051147 0.042998 0.028132 1.242189 1.147925 1.081275 1.242189 0.916652 1.016350 1.103481 1.069359;
0.022350 0.199686 0.913315 -0.632548 -0.547306 0.153554 0.610721 -0.590123 0.129621 -0.055439 0.040880 -0.034027 0.000000 0.563150 0.909375 0.000000 0.707372 0.983676 1.077396 1.126456;
0.199516 -0.023082 0.913324 -0.550238 0.628887 0.154651 -0.587291 -0.614173 0.128150 0.040535 0.055747 -0.033946 0.000000 0.562283 0.909104 0.000000 0.707208 0.983685 1.078183 1.126840;
0.784765 -0.382394 0.118322 0.064980 0.352039 0.803116 -0.391316 -0.709902 0.342176 0.038327 0.059050 -0.037422 1.539708 1.097214 1.067652 1.539708 0.919855 1.017289 1.112171 1.142019;
-0.669443 0.564478 0.092999 0.145106 0.046505 0.866192 0.551958 0.673218 -0.128457 -0.048585 -0.046653 0.013769 1.240716 0.995747 1.039259 1.240716 1.065360 1.072581 1.113766 1.072147;
0.807262 0.184858 0.317223 -0.315823 0.177344 0.795859 0.113516 -0.841574 0.229029 -0.010410 0.067493 -0.029297 1.496774 1.118322 1.073375 1.496774 0.897208 1.010637 1.180719 1.176893;
-0.168251 0.202222 -0.895188 0.669813 0.570724 0.003449 0.512667 -0.598142 -0.263040 -0.039221 0.047133 0.053907 0.000000 0.488939 0.886368 0.000000 0.514598 0.894336 1.119218 1.145287;
-0.181411 0.009388 -0.917879 0.560711 0.638824 -0.118507 0.581690 -0.604963 -0.137674 -0.039213 0.054376 0.036171 0.021844 0.554215 0.906609 0.021844 0.696031 0.979505 1.089894 1.131974;
-0.564478 -0.669443 0.093000 -0.046505 0.145105 0.866192 -0.673219 0.551957 -0.128456 0.046653 -0.048585 0.013769 1.240717 0.995747 1.039259 1.240717 1.065360 1.072581 1.113766 1.072147;
-0.327617 -0.356301 0.783434 -0.640977 0.602898 0.006989 -0.475944 -0.498841 -0.483978 0.054302 0.057723 0.017444 0.000000 0.500007 0.889806 0.000000 0.502247 0.890502 1.109989 1.141017;
0.023073 0.199516 0.913324 -0.628912 -0.550228 0.154641 0.614158 -0.587309 0.128161 -0.055745 0.040537 -0.033947 0.000000 0.562285 0.909105 0.000000 0.707207 0.983685 1.078180 1.126838;
-0.669443 0.564478 0.092999 0.145106 0.046505 0.866192 0.551958 0.673218 -0.128457 -0.048585 -0.046653 0.013769 1.240716 0.995747 1.039259 1.240716 1.065360 1.072581 1.113766 1.072147;
0.807262 0.184858 0.317223 -0.315823 0.177344 0.795859 0.113516 -0.841574 0.229029 -0.010410 0.067493 -0.029297 1.496774 1.118322 1.073375 1.496774 0.897208 1.010637 1.180719 1.176893;
-0.181397 0.009392 -0.917882 0.560745 0.638794 -0.118501 0.581662 -0.604995 -0.137662 -0.039209 0.054379 0.036171 0.021858 0.554211 0.906608 0.021858 0.696016 0.979490 1.089900 1.131978;
-0.180244 0.009439 -0.918142 0.564031 0.635600 -0.118400 0.578831 -0.608378 -0.136234 -0.038904 0.054599 0.036042 0.023536 0.554491 0.906695 0.023536 0.694367 0.977631 1.090121 1.132073;
0.364330 -0.380805 -0.751250 -0.602503 -0.640121 0.036684 -0.500171 0.434184 -0.525741 0.038787 -0.033487 0.040853 0.000000 0.849491 0.996506 0.000000 0.859335 1.009822 1.171572 1.171680;
0.023087 0.199515 0.913323 -0.628864 -0.550255 0.154659 0.614194 -0.587274 0.128141 -0.055749 0.040533 -0.033945 0.000000 0.562279 0.909103 0.000000 0.707209 0.983685 1.078187 1.126842;
0.023078 0.199516 0.913324 -0.628903 -0.550225 0.154646 0.614158 -0.587304 0.128157 -0.055745 0.040536 -0.033946 0.000000 0.562285 0.909105 0.000000 0.707208 0.983685 1.078180 1.126838;
-0.181397 0.009392 -0.917882 0.560745 0.638794 -0.118501 0.581662 -0.604995 -0.137662 -0.039209 0.054379 0.036171 0.021858 0.554211 0.906608 0.021858 0.696016 0.979490 1.089900 1.131978;
-0.215737 0.433239 -0.783467 -0.741823 -0.468169 -0.062064 -0.405806 0.561768 0.479986 0.041831 -0.065900 -0.018455 0.000000 0.498090 0.889211 0.000000 0.523414 0.897070 1.097737 1.135466;
-0.499966 0.643858 -0.353363 0.332326 -0.126880 -0.797030 -0.639558 -0.579244 -0.171062 0.052181 0.044296 0.021517 1.561815 1.080063 1.062949 1.561815 0.929175 1.020014 1.189152 1.181967;
0.433241 0.215735 -0.783466 -0.468165 0.741825 -0.062064 0.561769 0.405802 0.479986 -0.065901 -0.041831 -0.018455 0.000000 0.498088 0.889210 0.000000 0.523411 0.897069 1.097739 1.135467;
-0.083108 -0.795921 0.390226 0.103507 -0.351710 -0.790133 0.869831 -0.036103 0.126833 -0.067593 0.006151 -0.017580 1.524655 0.944859 1.024583 1.524655 1.076246 1.061897 1.200043 1.189041;
0.136632 0.233103 0.892771 -0.727700 0.493954 -0.020003 -0.452395 -0.642983 0.269454 0.036039 0.051515 -0.052002 0.000000 0.511485 0.893369 0.000000 0.540191 0.902268 1.094544 1.134039;
-0.669443 0.564478 0.092999 0.145106 0.046505 0.866192 0.551958 0.673218 -0.128457 -0.048585 -0.046653 0.013769 1.240716 0.995747 1.039259 1.240716 1.065360 1.072581 1.113766 1.072147;
0.807262 0.184858 0.317223 -0.315823 0.177344 0.795859 0.113516 -0.841574 0.229029 -0.010410 0.067493 -0.029297 1.496774 1.118322 1.073375 1.496774 0.897208 1.010637 1.180719 1.176893;
-0.168251 0.202222 -0.895188 0.669813 0.570724 0.003449 0.512667 -0.598142 -0.263040 -0.039221 0.047133 0.053907 0.000000 0.488939 0.886368 0.000000 0.514598 0.894336 1.119218 1.145287;
-0.181411 0.009388 -0.917879 0.560711 0.638824 -0.118507 0.581690 -0.604963 -0.137674 -0.039213 0.054376 0.036171 0.021844 0.554215 0.906609 0.021844 0.696031 0.979505 1.089894 1.131974;
-0.564478 -0.669443 0.093000 -0.046505 0.145105 0.866192 -0.673219 0.551957 -0.128456 0.046653 -0.048585 0.013769 1.240717 0.995747 1.039259 1.240717 1.065360 1.072581 1.113766 1.072147;
-0.327617 -0.356301 0.783434 -0.640977 0.602898 0.006989 -0.475944 -0.498841 -0.483978 0.054302 0.057723 0.017444 0.000000 0.500007 0.889806 0.000000 0.502247 0.890502 1.109989 1.141017;
0.023073 0.199516 0.913324 -0.628912 -0.550228 0.154641 0.614158 -0.587309 0.128161 -0.055745 0.040537 -0.033947 0.000000 0.562285 0.909105 0.000000 0.707207 0.983685 1.078180 1.126838;
-0.669443 0.564478 0.092999 0.145106 0.046505 0.866192 0.551958 0.673218 -0.128457 -0.048585 -0.046653 0.013769 1.240716 0.995747 1.039259 1.240716 1.065360 1.072581 1.113766 1.072147;
0.807262 0.184858 0.317223 -0.315823 0.177344 0.795859 0.113516 -0.841574 0.229029 -0.010410 0.067493 -0.029297 1.496774 1.118322 1.073375 1.496774 0.897208 1.010637 1.180719 1.176893;
0.669443 -0.564477 0.093000 -0.145105 -0.046505 0.866192 -0.551956 -0.673219 -0.128456 0.048585 0.046653 0.013769 1.240717 0.995747 1.039259 1.240717 1.065360 1.072581 1.113766 1.072147;
0.215734 -0.433243 -0.783465 0.741827 0.468161 -0.062064 0.405799 -0.561770 0.479988 -0.041830 0.065901 -0.018455 0.000000 0.498086 0.889210 0.000000 0.523407 0.897067 1.097739 1.135468;
0.168251 -0.202222 -0.895188 -0.669813 -0.570724 0.003449 -0.512667 0.598143 -0.263040 0.039221 -0.047133 0.053907 0.000000 0.488939 0.886368 0.000000 0.514598 0.894336 1.119218 1.145286;
-0.181451 0.009387 -0.917870 0.560593 0.638939 -0.118509 0.581792 -0.604841 -0.137725 -0.039224 0.054368 0.036176 0.021782 0.554201 0.906605 0.021782 0.696091 0.979574 1.089887 1.131972;
-0.499966 0.643858 -0.353363 0.332326 -0.126880 -0.797030 -0.639558 -0.579244 -0.171062 0.052181 0.044296 0.021517 1.561815 1.080063 1.062949 1.561815 0.929175 1.020014 1.189152 1.181967;
0.669443 -0.564477 0.093000 -0.145105 -0.046505 0.866192 -0.551956 -0.673219 -0.128456 0.048585 0.046653 0.013769 1.240717 0.995747 1.039259 1.240717 1.065360 1.072581 1.113766 1.072147;
0.215734 -0.433243 -0.783465 0.741827 0.468161 -0.062064 0.405799 -0.561770 0.479988 -0.041830 0.065901 -0.018455 0.000000 0.498086 0.889210 0.000000 0.523407 0.897067 1.097739 1.135468;
0.168251 -0.202222 -0.895188 -0.669813 -0.570724 0.003449 -0.512667 0.598143 -0.263040 0.039221 -0.047133 0.053907 0.000000 0.488939 0.886368 0.000000 0.514598 0.894336 1.119218 1.145286;
-0.445116 -0.680417 0.358824 0.336449 0.147263 0.791598 -0.677495 0.529362 0.185655 0.055274 -0.041572 -0.024797 1.539990 1.101010 1.068686 1.539990 0.903805 1.012579 1.177749 1.175171;
-0.643857 -0.499967 -0.353363 0.126879 0.332326 -0.797030 0.579245 -0.639557 -0.171062 -0.044296 0.052181 0.021517 1.561815 1.080063 1.062949 1.561815 0.929175 1.020014 1.189152 1.181967;
0.445120 0.680415 0.358824 -0.336449 -0.147262 0.791599 0.677493 -0.529366 0.185654 -0.055273 0.041572 -0.024796 1.539989 1.101010 1.068686 1.539989 0.903805 1.012579 1.177750 1.175172;
-0.184881 0.807259 0.317218 -0.177341 -0.315825 0.795859 0.841570 0.113539 0.229034 -0.067492 -0.010412 -0.029298 1.496776 1.118323 1.073376 1.496776 0.897208 1.010637 1.180718 1.176893;
-0.445116 -0.680417 0.358824 0.336449 0.147263 0.791598 -0.677495 0.529362 0.185655 0.055274 -0.041572 -0.024797 1.539990 1.101010 1.068686 1.539990 0.903805 1.012579 1.177749 1.175171;
-0.680407 0.445132 0.358824 0.147257 -0.336450 0.791599 0.529378 0.677484 0.185652 -0.041573 -0.055273 -0.024796 1.539986 1.101010 1.068686 1.539986 0.903805 1.012579 1.177753 1.175173;
0.739014 0.476970 0.029392 0.138664 -0.168620 -0.852440 -0.457130 0.720029 -0.216762 0.042998 -0.051147 0.028133 1.242190 1.147927 1.081275 1.242190 0.916649 1.016349 1.103482 1.069359;
-0.680407 0.445132 0.358824 0.147257 -0.336450 0.791599 0.529378 0.677484 0.185652 -0.041573 -0.055273 -0.024796 1.539986 1.101010 1.068686 1.539986 0.903805 1.012579 1.177753 1.175173;
0.669443 -0.564477 0.093000 -0.145105 -0.046505 0.866192 -0.551956 -0.673219 -0.128456 0.048585 0.046653 0.013769 1.240717 0.995747 1.039259 1.240717 1.065360 1.072581 1.113766 1.072147;
0.215734 -0.433243 -0.783465 0.741827 0.468161 -0.062064 0.405799 -0.561770 0.479988 -0.041830 0.065901 -0.018455 0.000000 0.498086 0.889210 0.000000 0.523407 0.897067 1.097739 1.135468;
0.168251 -0.202222 -0.895188 -0.669813 -0.570724 0.003449 -0.512667 0.598143 -0.263040 0.039221 -0.047133 0.053907 0.000000 0.488939 0.886368 0.000000 0.514598 0.894336 1.119218 1.145286;
-0.181451 0.009387 -0.917870 0.560593 0.638939 -0.118509 0.581792 -0.604841 -0.137725 -0.039224 0.054368 0.036176 0.021782 0.554201 0.906605 0.021782 0.696091 0.979574 1.089887 1.131972;
-0.499966 0.643858 -0.353363 0.332326 -0.126880 -0.797030 -0.639558 -0.579244 -0.171062 0.052181 0.044296 0.021517 1.561815 1.080063 1.062949 1.561815 0.929175 1.020014 1.189152 1.181967;
0.669443 -0.564477 0.093000 -0.145105 -0.046505 0.866192 -0.551956 -0.673219 -0.128456 0.048585 0.046653 0.013769 1.240717 0.995747 1.039259 1.240717 1.065360 1.072581 1.113766 1.072147;
0.215734 -0.433243 -0.783465 0.741827 0.468161 -0.062064 0.405799 -0.561770 0.479988 -0.041830 0.065901 -0.018455 0.000000 0.498086 0.889210 0.000000 0.523407 0.897067 1.097739 1.135468;
0.168251 -0.202222 -0.895188 -0.669813 -0.570724 0.003449 -0.512667 0.598143 -0.263040 0.039221 -0.047133 0.053907 0.000000 0.488939 0.886368 0.000000 0.514598 0.894336 1.119218 1.145286;
