solve_message = ' \
Ipopt 3.9.1: Optimal Solution Found'

Solve time:
_solve_time = 96.1902

Objective:
torque = 4.04149

cnh1 = -0.890047

cnh2 = -0.936673

cnh3 = 0.378065

snh1 = 0.296339

snh2 = 0.0514245

snh3 = 0.858526

Hx = -0.014487

Hy = -0.0693997

Hz = 0.0363577

cnf11 = 0.058515

cnf21 = 0.443468

cnf31 = 0.479494

cnf12 = 0.058515

cnf22 = 0.547391

cnf32 = 0.512435

cnt1 = 0.485428

cnt2 = 0.430816

snf11 = 0.936256

snf21 = 0.826642

snf31 = 0.860641

snf12 = 0.936256

snf22 = 0.761815

snf32 = 0.844543

snt1 = 0.941467

snt2 = 0.923075

p :=
1 1    0.021007
1 2    0.0254658
1 3    0.0595395
2 1   -0.0016952
2 2   -0.0247737
2 3   -0.0654582
3 1   -0.0243564
3 2    0.0243564
3 3    0.000782415
;

mf :=
1 1   -0.266461
1 2   -0.606972
1 3   -0.406804
2 1   -0.00682906
2 2   -0.00734347
2 3    0.77305
;

mt [*] :=
1   0.55523
2  -0.745021
3   0.18979
;

phi :=
1 1   0.0444594
1 2   0.0659078
1 3   0
2 1   0
2 2   0.000362209
2 3   0
3 1   0.044136
3 2   0.0655636
3 3   0
4 1   0.387672
4 2   0.376799
4 3   0.0771189
;

l [*,1,*]
:       1            2           3        :=
1   -0.266733    -0.606679   -0.407024
2    0.0746433   -0.974407   -0.129622
3   -0.265646    -0.60785    -0.406141
4   -0.607564    -0.239538   -0.683984

 [*,2,*]
:        1             2           3        :=
1   -0.00642083   -0.00713193   0.773038
2   -0.519472     -0.272986     0.787418
3   -0.00805376   -0.00797809   0.773084
4    0.505812      0.258298     0.758681

 [*,3,*]
:      1           2           3        :=
1   0.555469   -0.744961    0.189336
2   0.254607   -0.82035     0.759991
3   0.554512   -0.745201    0.191152
4   0.855852   -0.669692   -0.380409
;

W[i,j,k] :=
1 1 1   -0.266733
1 1 2   -0.606679
1 1 3   -0.407024
2 1 1    0.0746433
2 1 2   -0.974407
2 1 3   -0.129622
3 1 1   -0.265646
3 1 2   -0.60785
3 1 3   -0.406141
4 1 1   -0.607564
4 1 2   -0.239538
4 1 3   -0.683984
;

W[i,j,k] :=
1 1 4    0.0257562
1 1 5   -0.00733076
1 1 6   -0.00595197
2 1 4    0.0547148
2 1 5    0.0071672
2 1 6   -0.0223703
3 1 4    0.0258483
3 1 5   -0.00728462
3 1 6   -0.00600422
4 1 4   -0.00315626
4 1 5   -0.0218056
4 1 6    0.0104401
;

W[i,j,k] :=
1 2 1   -0.00642083
1 2 2   -0.00713193
1 2 3    0.773038
2 2 1   -0.519472
2 2 2   -0.272986
2 2 3    0.787418
3 2 1   -0.00805376
3 2 2   -0.00797809
3 2 3    0.773084
4 2 1    0.505812
4 2 2    0.258298
4 2 3    0.758681
;

W[i,j,k] :=
1 2 4   -0.0196178
1 2 5    0.00173075
1 2 6   -0.000146977
2 2 4   -0.0373764
2 2 5    0.0353385
2 2 6   -0.0124064
3 2 4   -0.0196743
3 2 5    0.00183771
3 2 6   -0.000185997
4 2 4   -0.00188756
4 2 5   -0.0318234
4 2 6    0.0120929
;

W[i,j,k] :=
1 3 1    0.555469
1 3 2   -0.744961
1 3 3    0.189336
2 3 1    0.254607
2 3 2   -0.82035
2 3 3    0.759991
3 3 1    0.554512
3 3 2   -0.745201
3 3 3    0.191152
4 3 1    0.855852
4 3 2   -0.669692
4 3 3   -0.380409
;

W[i,j,k] :=
1 3 4    0.00519442
1 3 5    0.00504616
1 3 6    0.00461532
2 3 4    0.0191525
2 3 5    0.0187099
2 3 6    0.0137794
3 3 4    0.00523885
3 3 5    0.00508964
3 3 6    0.00464449
4 3 4   -0.00874141
4 3 5   -0.00859575
4 3 6   -0.00453419
;

f11 = 5.48281

f12 = 10.944

f13 = -0.037196

f21 = 6.20601

f22 = 12.6348

f23 = 1.23077

f31 = 0.32583

f32 = 0

f33 = -0.127808

