solve_message = ' \
Ipopt 3.9.1: Optimal Solution Found'

Solve time:
_solve_time = 18.6577

Objective:
torque = 1.30159

cnh1 = -0.0486726

cnh2 = -0.193406

cnh3 = 0.710478

snh1 = -0.93682

snh2 = 0.91793

snh3 = 0.612561

Hx = 0.0544178

Hy = 0.0391538

Hz = 0.0361491

cnf11 = 0.937854

cnf21 = 0.79765

cnf31 = 0.611333

cnf12 = 0.937854

cnf22 = 0.812005

cnf32 = 0.562713

cnt1 = 0.489935

cnt2 = 0.432665

snf11 = 0.0207796

snf21 = 0.493715

snf31 = 0.780935

snf12 = 0.0207796

snf22 = 0.678026

snf32 = 0.837465

snt1 = 0.939129

snt2 = 0.921912

p :=
1 1   -0.0116655
1 2    0.0251272
1 3   -0.0647358
2 1    0.0106748
2 2   -0.0190009
2 3   -0.063762
3 1   -0.0105959
3 2   -0.0306038
3 3    0.0607813
;

mf :=
1 1   -0.0577131
1 2   -0.22724
1 3    0.779789
2 1    0.0437073
2 2   -0.103564
2 3    0.931729
;

mt [*] :=
1   0.404031
2   0.535427
3  -0.697748
;

phi :=
1 1   0.0714805
1 2   0.0408964
1 3   0.0849263
2 1   0.0219776
2 2   0.00380845
2 3   0.0220412
3 1   0.0712593
3 2   0.0407364
3 3   0.0846235
4 1   0.188305
4 2   0.119015
4 3   0.280868
;

l [*,1,*]
:       1            2          3        :=
1   -0.0581746   -0.227238   0.779755
2    0.521902    -0.229147   0.822039
3   -0.0563284   -0.227244   0.77989
4   -0.637326    -0.225332   0.737539

 [*,2,*]
:       1            2          3        :=
1    0.0432121   -0.103606   0.931745
2    0.665562    -0.051445   0.910772
3    0.0451929   -0.10344    0.931678
4   -0.578146    -0.155683   0.952685

 [*,3,*]
:      1           2           3        :=
1   0.404081   0.535052    -0.698081
2   0.341648   1.00618     -0.279483
3   0.403882   0.536551    -0.696749
4   0.466414   0.0646732   -1.11601
;

W[i,j,k] :=
1 1 1   -0.0581746
1 1 2   -0.227238
1 1 3    0.779755
2 1 1    0.521902
2 1 2   -0.229147
2 1 3    0.822039
3 1 1   -0.0563284
3 1 2   -0.227244
3 1 3    0.77989
4 1 1   -0.637326
4 1 2   -0.225332
4 1 3    0.737539
;

W[i,j,k] :=
1 1 4    0.00488265
1 1 5    0.0128622
1 1 6    0.00411263
2 1 4    0.00582149
2 1 5   -0.0241962
2 1 6   -0.0104409
3 1 4    0.00488563
3 1 5    0.0127443
3 1 6    0.00406631
4 1 4    0.0039453
4 1 5    0.0498615
4 1 6    0.018643
;

W[i,j,k] :=
1 2 1    0.0432121
1 2 2   -0.103606
1 2 3    0.931745
2 2 1    0.665562
2 2 2   -0.051445
2 2 3    0.910772
3 2 1    0.0451929
3 2 2   -0.10344
3 2 3    0.931678
4 2 1   -0.578146
4 2 2   -0.155683
4 2 3    0.952685
;

W[i,j,k] :=
1 2 4   -0.0243099
1 2 5   -0.0127022
1 2 6   -0.000285067
2 2 4   -0.0205856
2 2 5   -0.0521604
2 2 6    0.0120977
3 2 4   -0.024298
3 2 5   -0.0128278
3 2 6   -0.000245656
4 2 4   -0.0280282
4 2 5    0.026693
4 2 6   -0.0126481
;

W[i,j,k] :=
1 3 1    0.404081
1 3 2    0.535052
1 3 3   -0.698081
2 3 1    0.341648
2 3 2    1.00618
2 3 3   -0.279483
3 3 1    0.403882
3 3 2    0.536551
3 3 3   -0.696749
4 3 1    0.466414
4 3 2    0.0646732
4 3 3   -1.11601
;

W[i,j,k] :=
1 3 4   -0.0111572
1 3 5    0.0171638
1 3 6    0.00669691
2 3 4   -0.0526038
2 3 5    0.0178045
2 3 6   -0.000205642
3 3 4   -0.0112891
3 3 5    0.0171659
3 3 6    0.00667494
4 3 4    0.0302232
4 3 5    0.0165242
4 3 6    0.0135885
;

f11 = 0.0543565

f12 = 0

f13 = -0.345754

f21 = 0.0659781

f22 = 0

f23 = 0.250837

f31 = 3.85209

f32 = 7.73603

f33 = -0.492995

