solve_message = ' \
Ipopt 3.9.1: Converged to a locally infeasible point. Problem may be infeasible.'

Solve time:
_solve_time = 24.383

Objective:
torque = 4.99725

cnh1 = -0.873413

cnh2 = -0.697644

cnh3 = 0.541219

snh1 = 0.342271

snh2 = -0.62713

snh3 = -0.766213

Hx = 0.0199445

Hy = 0.0620953

Hz = 0.0719368

cnf11 = 0.932738

cnf21 = 0.482134

cnf31 = 0.491371

cnf12 = 0.932738

cnf22 = 0.33128

cnf32 = 0.352402

cnt1 = 0.422772

cnt2 = 0.473312

snf11 = 0

snf21 = 0.804703

snf31 = 0.855171

snf12 = 0

snf22 = 0.999565

snf32 = 0.978679

snt1 = 0.837415

snt2 = 0.863324

p :=
1 1    0.0263989
1 2   -0.0184754
1 3    0.0572864
2 1    0.0210131
2 2   -0.0278754
2 3    0.0509616
3 1    0.031642
3 2   -0.000964046
3 3    0.0585278
;

mf :=
1 1   -0.425632
1 2    0.559203
1 3   -0.345264
2 1   -0.454849
2 2    0.806436
2 3   -0.0342498
;

mt [*] :=
1  0.446034
2  0.22885
3  0.674884
;

phi :=
1 1   0.104251
1 2   0
1 3   0.130508
2 1   0
2 2   0
2 3   0
3 1   0.103914
3 2   0
3 3   0.129982
4 1   0.210899
4 2   0.0747266
4 3   0.29864
;

l [*,1,*]
:       1          2           3        :=
1   -0.425463   0.559101   -0.345674
2   -0.637445   0.687368    0.169201
3   -0.426138   0.559509   -0.344035
4   -0.213819   0.431039   -0.859728

 [*,2,*]
:       1          2           3         :=
1   -0.454855   0.806414   -0.0347573
2   -0.447194   0.833727    0.603054
3   -0.454831   0.806501   -0.0327273
4   -0.462504   0.779145   -0.671551

 [*,3,*]
:      1           2          3        :=
1   0.44593     0.228439   0.675113
2   0.576185    0.744373   0.387397
3   0.446345    0.230082   0.674197
4   0.315883   -0.286671   0.96237
;

W[i,j,k] :=
1 1 1   -0.425463
1 1 2    0.559101
1 1 3   -0.345674
2 1 1   -0.637445
2 1 2    0.687368
2 1 3    0.169201
3 1 1   -0.426138
3 1 2    0.559509
3 1 3   -0.344035
4 1 1   -0.213819
4 1 2    0.431039
4 1 3   -0.859728
;

W[i,j,k] :=
1 1 4   -0.0256424
1 1 5   -0.0152478
1 1 6    0.00689906
2 1 4   -0.0425028
2 1 5   -0.0409837
2 1 6    0.00636871
3 1 4   -0.0256961
3 1 5   -0.0153297
3 1 6    0.00689737
4 1 4   -0.00880885
4 1 5    0.0104469
4 1 6    0.00742855
;

W[i,j,k] :=
1 2 1   -0.454855
1 2 2    0.806414
1 2 3   -0.0347573
2 2 1   -0.447194
2 2 2    0.833727
2 2 3    0.603054
3 2 1   -0.454831
3 2 2    0.806501
3 2 3   -0.0327273
4 2 1   -0.462504
4 2 2    0.779145
4 2 3   -0.671551
;

W[i,j,k] :=
1 2 4   -0.0401273
1 2 5   -0.0224498
1 2 6    0.00426601
2 2 4   -0.0592984
2 2 5   -0.0354618
2 2 6    0.00505348
3 2 4   -0.0401883
3 2 5   -0.0224912
3 2 6    0.00426852
4 2 4   -0.0209868
4 2 5   -0.00945856
4 2 6    0.0034798
;

W[i,j,k] :=
1 3 1    0.44593
1 3 2    0.228439
1 3 3    0.675113
2 3 1    0.576185
2 3 2    0.744373
2 3 3    0.387397
3 3 1    0.446345
3 3 2    0.230082
3 3 3    0.674197
4 3 1    0.315883
4 3 2   -0.286671
4 3 3    0.96237
;

W[i,j,k] :=
1 3 4   -0.0140209
1 3 5    0.0047374
1 3 6    0.00765817
2 3 4   -0.04394
2 3 5    0.0214648
2 3 6    0.0241089
3 3 4   -0.0141161
3 3 5    0.00479064
3 3 6    0.00771053
4 3 4    0.0158505
4 3 5   -0.0119634
4 3 6   -0.00876632
;

f11 = 7.78456

f12 = 15

f13 = -2.75374

f21 = 0.35

f22 = 0

f23 = -0.000644164

f31 = 6.58519

f32 = 13.1814

f33 = -0.439171

