solve_message = ' \
Ipopt 3.9.1: Converged to a locally infeasible point. Problem may be infeasible.'

Solve time:
_solve_time = 4.36803

Objective:
torque = 7.73906

cnh1 = -0.0236124

cnh2 = -0.187536

cnh3 = 0.937791

snh1 = 0.937786

snh2 = 0.371768

snh3 = -0.0233952

Hx = 0.0120355

Hy = -0.0204631

Hz = 0.0686107

cnf11 = 0.937631

cnf21 = -0.0800879

cnf31 = 0.371367

cnf12 = 0.937631

cnf22 = 0.933089

cnf32 = 0.716006

cnt1 = 0.649756

cnt2 = 0.495562

snf11 = 0.0291069

snf21 = 0.934658

snf31 = 0.861444

snf12 = 0.0291069

snf22 = 0.0966711

snf32 = 0.688128

snt1 = 0.836551

snt2 = 0.882688

p :=
1 1    0.0316115
1 2    0.00467207
1 3    0.0579149
2 1   -0.0144202
2 2   -0.0312814
2 3    0.00978449
3 1    0.00848382
3 2    0.0282598
3 3    0.06129
;

mf :=
1 1    0.0169184
1 2   -0.226894
1 3    0.243813
2 1   -0.00290034
2 2    0.314274
2 3    0.142057
;

mt [*] :=
1   0.0169396
2  -0.309693
3  -0.294107
;

phi :=
1 1   0.0657353
1 2   0.104198
1 3   0.0875696
2 1   0.0605323
2 2   0.0842598
2 3   0.0773061
3 1   0.0657182
3 2   0.104128
3 3   0.0875351
4 1   0.0713024
4 2   0.128791
4 3   0.0990549
;

l [*,1,*]
:       1            2          3        :=
1    0.0172333   -0.22679    0.243912
2   -0.378607    -0.357515   0.119346
3    0.0159734   -0.227206   0.243515
4    0.412442    -0.096274   0.368279

 [*,2,*]
:        1           2           3         :=
1   -0.00258572   0.314336    0.141918
2   -0.397987     0.23641     0.316883
3   -0.0038442    0.314088    0.142475
4    0.392185     0.392138   -0.0327678

 [*,3,*]
:       1            2           3        :=
1    0.0165784   -0.309606   -0.294236
2    0.470544    -0.419182   -0.132007
3    0.0180233   -0.309954   -0.29372
4   -0.436664    -0.200205   -0.456206
;

W[i,j,k] :=
1 1 1    0.0172333
1 1 2   -0.22679
1 1 3    0.243912
2 1 1   -0.378607
2 1 2   -0.357515
2 1 3    0.119346
3 1 1    0.0159734
3 1 2   -0.227206
3 1 3    0.243515
4 1 1    0.412442
4 1 2   -0.096274
4 1 3    0.368279
;

W[i,j,k] :=
1 1 4    0.0142741
1 1 5   -0.00671236
1 1 6   -0.00724971
2 1 4    0.0212631
2 1 5   -0.0256997
2 1 6   -0.00953273
3 1 4    0.0142964
3 1 5   -0.0067728
3 1 6   -0.00725698
4 1 4    0.00729632
4 1 5    0.0122447
4 1 6   -0.00497033
;

W[i,j,k] :=
1 2 1   -0.00258572
1 2 2    0.314336
1 2 3    0.141918
2 2 1   -0.397987
2 2 2    0.23641
2 2 3    0.316883
3 2 1   -0.0038442
3 2 2    0.314088
3 2 3    0.142475
4 2 1    0.392185
4 2 2    0.392138
4 2 3   -0.0327678
;

W[i,j,k] :=
1 2 4   -0.00751502
1 2 5    0.00202118
1 2 6   -0.00461366
2 2 4   -0.0122257
2 2 5    0.000675409
2 2 6   -0.0158587
3 2 4   -0.00753002
3 2 5    0.0020169
3 2 6   -0.00464945
4 2 4   -0.00281185
4 2 5    0.00336481
4 2 6    0.00661342
;

W[i,j,k] :=
1 3 1    0.0165784
1 3 2   -0.309606
1 3 3   -0.294236
2 3 1    0.470544
2 3 2   -0.419182
2 3 3   -0.132007
3 3 1    0.0180233
3 3 2   -0.309954
3 3 3   -0.29372
4 3 1   -0.436664
4 3 2   -0.200205
4 3 3   -0.456206
;

W[i,j,k] :=
1 3 4    0.0106607
1 3 5    0.00351233
1 3 6   -0.00309514
2 3 4    0.0219611
2 3 5    0.0299596
2 3 6   -0.0168538
3 3 4    0.0106966
3 3 5    0.00359651
3 3 6   -0.00313893
4 3 4   -0.000621766
4 3 5   -0.0228927
4 3 6    0.0106415
;

f11 = 7.09449

f12 = 15

f13 = 4.225

f21 = -4.05254

f22 = 15

f23 = 0.536519

f31 = 6.92661

f32 = 15

f33 = 4.49495

