solve_message = ' \
Ipopt 3.9.1: Optimal Solution Found'

Solve time:
_solve_time = 23.681

Objective:
torque = 1.85625

cnh1 = 0.449679

cnh2 = -0.222692

cnh3 = -0.567303

snh1 = 0.823285

snh2 = -0.911268

snh3 = -0.74712

Hx = 0.0379706

Hy = -0.0598709

Hz = -0.0304984

cnf11 = 0.937551

cnf21 = 0.772739

cnf31 = 0.59938

cnf12 = 0.937551

cnf22 = 0.723722

cnf32 = 0.577766

cnt1 = 0.537975

cnt2 = 0.451924

snf11 = 0

snf21 = 0.53186

snf31 = 0.789786

snf12 = 0

snf22 = 0.59689

snf32 = 0.804976

snt1 = 0.912458

snt2 = 0.909924

p :=
1 1   -0.0208911
1 2   -0.0196751
1 3    0.0643062
2 1    0.0123247
2 2   -0.00156517
2 3    0.0639684
3 1    0.0018022
3 2    0.0312039
3 3   -0.0623578
;

mf :=
1 1    0.0480327
1 2    0.183564
1 3   -0.793211
2 1    0.133588
2 2    0.120892
2 3   -0.795369
;

mt [*] :=
1   0.134339
2  -0.612497
3   0.747676
;

phi :=
1 1   0.0662193
1 2   0.0549487
1 3   0.0846406
2 1   0.0210873
2 2   0.0170749
2 3   0.0235148
3 1   0.0660224
3 2   0.0547893
3 3   0.0843502
4 1   0.164754
4 2   0.128933
4 3   0.265014
;

l [*,1,*]
:       1            2            3        :=
1    0.0476001    0.183726    -0.7932
2    0.59131     -0.0206546   -0.806832
3    0.0493306    0.183076    -0.793244
4   -0.495242     0.387781    -0.77959

 [*,2,*]
:       1           2            3        :=
1    0.133162    0.121066    -0.795417
2    0.668201   -0.0976504   -0.735094
3    0.134865    0.12037     -0.795225
4   -0.401024    0.339433    -0.855644

 [*,3,*]
:       1            2          3        :=
1    0.134486    -0.612145   0.748001
2   -0.0503226   -1.05479    0.339996
3    0.133898    -0.613554   0.746702
4    0.319       -0.170202   1.15535
;

W[i,j,k] :=
1 1 1    0.0476001
1 1 2    0.183726
1 1 3   -0.7932
2 1 1    0.59131
2 1 2   -0.0206546
2 1 3   -0.806832
3 1 1    0.0493306
3 1 2    0.183076
3 1 3   -0.793244
4 1 1   -0.495242
4 1 2    0.387781
4 1 3   -0.77959
;

W[i,j,k] :=
1 1 4    0.00379154
1 1 5   -0.0135099
1 1 6   -0.00290171
2 1 4    0.0172027
2 1 5    0.0211692
2 1 6    0.0120656
3 1 4    0.00383422
3 1 5   -0.0133995
3 1 6   -0.00285408
4 1 4   -0.00959823
4 1 5   -0.0481336
4 1 6   -0.0178451
;

W[i,j,k] :=
1 2 1    0.133162
1 2 2    0.121066
1 2 3   -0.795417
2 2 1    0.668201
2 2 2   -0.0976504
2 2 3   -0.735094
3 2 1    0.134865
3 2 2    0.12037
3 2 3   -0.795225
4 2 1   -0.401024
4 2 2    0.339433
4 2 3   -0.855644
;

W[i,j,k] :=
1 2 4   -0.00649944
1 2 5    0.0183214
1 2 6    0.00170054
2 2 4    0.00739704
2 2 5    0.0518035
2 2 6   -0.000157594
3 2 4   -0.00645521
3 2 5    0.018428
3 2 6    0.00169462
4 2 4   -0.0203737
4 2 5   -0.0151072
4 2 6    0.0035557
;

W[i,j,k] :=
1 3 1    0.134486
1 3 2   -0.612145
1 3 3    0.748001
2 3 1   -0.0503226
2 3 2   -1.05479
2 3 3    0.339996
3 3 1    0.133898
3 3 2   -0.613554
3 3 3    0.746702
4 3 1    0.319
4 3 2   -0.170202
4 3 3    1.15535
;

W[i,j,k] :=
1 3 4   -0.0148315
1 3 5   -0.0097343
1 3 6   -0.0052997
2 3 4   -0.0551654
2 3 5    0.00252527
2 3 6   -0.0003307
3 3 4   -0.0149598
3 3 5   -0.00969528
3 3 6   -0.00528388
4 3 4    0.0254382
4 3 5   -0.0219743
4 3 6   -0.0102608
;

f11 = 0.439123

f12 = 1.32695

f13 = -0.606104

f21 = 0.331158

f22 = 0

f23 = -0.113267

f31 = 4.73849

f32 = 9.4525

f33 = -0.0643165

