solve_message = ' \
Ipopt 3.9.1: Converged to a locally infeasible point. Problem may be infeasible.'

Solve time:
_solve_time = 12.1369

Objective:
torque = 5.80071

cnh1 = 0.693035

cnh2 = -0.402759

cnh3 = 0.862078

snh1 = -0.63222

snh2 = -0.009796

snh3 = 0.369893

Hx = 0.0714074

Hy = 0.00796391

Hz = -0.0306026

cnf11 = 0.932738

cnf21 = 0.706873

cnf31 = 0.570811

cnf12 = 0.932738

cnf22 = 0.806622

cnf32 = 0.615844

cnt1 = 0.133707

cnt2 = 0.400968

snf11 = 0

snf21 = 0.61671

snf31 = 0.809637

snf12 = 0

snf22 = 0.478917

snf32 = 0.777509

snt1 = 0.928506

snt2 = 0.881102

p :=
1 1    0.03161
1 2   -0.00278908
1 3   -0.0583793
2 1    0.0279515
2 2    0.0131656
2 3   -0.0597708
3 1    0.0261241
3 2   -0.0163277
3 3   -0.0598943
;

mf :=
1 1    0.213474
1 2   -0.250919
1 3    0.0385944
2 1    0.260276
2 2   -0.194924
2 3   -0.0653522
;

mt [*] :=
1  0.0464522
2  0.316694
3  0.270242
;

phi :=
1 1   0.0418924
1 2   0.0633158
1 3   0.0990935
2 1   0.00673924
2 2   0.0150978
2 3   0.0557322
3 1   0.0417541
3 2   0.063097
3 3   0.0989142
4 1   0.100153
4 2   0.219335
4 3   0.216753
;

l [*,1,*]
:       1           2           3         :=
1    0.213181   -0.251235    0.0385225
2    0.581351    0.146311    0.128819
3    0.214353   -0.24997     0.0388099
4   -0.154401   -0.648147   -0.0516298

 [*,2,*]
:       1           2           3         :=
1    0.259982   -0.19524    -0.0654235
2    0.629413    0.202194    0.024244
3    0.261158   -0.193975   -0.0651381
4   -0.108859   -0.59204    -0.154948

 [*,3,*]
:       1            2           3        :=
1    0.0465364    0.316961    0.270118
2   -0.059367    -0.0189977   0.426071
3    0.0461994    0.315892    0.270614
4    0.152271     0.652385    0.114413
;

W[i,j,k] :=
1 1 1    0.213181
1 1 2   -0.251235
1 1 3    0.0385225
2 1 1    0.581351
2 1 2    0.146311
2 1 3    0.128819
3 1 1    0.214353
3 1 2   -0.24997
3 1 3    0.0388099
4 1 1   -0.154401
4 1 2   -0.648147
4 1 3   -0.0516298
;

W[i,j,k] :=
1 1 4   -0.0147744
1 1 5   -0.0136631
1 1 6   -0.00734695
2 1 4    0.00818224
2 1 5   -0.0380109
2 1 6    0.00624632
3 1 4   -0.0147013
3 1 5   -0.0137406
3 1 6   -0.00730369
4 1 4   -0.0376944
4 1 5    0.0106459
4 1 6   -0.0209185
;

W[i,j,k] :=
1 2 1    0.259982
1 2 2   -0.19524
1 2 3   -0.0654235
2 2 1    0.629413
2 2 2    0.202194
2 2 3    0.024244
3 2 1    0.261158
3 2 2   -0.193975
3 2 3   -0.0651381
4 2 1   -0.108859
4 2 2   -0.59204
4 2 3   -0.154948
;

W[i,j,k] :=
1 2 4   -0.012531
1 2 5   -0.0137107
1 2 6   -0.00888005
2 2 4    0.0124045
2 2 5   -0.0382982
2 2 6   -0.00263495
3 2 4   -0.0124516
3 2 5   -0.0137889
3 2 6   -0.00886017
4 2 4   -0.0374267
4 2 5    0.0108376
4 2 6   -0.0151152
;

W[i,j,k] :=
1 3 1    0.0465364
1 3 2    0.316961
1 3 3    0.270118
2 3 1   -0.059367
2 3 2   -0.0189977
2 3 3    0.426071
3 3 1    0.0461994
3 3 2    0.315892
3 3 3    0.270614
4 3 1    0.152271
4 3 2    0.652385
4 3 3    0.114413
;

W[i,j,k] :=
1 3 4    0.0145738
1 3 5   -0.00984384
1 3 6    0.00904016
2 3 4   -0.00809462
2 3 5   -0.00757499
2 3 6   -0.00146562
3 3 4    0.0145016
3 3 5   -0.00983662
3 3 6    0.00900672
4 3 4    0.037206
4 3 5   -0.0121091
4 3 6    0.0195292
;

f11 = 5.79893

f12 = 13.9902

f13 = 2.33376

f21 = 0.517957

f22 = 3.24031

f23 = -1.23616

f31 = 7.38235

f32 = 14.903

f33 = 0.726488

