solve_message = ' \
Ipopt 3.9.1: Maximum Number of Iterations Exceeded.'

Solve time:
_solve_time = 79.4513

Objective:
torque = 6.97064

cnh1 = 1.00005

cnh2 = 0.694479

cnh3 = -0.307155

snh1 = 0.328471

snh2 = 0.712886

snh3 = 0.99858

Hx = -0.0167823

Hy = 0.103674

Hz = 0.0390138

cnf11 = 0.683772

cnf21 = 0.668626

cnf31 = 0.538582

cnf12 = 0.680863

cnf22 = 0.587073

cnf32 = 0.478767

cnt1 = 0.649143

cnt2 = 0.509138

snf11 = 0.758982

snf21 = 0.715627

snf31 = 0.838426

snf12 = 0.759868

snf22 = 0.864872

snf32 = 0.889514

snt1 = 0.799861

snt2 = 0.867487

p :=
1 1   -0.0249426
1 2    0.00479479
1 3   -0.0648338
2 1    0.0335593
2 2   -0.0106961
2 3    0.0350204
3 1   -0.0254952
3 2   -0.0207348
3 3    0.0584031
;

mf :=
1 1    0.108391
1 2    0.0552339
1 3    1.01036
2 1   -1.07334
2 2    0.429108
2 3    0.0651347
;

mt [*] :=
1   0.634498
2   0.610141
3  -0.614541
;

phi :=
1 1   0.0593362
1 2   0.0426942
1 3   0.064554
2 1   0.00537739
2 2   0
2 3   0.00454979
3 1   0.0590815
3 2   0.0424459
3 3   0.064232
4 1   0.21043
4 2   0.210158
4 3   0.272575
;

l [*,1,*]
:       1           2           3        :=
1    0.107799    0.0560451   1.0109
2    0.580974    0.649316    0.956925
3    0.109305    0.0579333   1.01073
4   -0.364621   -0.536291    1.06476

 [*,2,*]
:       1           2           3         :=
1   -1.07387    0.428827     0.064424
2   -0.845847   0.842952     0.68231
3   -1.07314    0.430145     0.0663907
4   -1.30152    0.0153651   -0.552539

 [*,3,*]
:       1           2           3        :=
1   0.63473     0.609608    -0.614493
2   0.0490289   1.12418     -0.728362
3   0.632865    0.611245    -0.614855
4   1.21948     0.0957879   -0.500812
;

W[i,j,k] :=
1 1 1    0.10782
1 1 2    0.0560413
1 1 3    1.01128
2 1 1    0.580965
2 1 2    0.649092
2 1 3    0.957392
3 1 1    0.109326
3 1 2    0.0579288
3 1 3    1.01111
4 1 1   -0.36457
4 1 2   -0.536086
4 1 3    1.06506
;

W[i,j,k] :=
1 1 4    0.00835384
1 1 5    0.0182432
1 1 6   -0.00187069
2 1 4    0.0465564
2 1 5   -0.013765
2 1 6   -0.0188757
3 1 4    0.00847543
3 1 5    0.0181413
3 1 6   -0.00192482
4 1 4   -0.0297864
4 1 5    0.0501968
4 1 6    0.0151062
;

W[i,j,k] :=
1 2 1   -1.07351
1 2 2    0.42866
1 2 3    0.0643597
2 2 1   -0.845501
2 2 2    0.842722
2 2 3    0.682548
3 2 1   -1.07278
3 2 2    0.429978
3 2 3    0.0663274
4 2 1   -1.30114
4 2 2    0.0152625
4 2 3   -0.552925
;

W[i,j,k] :=
1 2 4   -0.0156559
1 2 5   -0.0397919
1 2 6    0.00290493
2 2 4   -0.0368051
2 2 5   -0.0524872
2 2 6    0.0192151
3 2 4   -0.0157232
3 2 5   -0.0398323
3 2 6    0.00295684
4 2 4    0.00546206
4 2 5   -0.0271099
4 2 6   -0.0133789
;

W[i,j,k] :=
1 3 1    0.634603
1 3 2    0.609421
1 3 3   -0.614616
2 3 1    0.0490618
2 3 2    1.12373
2 3 3   -0.728538
3 3 1    0.632739
3 3 2    0.611058
3 3 3   -0.614979
4 3 1    1.21919
4 3 2    0.0958532
4 3 3   -0.500887
;

W[i,j,k] :=
1 3 4   -0.0228444
1 3 5    0.0214027
1 3 6   -0.00238238
2 3 4   -0.0505183
2 3 5   -0.0157068
2 3 6   -0.0276352
3 3 4   -0.0229325
3 3 5    0.0212846
3 3 6   -0.00246276
4 3 4    0.00479194
4 3 5    0.0584558
4 3 6    0.0228312
;

f11 = 4.13453

f12 = 14.1703

f13 = -0.57671

f21 = 4.86547

f22 = 12.0472

f23 = -0.0745516

f31 = 5.68233

f32 = 15

f33 = 1.19328

