solve_message = ' \
Ipopt 3.9.1: Optimal Solution Found'

Solve time:
_solve_time = 20.8729

Objective:
torque = 3.5467

cnh1 = 0.770986

cnh2 = -0.879247

cnh3 = 0.27074

snh1 = -0.534398

snh2 = 0.326992

snh3 = -0.898165

Hx = -0.0434417

Hy = -0.0527671

Hz = 0.031832

cnf11 = 0.0495094

cnf21 = 0.601319

cnf31 = 0.530924

cnf12 = 0.0495094

cnf22 = 0.399674

cnf32 = 0.466556

cnt1 = 0.405847

cnt2 = 0.395374

snf11 = 0.936776

snf21 = 0.720011

snf31 = 0.834324

snf12 = 0.936776

snf22 = 0.848682

snf32 = 0.866118

snt1 = 0.978411

snt2 = 0.946436

p :=
1 1    0.0132526
1 2   -0.0242491
1 3   -0.0647612
2 1    0.00123727
2 2    0.0326275
2 3    0.0602974
3 1    0.0344449
3 2   -9.32257e-05
3 3    0.0171212
;

mf :=
1 1   -0.192338
1 2    0.10066
1 3    0.735253
2 1   -0.219014
2 2   -0.625417
2 3   -0.406403
;

mt [*] :=
1  -0.942309
2  -0.131655
3  -0.0698586
;

phi :=
1 1   0.0569949
1 2   0.0570314
1 3   0.000368342
2 1   0
2 2   0
2 3   0
3 1   0.0566579
3 2   0.0566899
3 3   0.000271289
4 1   0.382534
4 2   0.396161
4 3   0.0440925
;

l [*,1,*]
:       1            2            3        :=
1   -0.191895    0.100741      0.735361
2   -0.74813    -0.000293795   0.600466
3   -0.193666    0.100419      0.734931
4    0.363452    0.201614      0.870041

 [*,2,*]
:       1           2           3        :=
1   -0.219079   -0.625139   -0.406769
2   -0.137163   -0.975495    0.053111
3   -0.218818   -0.626254   -0.405306
4   -0.300864   -0.275341   -0.865916

 [*,3,*]
:       1           2           3         :=
1   -0.94238    -0.131168   -0.0697169
2   -0.853288   -0.743041   -0.247789
3   -0.942097   -0.133116   -0.0702837
4   -1.03133     0.479729    0.108071
;

W[i,j,k] :=
1 1 1   -0.191895
1 1 2    0.100741
1 1 3    0.735361
2 1 1   -0.74813
2 1 2   -0.000293795
2 1 3    0.600466
3 1 1   -0.193666
3 1 2    0.100419
3 1 3    0.734931
4 1 1    0.363452
4 1 2    0.201614
4 1 3    0.870041
;

W[i,j,k] :=
1 1 4   -0.0113078
1 1 5    0.0026819
1 1 6   -0.00331822
2 1 4   -0.0145798
2 1 5    0.040492
2 1 6   -0.0181454
3 1 4   -0.0113182
3 1 5    0.00280225
3 1 6   -0.00336541
4 1 4   -0.00804099
4 1 5   -0.0350679
4 1 6    0.0114853
;

W[i,j,k] :=
1 2 1   -0.219079
1 2 2   -0.625139
1 2 3   -0.406769
2 2 1   -0.137163
2 2 2   -0.975495
2 2 3    0.053111
3 2 1   -0.218818
3 2 2   -0.626254
3 2 3   -0.405306
4 2 1   -0.300864
4 2 2   -0.275341
4 2 3   -0.865916
;

W[i,j,k] :=
1 2 4    0.0244223
1 2 5   -0.0127066
1 2 6    0.00637454
2 2 4    0.0605527
2 2 5   -0.0083363
2 2 6    0.00326834
3 2 4    0.0245373
3 2 5   -0.0126927
3 2 6    0.00636465
4 2 4   -0.0116504
4 2 5   -0.0170699
4 2 6    0.00947578
;

W[i,j,k] :=
1 3 1   -0.94238
1 3 2   -0.131168
1 3 3   -0.0697169
2 3 1   -0.853288
2 3 2   -0.743041
2 3 3   -0.247789
3 3 1   -0.942097
3 3 2   -0.133116
3 3 3   -0.0702837
4 3 1   -1.03133
4 3 2    0.479729
4 3 3    0.108071
;

W[i,j,k] :=
1 3 4    0.00225226
1 3 5   -0.0137333
1 3 6   -0.00460594
2 3 4    0.0127449
2 3 5   -0.00607428
2 3 6   -0.0256736
3 3 4    0.00228566
3 3 5   -0.0137089
3 3 6   -0.00467299
4 3 4   -0.00822363
4 3 5   -0.0213802
4 3 6    0.0164281
;

f11 = 5.01142

f12 = 9.9992

f13 = 0.040785

f21 = 5.18105

f22 = 10.4274

f23 = 0.677613

f31 = 0.280455

f32 = 0

f33 = -0.209392

