solve_message = ' \
Ipopt 3.9.1: Converged to a locally infeasible point. Problem may be infeasible.'

Solve time:
_solve_time = 74.9897

Objective:
torque = 5.18811

cnh1 = 0.832589

cnh2 = -0.0681436

cnh3 = 0.937712

snh1 = -0.432199

snh2 = -0.935605

snh3 = 0.0263849

Hx = 0.0795394

Hy = -0.0286632

Hz = 0.0552358

cnf11 = -0.00987686

cnf21 = 0.515862

cnf31 = 0.451428

cnf12 = -0.00987686

cnf22 = 0.585109

cnf32 = 0.470369

cnt1 = -0.0800879

cnt2 = 0.371367

snf11 = 0.938031

snf21 = 0.909179

snf31 = 0.90617

snf12 = 0.938031

snf22 = 0.882977

snf32 = 0.898497

snt1 = 0.934658

snt2 = 0.861444

p :=
1 1   -0.0260266
1 2   -0.0218467
1 3    0.0481478
2 1    0.00386109
2 2    0.0338813
2 3    0.0464496
3 1    0.0316746
3 2   -0.0028592
3 3    0.0582369
;

mf :=
1 1    0.754758
1 2    0.440849
1 3    0.0443959
2 1    0.0442472
2 2   -0.8834
2 3    0.0433917
;

mt [*] :=
1   0.603596
2  -0.290045
3   0.313551
;

phi :=
1 1   0.036083
1 2   0.0304903
1 3   0
2 1   0
2 2   0.0912796
2 3   0
3 1   0.0357608
3 2   0.0303735
3 3   0
4 1   0.435807
4 2   0.417014
4 3   0
;

l [*,1,*]
:      1           2           3         :=
1   0.754606   0.441141     0.0440259
2   0.945407   0.0745076    0.509033
3   0.755214   0.439974     0.0455059
4   0.56411    0.807189    -0.42024

 [*,2,*]
:       1            2           3         :=
1    0.043875    -0.883405    0.0437194
2    0.511655    -0.876952   -0.368177
3    0.0453638   -0.883384    0.0424084
4   -0.423159    -0.889847    0.454959

 [*,3,*]
:      1           2           3         :=
1   0.603648   -0.289681    0.313854
2   0.538077   -0.74771    -0.0672318
3   0.603439   -0.291139    0.312641
4   0.669115    0.167618    0.694332
;

W[i,j,k] :=
1 1 1    0.754606
1 1 2    0.441141
1 1 3    0.0440259
2 1 1    0.945407
2 1 2    0.0745076
2 1 3    0.509033
3 1 1    0.755214
3 1 2    0.439974
3 1 3    0.0455059
4 1 1    0.56411
4 1 2    0.807189
4 1 3   -0.42024
;

W[i,j,k] :=
1 1 4   -0.0222018
1 1 5    0.0374785
1 1 6    0.00500433
2 1 4   -0.0147081
2 1 5    0.0587677
2 1 6    0.0187149
3 1 4   -0.0221779
3 1 5    0.0375462
3 1 6    0.00504797
4 1 4   -0.0296835
4 1 5    0.0162233
4 1 6   -0.00868437
;

W[i,j,k] :=
1 2 1    0.043875
1 2 2   -0.883405
1 2 3    0.0437194
2 2 1    0.511655
2 2 2   -0.876952
2 2 3   -0.368177
3 2 1    0.0453638
3 2 2   -0.883384
3 2 3    0.0424084
4 2 1   -0.423159
4 2 2   -0.889847
4 2 3    0.454959
;

W[i,j,k] :=
1 2 4    0.0425151
1 2 5    0.00186917
1 2 6   -0.00489745
2 2 4    0.0282598
2 2 5    0.0251877
2 2 6   -0.0207215
3 2 4    0.0424697
3 2 5    0.00194339
3 2 6   -0.00494781
4 2 4    0.0567477
4 2 5   -0.0214122
4 2 6    0.0109014
;

W[i,j,k] :=
1 3 1    0.603648
1 3 2   -0.289681
1 3 3    0.313854
2 3 1    0.538077
2 3 2   -0.74771
2 3 3   -0.0672318
3 3 1    0.603439
3 3 2   -0.291139
3 3 3    0.312641
4 3 1    0.669115
4 3 2    0.167618
4 3 3    0.694332
;

W[i,j,k] :=
1 3 4    0.0159727
1 3 5    0.0252134
1 3 6   -0.00744959
2 3 4    0.0437365
2 3 5    0.0334654
2 3 6   -0.022145
3 3 4    0.0160611
3 3 5    0.0252396
3 3 6   -0.00749636
4 3 4   -0.0117468
4 3 5    0.0169745
4 3 6    0.00722237
;

f11 = 8.25067

f12 = 15

f13 = -0.330034

f21 = 6.48293

f22 = 12.9638

f23 = 0.32619

f31 = 0.342443

f32 = 0

f33 = 0.0723427

