solve_message = ' \
Ipopt 3.9.1: Maximum Number of Iterations Exceeded.'

Solve time:
_solve_time = 243.159

Objective:
torque = 5.06974

cnh1 = 0.958111

cnh2 = 0.330433

cnh3 = -0.167374

snh1 = -0.441248

snh2 = -0.911708

snh3 = 1.0335

Hx = 0.0259062

Hy = 0.0956625

Hz = 0.0238898

cnf11 = 0.94587

cnf21 = 0.770864

cnf31 = 0.583755

cnf12 = 0.951501

cnf22 = 0.497763

cnf32 = 0.435614

cnt1 = 0.762051

cnt2 = 0.544281

snf11 = 0

snf21 = 0.585368

snf31 = 0.806545

snf12 = 0

snf22 = 0.932896

snf32 = 0.92137

snt1 = 0.72784

snt2 = 0.850001

p :=
1 1    0.0443768
1 2   -0.0163303
1 3    0.0978165
2 1   -0.00244491
2 2   -0.0316695
2 3    0.0594701
3 1   -0.0273102
3 2   -0.00831735
3 3   -0.0624961
;

mf :=
1 1   -0.188942
1 2    0.123728
1 3   -0.78579
2 1   -0.130213
2 2    0.826643
2 3   -0.700555
;

mt [*] :=
1  0.401404
2  0.0676282
3  0.965188
;

phi :=
1 1   0.0959694
1 2   0.0400576
1 3   0.0970957
2 1   0.053283
2 2   0.0198964
2 3   0.0401407
3 1   0.0957955
3 2   0.0399821
3 3   0.0968368
4 1   0.172118
4 2   0.0688866
4 3   0.239851
;

l [*,1,*]
:       1           2           3        :=
1   -0.206641    0.134005   -0.857197
2   -0.530421    0.779483   -0.696379
3   -0.207672    0.13606    -0.856685
4    0.11672    -0.510967   -1.01755

 [*,2,*]
:       1           2           3        :=
1   -0.130805    0.830684   -0.705132
2   -0.330759    1.35856    -0.227647
3   -0.131441    0.832364   -0.703612
4    0.0688698   0.303468   -1.18176

 [*,3,*]
:       1           2           3        :=
1    0.399964    0.0664193   0.963658
2    1.02366     0.502509    0.711911
3    0.401949    0.0678083   0.962857
4   -0.222442   -0.370166    1.21546
;

W[i,j,k] :=
1 1 1   -0.203649
1 1 2    0.131983
1 1 3   -0.858344
2 1 1   -0.528142
2 1 2    0.781598
2 1 3   -0.699594
3 1 1   -0.204682
3 1 2    0.134051
3 1 3   -0.857839
4 1 1    0.120523
4 1 2   -0.517679
4 1 3   -1.01642
;

W[i,j,k] :=
1 1 4    0.0013414
1 1 5    0.0180776
1 1 6    0.00244863
2 1 4   -0.0648336
2 1 5   -0.0204323
2 1 6    0.0262223
3 1 4    0.00113082
3 1 5    0.0179553
3 1 6    0.00252423
4 1 4    0.0673714
4 1 5    0.0562982
4 1 6   -0.0212239
;

W[i,j,k] :=
1 2 1   -0.133323
1 2 2    0.835351
1 2 3   -0.708562
2 2 1   -0.333363
2 2 2    1.36514
2 2 3   -0.235611
3 2 1   -0.13396
3 2 2    0.837038
3 2 3   -0.707057
4 2 1    0.0664693
4 2 2    0.306032
4 2 3   -1.18061
;

W[i,j,k] :=
1 2 4   -0.0266373
1 2 5   -0.00826575
1 2 6   -0.00626478
2 2 4   -0.0739328
2 2 5   -0.0189082
2 2 6   -0.0131856
3 2 4   -0.0267878
3 2 5   -0.00829953
3 2 6   -0.00628685
4 2 4    0.0205596
4 2 5    0.00228976
4 2 6    0.00067437
;

W[i,j,k] :=
1 3 1    0.402545
1 3 2    0.0665303
1 3 3    0.964409
2 3 1    1.02801
2 3 2    0.502219
2 3 3    0.707167
3 3 1    0.404535
3 3 2    0.0679191
3 3 3    0.96359
4 3 1   -0.221419
4 3 2   -0.37089
4 3 3    1.22218
;

W[i,j,k] :=
1 3 4   -0.00390816
1 3 5    0.000998003
1 3 6    0.00150156
2 3 4    0.0255644
2 3 5   -0.0450282
2 3 6   -0.00544978
3 3 4   -0.00381412
3 3 5    0.000851965
3 3 6    0.00147925
4 3 4   -0.0335949
4 3 5    0.0464343
4 3 6    0.00866079
;

f11 = 2.46024

f12 = 12.8956

f13 = -1.8372

f21 = 0.952757

f22 = 4.27655

f23 = 0.445124

f31 = 2.7097

f32 = 15

f33 = -0.49938

