solve_message = ' \
Ipopt 3.9.1: Optimal Solution Found'

Solve time:
_solve_time = 19.9369

Objective:
torque = 1.84776

cnh1 = -0.937873

cnh2 = 0.441972

cnh3 = 0.938076

snh1 = -0.0198448

snh2 = 0.827442

snh3 = -0.00354096

Hx = 0.0776867

Hy = 0.00163806

Hz = -0.0142821

cnf11 = 0.93304

cnf21 = 0.79418

cnf31 = 0.609619

cnf12 = 0.93304

cnf22 = 0.793595

cnf32 = 0.609332

cnt1 = 0.463201

cnt2 = 0.442589

snf11 = 0

snf21 = 0.499278

snf31 = 0.782224

snf12 = 0

snf22 = 0.500207

snf32 = 0.782439

snt1 = 0.916412

snt2 = 0.905582

p :=
1 1   -0.0240252
1 2    0.0120587
1 3   -0.0627967
2 1   -0.0234027
2 2   -0.013632
2 3   -0.0627192
3 1    0.020236
3 2    7.9418e-05
3 3    0.0638554
;

mf :=
1 1    0.287929
1 2    0.084919
1 3    0.753542
2 1    0.292856
2 2   -0.0732588
2 3    0.752777
;

mt [*] :=
1   0.112857
2   0.00446411
3  -0.941766
;

phi :=
1 1   0.060707
1 2   0.0612041
1 3   0.091609
2 1   0.0195497
2 2   0.0233104
2 3   0.0312635
3 1   0.0605311
3 2   0.0610466
3 3   0.0913291
4 1   0.144863
4 2   0.132558
4 3   0.254055
;

l [*,1,*]
:       1           2           3        :=
1    0.287622    0.0852351   0.753634
2    0.672906   -0.312022    0.63726
3    0.288848    0.0839707   0.753264
4   -0.097047    0.481859    0.869823

 [*,2,*]
:       1            2           3        :=
1    0.292581    -0.0729357   0.752934
2    0.637536    -0.478995    0.555531
3    0.293679    -0.0742281   0.752306
4   -0.0518236    0.332475    0.950023

 [*,3,*]
:       1            2            3        :=
1    0.112523    0.0041055    -0.941837
2    0.53197     0.454798     -0.853495
3    0.113858    0.00553995   -0.941555
4   -0.306255   -0.445868     -1.03004
;

W[i,j,k] :=
1 1 1    0.287622
1 1 2    0.0852351
1 1 3    0.753634
2 1 1    0.672906
2 1 2   -0.312022
2 1 3    0.63726
3 1 1    0.288848
3 1 2    0.0839707
3 1 3    0.753264
4 1 1   -0.097047
4 1 2    0.481859
4 1 3    0.869823
;

W[i,j,k] :=
1 1 4    0.0144403
1 1 5    4.45124e-05
1 1 6   -0.00551614
2 1 4   -0.0119095
2 1 5   -0.026946
2 1 6   -0.000617957
3 1 4    0.0143565
3 1 5   -4.13922e-05
3 1 6   -0.00550055
4 1 4    0.0407481
4 1 5    0.0269919
4 1 6   -0.0104065
;

W[i,j,k] :=
1 2 1    0.292581
1 2 2   -0.0729357
1 2 3    0.752934
2 2 1    0.637536
2 2 2   -0.478995
2 2 3    0.555531
3 2 1    0.293679
3 2 2   -0.0742281
3 2 3    0.752306
4 2 1   -0.0518236
4 2 2    0.332475
4 2 3    0.950023
;

W[i,j,k] :=
1 2 4   -0.0148385
1 2 5   -0.000729722
1 2 6    0.00569536
2 2 4   -0.0376151
2 2 5   -0.0269848
2 2 6    0.0199007
3 2 4   -0.014911
3 2 5   -0.000813286
3 2 6    0.00574057
4 2 4    0.00790187
4 2 5    0.0254835
4 2 6   -0.0084873
;

W[i,j,k] :=
1 3 1    0.112523
1 3 2    0.0041055
1 3 3   -0.941837
2 3 1    0.53197
2 3 2    0.454798
2 3 3   -0.853495
3 3 1    0.113858
3 3 2    0.00553995
3 3 3   -0.941555
4 3 1   -0.306255
4 3 2   -0.445868
4 3 3   -1.03004
;

W[i,j,k] :=
1 3 4   -0.000336957
1 3 5    0.0262442
1 3 6    7.41425e-05
2 3 4   -0.0291091
2 3 5    0.0512405
2 3 6    0.00916105
3 3 4   -0.000428532
3 3 5    0.0263238
3 3 6    0.000103064
4 3 4    0.0283893
4 3 5    0.00128783
4 3 6   -0.00899827
;

f11 = 0.944267

f12 = 3.24593

f13 = -1.36469

f21 = 0.232921

f22 = 0

f23 = -0.261243

f31 = 4.00831

f32 = 8.06783

f33 = -0.570873

