solve_message = ' \
Ipopt 3.9.1: Optimal Solution Found'

Solve time:
_solve_time = 20.8729

Objective:
torque = 1.32238

cnh1 = -0.599982

cnh2 = 0.280426

cnh3 = -0.938003

snh1 = 0.721126

snh2 = 0.895188

snh3 = 0.0122988

Hx = -0.0392207

Hy = 0.0471326

Hz = 0.053907

cnf11 = 0.934442

cnf21 = 0.828169

cnf31 = 0.627229

cnf12 = 0.934442

cnf22 = 0.816593

cnf32 = 0.621008

cnt1 = 0.46224

cnt2 = 0.421125

snf11 = 0

snf21 = 0.440608

snf31 = 0.768652

snf12 = 0

snf22 = 0.461711

snf32 = 0.773529

snt1 = 0.953065

snt2 = 0.929229

p :=
1 1   -0.0277138
1 2    0.0133302
1 3   -0.0624819
2 1   -0.00548535
2 2    0.0296947
2 3   -0.060629
3 1    0.0216377
3 2   -0.0241023
3 3    0.0607742
;

mf :=
1 1    0.185715
1 2   -0.323669
1 3    0.71586
2 1    0.272067
2 2   -0.21996
2 3    0.729044
;

mt [*] :=
1  -0.494027
2   0.581313
3  -0.56205
;

phi :=
1 1   0.0646168
1 2   0.0621004
1 3   0.0921988
2 1   0.0244189
2 2   0.0264206
2 3   0.0335413
3 1   0.0644477
3 2   0.0619549
3 3   0.0919305
4 1   0.143001
4 2   0.12569
4 3   0.242315
;

l [*,1,*]
:       1           2          3        :=
1   0.18564     -0.324075   0.715673
2   0.280808     0.186328   0.950086
3   0.185943    -0.32245    0.716419
4   0.0906237   -0.833663   0.481635

 [*,2,*]
:      1           2          3        :=
1   0.271998   -0.22039    0.728926
2   0.358594    0.319069   0.877225
3   0.272274   -0.218673   0.729398
4   0.185541   -0.758988   0.580864

 [*,3,*]
:        1           2           3        :=
1   -0.493637     0.581398   -0.562382
2   -0.983789     0.474582   -0.14523
3   -0.495197     0.581058   -0.561054
4   -0.00426624   0.688044   -0.978869
;

W[i,j,k] :=
1 1 1    0.18564
1 1 2   -0.324075
1 1 3    0.715673
2 1 1    0.280808
2 1 2    0.186328
2 1 3    0.950086
3 1 1    0.185943
3 1 2   -0.32245
3 1 3    0.716419
4 1 1    0.0906237
4 1 2   -0.833663
4 1 3    0.481635
;

W[i,j,k] :=
1 1 4   -0.0107087
1 1 5    0.00823492
1 1 6    0.00650674
2 1 4    0.024307
2 1 5    0.00878512
2 1 6   -0.00890708
3 1 4   -0.0105973
3 1 5    0.00823667
3 1 6    0.00645768
4 1 4   -0.0456686
4 1 5    0.00768561
4 1 6    0.021896
;

W[i,j,k] :=
1 2 1    0.271998
1 2 2   -0.22039
1 2 3    0.728926
2 2 1    0.358594
2 2 2    0.319069
2 2 3    0.877225
3 2 1    0.272274
3 2 2   -0.218673
3 2 3    0.729398
4 2 1    0.185541
4 2 2   -0.758988
4 2 3    0.580864
;

W[i,j,k] :=
1 2 4    0.0082832
1 2 5   -0.0124926
1 2 6   -0.00686797
2 2 4    0.0453937
2 2 5   -0.0169293
2 2 6   -0.0123985
3 2 4    0.00840132
3 2 5   -0.0125067
3 2 6   -0.00688557
4 2 4   -0.0287681
4 2 5   -0.0080629
4 2 6   -0.00134625
;

W[i,j,k] :=
1 3 1   -0.493637
1 3 2    0.581398
1 3 3   -0.562382
2 3 1   -0.983789
2 3 2    0.474582
2 3 3   -0.14523
3 3 1   -0.495197
3 3 2    0.581058
3 3 3   -0.561054
4 3 1   -0.00426624
4 3 2    0.688044
4 3 3   -0.978869
;

W[i,j,k] :=
1 3 4   -0.0217793
1 3 5   -0.0178317
1 3 6    0.000682351
2 3 4   -0.025342
2 3 5   -0.0566466
2 3 6   -0.0134427
3 3 4   -0.0217906
3 3 5   -0.0179552
3 3 6    0.000637394
4 3 4   -0.0182223
4 3 5    0.0209212
4 3 6    0.0147849
;

f11 = -0.0708389

f12 = 0

f13 = -0.342756

f21 = -0.349875

f22 = 0

f23 = -0.00933837

f31 = 3.8618

f32 = 7.73244

f33 = 0.392681

