solve_message = ' \
Ipopt 3.9.1: Converged to a locally infeasible point. Problem may be infeasible.'

Solve time:
_solve_time = 303.578

Objective:
torque = 6.35755

cnh1 = 0.241065

cnh2 = 0.0114491

cnh3 = 0.198995

snh1 = -0.906849

snh2 = 0.938203

snh3 = -0.916977

Hx = -0.067411

Hy = -0.00363764

Hz = -0.00361688

cnf11 = 0.938135

cnf21 = 0.571046

cnf31 = 0.520272

cnf12 = 0.938135

cnf22 = 0.564805

cnf32 = 0.518166

cnt1 = 0.669853

cnt2 = 0.503571

snf11 = 0.0532619

snf21 = 0.744692

snf31 = 0.840389

snf12 = 0.0532619

snf22 = 0.749381

snf32 = 0.841532

snt1 = 0.820238

snt2 = 0.877518

p :=
1 1    0.0164754
1 2   -0.0230659
1 3   -0.0622909
2 1    0.0150033
2 2    0.024244
2 3   -0.0620462
3 1    0.0266731
3 2    0.00266092
3 3    0.0628741
;

mf :=
1 1   -0.291638
1 2    0.0296956
1 3    0.762169
2 1   -0.297241
2 2   -0.0471659
2 3    0.759825
;

mt [*] :=
1  -0.332483
2  -0.0301833
3  -0.939878
;

phi :=
1 1   0.0501703
1 2   0.0478163
1 3   0.0708168
2 1   0.00523088
2 2   0.00416062
2 3   0.00383779
3 1   0.0499615
3 2   0.0476167
3 3   0.070474
4 1   0.202022
4 2   0.163362
4 3   0.311623
;

l [*,1,*]
:       1           2           3        :=
1   -0.291326    0.0294114   0.762309
2   -0.683673    0.386576    0.586695
3   -0.292574    0.0305482   0.76175
4    0.100396   -0.327183    0.937643

 [*,2,*]
:       1            2           3        :=
1   -0.296929    -0.0474623   0.759928
2   -0.68825      0.325022    0.630076
3   -0.298175    -0.0462767   0.759515
4    0.0937671   -0.419353    0.889574

 [*,3,*]
:       1            2            3        :=
1   -0.332144    -0.0298345   -0.940024
2   -0.758195    -0.468155    -0.756358
3   -0.3335      -0.0312296   -0.939439
4    0.0932279    0.407787    -1.1234
;

W[i,j,k] :=
1 1 1   -0.291326
1 1 2    0.0294114
1 1 3    0.762309
2 1 1   -0.683673
2 1 2    0.386576
2 1 3    0.586695
3 1 1   -0.292574
3 1 2    0.0305482
3 1 3    0.76175
4 1 1    0.100396
4 1 2   -0.327183
4 1 3    0.937643
;

W[i,j,k] :=
1 1 4   -0.0157512
1 1 5    0.00558752
1 1 6   -0.00623506
2 1 4    0.0105476
2 1 5    0.0329205
2 1 6   -0.00940036
3 1 4   -0.0156675
3 1 5    0.00567452
3 1 6   -0.00624513
4 1 4   -0.042008
4 1 5   -0.0217019
4 1 6   -0.0030748
;

W[i,j,k] :=
1 2 1   -0.296929
1 2 2   -0.0474623
1 2 3    0.759928
2 2 1   -0.68825
2 2 2    0.325022
2 2 3    0.630076
3 2 1   -0.298175
3 2 2   -0.0462767
3 2 3    0.759515
4 2 1    0.0937671
4 2 2   -0.419353
4 2 3    0.889574
;

W[i,j,k] :=
1 2 4    0.0154789
1 2 5    0.00702199
1 2 6    0.00648652
2 2 4    0.035442
2 2 5    0.0332502
2 2 6    0.0215618
3 2 4    0.0155424
3 2 5    0.00710547
3 2 6    0.0065345
4 2 4   -0.00445232
4 2 5   -0.0191644
4 2 6   -0.00856476
;

W[i,j,k] :=
1 3 1   -0.332144
1 3 2   -0.0298345
1 3 3   -0.940024
2 3 1   -0.758195
2 3 2   -0.468155
2 3 3   -0.756358
3 3 1   -0.3335
3 3 2   -0.0312296
3 3 3   -0.939439
4 3 1    0.0932279
4 3 2    0.407787
4 3 3   -1.1234
;

W[i,j,k] :=
1 3 4   -0.000625498
1 3 5    0.00419008
1 3 6    8.80601e-05
2 3 4    0.0274222
2 3 5   -0.0274964
2 3 6   -0.0104694
3 3 4   -0.000536228
3 3 5    0.00408923
3 3 6    5.44582e-05
4 3 4   -0.0286285
4 3 5    0.0358261
4 3 6    0.0106286
;

f11 = 6.82272

f12 = 15

f13 = -0.0283054

f21 = 2.84544

f22 = 6.55117

f23 = -0.249658

f31 = 3.79633

f32 = 15

f33 = -0.742685

