solve_message = ' \
Ipopt 3.9.1: Converged to a locally infeasible point. Problem may be infeasible.'

Solve time:
_solve_time = 4.33683

Objective:
torque = 7.16442

cnh1 = -0.92171

cnh2 = 0.918533

cnh3 = -0.164529

snh1 = -0.174502

snh2 = 0.19052

snh3 = -0.923542

Hx = 0.0160999

Hy = 0.0903871

Hz = 0.0574479

cnf11 = 0.932738

cnf21 = 0.287236

cnf31 = 0.43587

cnf12 = 0.932738

cnf22 = 0.787162

cnf32 = 0.551312

cnt1 = 0.596434

cnt2 = 0.474776

snf11 = 0

snf21 = 0.893026

snf31 = 0.876596

snf12 = 0

snf22 = 0.708785

snf32 = 0.845736

snt1 = 0.875367

snt2 = 0.895755

p :=
1 1    0.00743802
1 2    0.0313378
1 3    0.0573198
2 1   -0.0340607
2 2   -0.00808985
2 3    0.0120946
3 1    0.0332615
3 2   -0.00396093
3 3    0.0523191
;

mf :=
1 1   0.372669
1 2   0.640347
1 3   0.267677
2 1   0.816938
2 2   0.317168
2 3   0.123128
;

mt [*] :=
1  -0.899378
2   0.271431
3  -0.105262
;

phi :=
1 1   0.0239958
1 2   0.073207
1 3   0.0936655
2 1   0
2 2   0.00576126
2 3   0.0205838
3 1   0.0238443
3 2   0.0729287
3 3   0.093346
4 1   0.0843219
4 2   0.208124
4 3   0.263991
;

l [*,1,*]
:      1          2           3        :=
1   0.372838   0.640091    0.268015
2   0.161064   0.961323   -0.156306
3   0.372164   0.641113    0.266664
4   0.584274   0.319371    0.691659

 [*,2,*]
:      1           2           3        :=
1   0.817055    0.316762    0.123393
2   0.670019    0.827092   -0.209873
3   0.816587    0.318386    0.122333
4   0.963857   -0.192754    0.456128

 [*,3,*]
:       1           2            3        :=
1   -0.899421    0.271152    -0.105695
2   -0.844319    0.622083     0.438382
3   -0.899246    0.272269    -0.103964
4   -0.954436   -0.0792196   -0.648905
;

W[i,j,k] :=
1 1 1    0.372838
1 1 2    0.640091
1 1 3    0.268015
2 1 1    0.161064
2 1 2    0.961323
2 1 3   -0.156306
3 1 1    0.372164
3 1 2    0.641113
3 1 3    0.266664
4 1 1    0.584274
4 1 2    0.319371
4 1 3    0.691659
;

W[i,j,k] :=
1 1 4   -0.0282909
1 1 5    0.0193775
1 1 6   -0.00692292
2 1 4   -0.0600011
2 1 5    0.0103948
2 1 6    0.00210295
3 1 4   -0.0283918
3 1 5    0.0193489
3 1 6   -0.00689419
4 1 4    0.0033688
4 1 5    0.0283459
4 1 6   -0.0159344
;

W[i,j,k] :=
1 2 1    0.817055
1 2 2    0.316762
1 2 3    0.123393
2 2 1    0.670019
2 2 2    0.827092
2 2 3   -0.209873
3 2 1    0.816587
3 2 2    0.318386
3 2 3    0.122333
4 2 1    0.963857
4 2 2   -0.192754
4 2 3    0.456128
;

W[i,j,k] :=
1 2 4   -0.00482934
1 2 5    0.0140848
1 2 6   -0.00417928
2 2 4   -0.00830549
2 2 5    0.000955175
2 2 6   -0.022751
3 2 4   -0.0048404
3 2 5    0.014043
3 2 6   -0.00423839
4 2 4   -0.00135873
4 2 5    0.0271935
4 2 6    0.0143628
;

W[i,j,k] :=
1 3 1   -0.899421
1 3 2    0.271152
1 3 3   -0.105695
2 3 1   -0.844319
2 3 2    0.622083
2 3 3    0.438382
3 3 1   -0.899246
3 3 2    0.272269
3 3 3   -0.103964
4 3 1   -0.954436
4 3 2   -0.0792196
4 3 3   -0.648905
;

W[i,j,k] :=
1 3 4   -0.0137678
1 3 5   -0.0435414
1 3 6    0.00545638
2 3 4   -0.0342833
2 3 5   -0.0587553
2 3 6    0.0173472
3 3 4   -0.0138331
3 3 5   -0.0435898
3 3 6    0.00549423
4 3 4    0.00671497
4 3 5   -0.0283517
4 3 6   -0.00641542
;

f11 = 8.13002

f12 = 15

f13 = 1.44408

f21 = 3.86031

f22 = 7.68997

f23 = 0.0442483

f31 = 8.23245

f32 = 15

f33 = 0.639734

