solve_message = ' \
Ipopt 3.9.1: Converged to a locally infeasible point. Problem may be infeasible.'

Solve time:
_solve_time = 12.5581

Objective:
torque = 7.90811

cnh1 = 0.363588

cnh2 = 0.513347

cnh3 = -0.0256401

snh1 = 0.864756

snh2 = -0.785159

snh3 = 0.937733

Hx = -0.0653918

Hy = 0.0248122

Hz = -0.0116051

cnf11 = 0.682417

cnf21 = 0.355522

cnf31 = 0.4123

cnf12 = 0.682417

cnf22 = 0.62464

cnf32 = 0.539269

cnt1 = 0.524845

cnt2 = 0.505006

snf11 = 0.643667

snf21 = 0.950033

snf31 = 0.917243

snf12 = 0.643667

snf22 = 0.699875

snf32 = 0.829452

snt1 = 0.77752

snt2 = 0.84842

p :=
1 1    0.0302557
1 2    0.0164637
1 3   -0.0182269
2 1    0.00259183
2 2   -0.0301264
2 3    0.0633264
3 1    0.00106823
3 2   -0.0326843
3 3   -0.0601981
;

mf :=
1 1   -0.797943
1 2   -0.281412
1 3   -0.152651
2 1   -0.171911
2 2    0.179923
2 3   -0.754103
;

mt [*] :=
1  -0.166485
2   0.499652
3   0.663112
;

phi :=
1 1   0.0221413
1 2   0.065266
1 3   0.0380538
2 1   0
2 2   0.0103324
2 3   0
3 1   0.0219483
3 2   0.0650034
3 3   0.0377654
4 1   0.189833
4 2   0.23527
4 3   0.375078
;

l [*,1,*]
:       1           2            3        :=
1   -0.797772   -0.28165     -0.153052
2   -1.01187     0.0176359    0.350904
3   -0.798454   -0.280698    -0.151448
4   -0.584011   -0.580459    -0.656205

 [*,2,*]
:       1           2            3        :=
1   -0.171501    0.180108    -0.754119
2   -0.685866   -0.0522539   -0.73362
3   -0.173138    0.179368    -0.754054
4    0.342043    0.412099    -0.774586

 [*,3,*]
:       1           2          3        :=
1   -0.166281    0.499357   0.663422
2   -0.423363    0.870625   0.273018
3   -0.167099    0.500538   0.66218
4    0.0903911   0.12868    1.0532
;

W[i,j,k] :=
1 1 1   -0.797772
1 1 2   -0.28165
1 1 3   -0.153052
2 1 1   -1.01187
2 1 2    0.0176359
2 1 3    0.350904
3 1 1   -0.798454
3 1 2   -0.280698
3 1 3   -0.151448
4 1 1   -0.584011
4 1 2   -0.580459
4 1 3   -0.656205
;

W[i,j,k] :=
1 1 4   -0.00765341
1 1 5    0.0191716
1 1 6    0.00461275
2 1 4    0.00609862
2 1 5    0.00782649
2 1 6    0.0171928
3 1 4   -0.00760964
3 1 5    0.0191355
3 1 6    0.00465279
4 1 4   -0.0213835
4 1 5    0.0304986
4 1 6   -0.0079472
;

W[i,j,k] :=
1 2 1   -0.171501
1 2 2    0.180108
1 2 3   -0.754119
2 2 1   -0.685866
2 2 2   -0.0522539
2 2 3   -0.73362
3 2 1   -0.173138
3 2 2    0.179368
3 2 3   -0.754054
4 2 1    0.342043
4 2 2    0.412099
4 2 3   -0.774586
;

W[i,j,k] :=
1 2 4    0.0113133
1 2 5   -0.008906
1 2 6   -0.00469991
2 2 4    0.0254104
2 2 5   -0.041532
2 2 6   -0.0207981
3 2 4    0.0113582
3 2 5   -0.00900984
3 2 6   -0.00475114
4 2 4   -0.00276126
4 2 5    0.0236679
4 2 6    0.0113726
;

W[i,j,k] :=
1 3 1   -0.166281
1 3 2    0.499357
1 3 3    0.663422
2 3 1   -0.423363
2 3 2    0.870625
2 3 3    0.273018
3 3 1   -0.167099
3 3 2    0.500538
3 3 3    0.66218
4 3 1    0.0903911
4 3 2    0.12868
4 3 3    1.0532
;

W[i,j,k] :=
1 3 4    0.00837684
1 3 5    0.00930111
1 3 6   -0.00490135
2 3 4    0.0434866
2 3 5    0.025194
2 3 6   -0.0129073
3 3 4    0.00848858
3 3 5    0.00935169
3 3 6   -0.00492683
4 3 4   -0.0266769
4 3 5   -0.00656644
4 3 6    0.00309183
;

f11 = 7.65537

f12 = 15

f13 = -3.09481

f21 = 6.64803

f22 = 13.5101

f23 = 1.2467

f31 = 8.18769

f32 = 15

f33 = -1.0697

