solve_message = ' \
Ipopt 3.9.1: Optimal Solution Found'

Solve time:
_solve_time = 52.0887

Objective:
torque = 4.04149

cnh1 = 0.296354

cnh2 = -0.936673

cnh3 = 0.378061

snh1 = 0.890042

snh2 = 0.0514227

snh3 = 0.858528

Hx = -0.0693999

Hy = 0.014488

Hz = 0.0363566

cnf11 = 0.0585041

cnf21 = 0.443475

cnf31 = 0.479496

cnf12 = 0.0585041

cnf22 = 0.547384

cnf32 = 0.512433

cnt1 = 0.485432

cnt2 = 0.430817

snf11 = 0.936257

snf21 = 0.826638

snf31 = 0.86064

snf12 = 0.936257

snf22 = 0.761821

snf32 = 0.844545

snt1 = 0.941465

snt2 = 0.923074

p :=
1 1    0.0254655
1 2   -0.0210073
1 3    0.0595396
2 1   -0.0247731
2 2    0.00169558
2 3   -0.0654583
3 1    0.0243567
3 2    0.0243561
3 3    0.000781617
;

mf :=
1 1   -0.606963
1 2    0.266462
1 3   -0.406815
2 1   -0.00735807
2 2    0.00682666
2 3    0.77305
;

mt [*] :=
1  -0.745028
2  -0.555221
3   0.189788
;

phi :=
1 1   0.0444554
1 2   0.0659114
1 3   0
2 1   0
2 2   0.000365433
2 3   0
3 1   0.044132
3 2   0.0655673
3 3   0
4 1   0.387662
4 2   0.376806
4 3   0.0771343
;

l [*,1,*]
:       1           2            3        :=
1   -0.606671    0.266734    -0.407036
2   -0.974406   -0.0746328   -0.129631
3   -0.607841    0.265647    -0.406153
4   -0.239521    0.607556    -0.683998

 [*,2,*]
:        1             2           3        :=
1   -0.00714654    0.00641843   0.773038
2   -0.27299       0.519475     0.787415
3   -0.00799266    0.00805137   0.773084
4    0.258273     -0.50582      0.758684

 [*,3,*]
:       1           2           3        :=
1   -0.744968   -0.55546     0.189334
2   -0.820356   -0.254596    0.759988
3   -0.745208   -0.554503    0.19115
4   -0.669701   -0.855844   -0.38041
;

W[i,j,k] :=
1 1 1   -0.606671
1 1 2    0.266734
1 1 3   -0.407036
2 1 1   -0.974406
2 1 2   -0.0746328
2 1 3   -0.129631
3 1 1   -0.607841
3 1 2    0.265647
3 1 3   -0.406153
4 1 1   -0.239521
4 1 2    0.607556
4 1 3   -0.683998
;

W[i,j,k] :=
1 1 4   -0.00733049
1 1 5   -0.0257556
1 1 6   -0.00595203
2 1 4    0.00716682
2 1 5   -0.0547147
2 1 6   -0.0223702
3 1 4   -0.00728435
3 1 5   -0.0258478
3 1 6   -0.00600429
4 1 4   -0.0218047
4 1 5    0.00315733
4 1 6    0.01044
;

W[i,j,k] :=
1 2 1   -0.00714654
1 2 2    0.00641843
1 2 3    0.773038
2 2 1   -0.27299
2 2 2    0.519475
2 2 3    0.787415
3 2 1   -0.00799266
3 2 2    0.00805137
3 2 3    0.773084
4 2 1    0.258273
4 2 2   -0.50582
4 2 3    0.758684
;

W[i,j,k] :=
1 2 4    0.00173089
1 2 5    0.0196184
1 2 6   -0.000146889
2 2 4    0.0353391
2 2 5    0.0373762
2 2 6   -0.0124061
3 2 4    0.00183786
3 2 5    0.0196749
3 2 6   -0.000185907
4 2 4   -0.0318237
4 2 5    0.00188885
4 2 6    0.0120928
;

W[i,j,k] :=
1 3 1   -0.744968
1 3 2   -0.55546
1 3 3    0.189334
2 3 1   -0.820356
2 3 2   -0.254596
2 3 3    0.759988
3 3 1   -0.745208
3 3 2   -0.554503
3 3 3    0.19115
4 3 1   -0.669701
4 3 2   -0.855844
4 3 3   -0.38041
;

W[i,j,k] :=
1 3 4    0.00504558
1 3 5   -0.00519383
1 3 6    0.00461532
2 3 4    0.0187093
2 3 5   -0.019152
2 3 6    0.0137795
3 3 4    0.00508907
3 3 5   -0.00523826
3 3 6    0.00464449
4 3 4   -0.00859637
4 3 5    0.0087421
4 3 6   -0.00453427
;

f11 = 5.48274

f12 = 10.9438

f13 = -0.0373987

f21 = 6.2061

f22 = 12.6348

f23 = 1.23029

f31 = 0.325824

f32 = 0

f33 = -0.127824

