solve_message = ' \
Ipopt 3.9.1: Optimal Solution Found'

Solve time:
_solve_time = 150.26

Objective:
torque = 4.02727

cnh1 = 0.932094

cnh2 = -0.849531

cnh3 = -0.161361

snh1 = 0.105839

snh2 = -0.397866

snh3 = -0.924101

Hx = 0.00601439

Hy = -0.0678091

Hz = -0.0213173

cnf11 = 0.0812817

cnf21 = 0.421452

cnf31 = 0.472922

cnf12 = 0.0812817

cnf22 = 0.57591

cnf32 = 0.522079

cnt1 = 0.387601

cnt2 = 0.385655

snf11 = 0.934555

snf21 = 0.83808

snf31 = 0.863489

snf12 = 0.934555

snf22 = 0.740493

snf32 = 0.839313

snt1 = 0.985781

snt2 = 0.953487

p :=
1 1   -0.024905
1 2    0.0212348
1 3   -0.0601444
2 1    0.0299183
2 2    0.00386577
2 3    0.0633824
3 1    0.0243531
3 2    0.0243594
3 3   -0.0183469
;

mf :=
1 1    0.324467
1 2   -0.528877
1 3    0.461322
2 1   -0.224338
2 2   -0.181527
2 3   -0.710385
;

mt [*] :=
1  -0.563669
2  -0.753634
3   0.189942
;

phi :=
1 1   0.0537574
1 2   0.0573224
1 3   0
2 1   0
2 2   0
2 3   0
3 1   0.0534263
3 2   0.0569803
3 3   0
4 1   0.375878
4 2   0.397046
4 3   0.0764288
;

l [*,1,*]
:       1           2          3        :=
1    0.324823   -0.528598   0.461337
2   -0.121517   -0.880031   0.443157
3    0.323402   -0.529716   0.461279
4    0.77045    -0.177725   0.479488

 [*,2,*]
:       1           2           3        :=
1   -0.224693   -0.181242   -0.710313
2    0.22042    -0.539557   -0.80114
3   -0.223276   -0.182383   -0.710602
4   -0.669095    0.176501   -0.619631

 [*,3,*]
:       1           2           3        :=
1   -0.563786   -0.753448    0.190421
2   -0.416372   -0.987796   -0.411217
3   -0.563317   -0.754194    0.188506
4   -0.710966   -0.519474    0.791099
;

W[i,j,k] :=
1 1 1    0.324823
1 1 2   -0.528598
1 1 3    0.461337
2 1 1   -0.121517
2 1 2   -0.880031
2 1 3    0.443157
3 1 1    0.323402
3 1 2   -0.529716
3 1 3    0.461279
4 1 1    0.77045
4 1 2   -0.177725
4 1 3    0.479488
;

W[i,j,k] :=
1 1 4   -0.0219958
1 1 5   -0.00804669
1 1 6    0.00626718
2 1 4   -0.0435186
2 1 5    0.0183454
2 1 6    0.0244975
3 1 4   -0.0220643
3 1 5   -0.00796269
3 1 6    0.0063252
4 1 4   -0.00050733
4 1 5   -0.0343966
4 1 6   -0.0119341
;

W[i,j,k] :=
1 2 1   -0.224693
1 2 2   -0.181242
1 2 3   -0.710313
2 2 1    0.22042
2 2 2   -0.539557
2 2 3   -0.80114
3 2 1   -0.223276
3 2 2   -0.182383
3 2 3   -0.710602
4 2 1   -0.669095
4 2 2    0.176501
4 2 3   -0.619631
;

W[i,j,k] :=
1 2 4    0.00874165
1 2 5    0.00700981
1 2 6   -0.00455385
2 2 4    0.0311014
2 2 5    0.0379395
2 2 6   -0.0169947
3 2 4    0.00881281
3 2 5    0.00710826
3 2 6   -0.00459344
4 2 4   -0.0135824
4 2 5   -0.0238705
4 2 6    0.00786719
;

W[i,j,k] :=
1 3 1   -0.563786
1 3 2   -0.753448
1 3 3    0.190421
2 3 1   -0.416372
2 3 2   -0.987796
2 3 3   -0.411217
3 3 1   -0.563317
3 3 2   -0.754194
3 3 3    0.188506
4 3 1   -0.710966
4 3 2   -0.519474
4 3 3    0.791099
;

W[i,j,k] :=
1 3 4   -0.00918493
1 3 5    0.00570641
1 3 6   -0.00461532
2 3 4   -0.0281401
2 3 5    0.0176536
2 3 6   -0.0139134
3 3 4   -0.00924526
3 3 5    0.00574443
3 3 6   -0.00464491
4 3 4    0.00973996
4 3 5   -0.00622171
4 3 6    0.00466789
;

f11 = 6.43301

f12 = 13.0453

f13 = -1.13196

f21 = 5.27858

f22 = 10.7802

f23 = 1.14443

f31 = 0.33111

f32 = 0

f33 = -0.113423

