solve_message = ' \
Ipopt 3.9.1: Optimal Solution Found'

Solve time:
_solve_time = 20.6857

Objective:
torque = 4.20997

cnh1 = -0.81288

cnh2 = 0.568054

cnh3 = -1.05924

snh1 = 0.468216

snh2 = 0.751408

snh3 = 0.00305032

Hx = -0.0516151

Hy = 0.0338511

Hz = 0.0431235

cnf11 = 0.932927

cnf21 = 0.578798

cnf31 = 0.523073

cnf12 = 0.932927

cnf22 = 0.598406

cnf32 = 0.475543

cnt1 = 0.422801

cnt2 = 0.4036

snf11 = 0

snf21 = 0.738236

snf31 = 0.838761

snf12 = 0

snf22 = 0.874019

snf32 = 0.895277

snt1 = 0.971205

snt2 = 0.940752

p :=
1 1   -0.0288954
1 2    0.000122434
1 3   -0.0617587
2 1    0.00247676
2 2    0.0250628
2 3   -0.0632919
3 1    0.0315907
3 2   -0.0137294
3 3    0.00505845
;

mf :=
1 1    0.127997
1 2   -0.172937
1 3    0.801278
2 1    0.133148
2 2    0.0288107
2 3    0.966686
;

mt [*] :=
1  -0.846452
2   0.4851
3  -0.146328
;

phi :=
1 1   0.0450578
1 2   0.0108586
1 3   0.0042785
2 1   0
2 2   0
2 3   0
3 1   0.044748
3 2   0.0106628
3 3   0.00400674
4 1   0.341452
4 2   0.149115
4 3   0.478238
;

l [*,1,*]
:       1           2          3        :=
1   0.128068    -0.173417   0.801128
2   0.0380771    0.430132   0.990327
3   0.127782    -0.171496   0.80173
4   0.217916    -0.776004   0.61223

 [*,2,*]
:       1            2           3        :=
1    0.133323     0.0283075   0.966625
2   -0.0868266    0.6608      1.04225
3    0.132622     0.0303206   0.966866
4    0.353122    -0.603176    0.89112

 [*,3,*]
:       1          2           3        :=
1   -0.846188   0.485406   -0.146739
2   -1.17799    0.101407    0.369553
3   -0.847244   0.484184   -0.145096
4   -0.514921   0.868792   -0.662207
;

W[i,j,k] :=
1 1 1    0.128068
1 1 2   -0.173417
1 1 3    0.801128
2 1 1    0.0380771
2 1 2    0.430132
2 1 3    0.990327
3 1 1    0.127782
3 1 2   -0.171496
3 1 3    0.80173
4 1 1    0.217916
4 1 2   -0.776004
4 1 3    0.61223
;

W[i,j,k] :=
1 1 4   -0.0106119
1 1 5    0.0152395
1 1 6    0.00499527
2 1 4    0.0266857
2 1 5    0.0262643
2 1 6   -0.0124335
3 1 4   -0.0104932
3 1 5    0.0152746
3 1 6    0.0049398
4 1 4   -0.04785
4 1 5    0.00423238
4 1 6    0.0223962
;

W[i,j,k] :=
1 2 1    0.133323
1 2 2    0.0283075
1 2 3    0.966625
2 2 1   -0.0868266
2 2 2    0.6608
2 2 3    1.04225
3 2 1    0.132622
3 2 2    0.0303206
3 2 3    0.966866
4 2 1    0.353122
4 2 2   -0.603176
4 2 3    0.89112
;

W[i,j,k] :=
1 2 4    0.0260179
1 2 5   -0.0108324
1 2 6   -0.00327134
2 2 4    0.067945
2 2 5    0.00291401
2 2 6    0.00381276
3 2 4    0.0261514
3 2 5   -0.0107886
3 2 6   -0.00324879
4 2 4   -0.0158423
4 2 5   -0.0245568
4 2 6   -0.0103441
;

W[i,j,k] :=
1 3 1   -0.846188
1 3 2    0.485406
1 3 3   -0.146739
2 3 1   -1.17799
2 3 2    0.101407
2 3 3    0.369553
3 3 1   -0.847244
3 3 2    0.484184
3 3 3   -0.145096
4 3 1   -0.514921
4 3 2    0.868792
4 3 3   -0.662207
;

W[i,j,k] :=
1 3 4   -0.00044076
1 3 5    0.000355185
1 3 6    0.00371664
2 3 4   -0.00558672
2 3 5   -0.0176332
2 3 6   -0.0129695
3 3 4   -0.000457139
3 3 5    0.000297932
3 3 6    0.00366353
4 3 4    0.00469699
4 3 5    0.0183149
4 3 6    0.0203762
;

f11 = 7.12288

f12 = 15

f13 = -2.69656

f21 = 0.316391

f22 = 0

f23 = -0.149654

f31 = 4.75626

f32 = 9.8728

f33 = -1.36605

