solve_message = ' \
Ipopt 3.9.1: Maximum Number of Iterations Exceeded.'

Solve time:
_solve_time = 82.6181

Objective:
torque = 6.52711

cnh1 = -0.961263

cnh2 = 0.498784

cnh3 = 0.820655

snh1 = -0.295207

snh2 = 0.840222

snh3 = -0.502402

Hx = 0.0666202

Hy = 0.0678602

Hz = -0.0373131

cnf11 = 0.908152

cnf21 = 0.747883

cnf31 = 0.589717

cnf12 = 0.90976

cnf22 = 0.766502

cnf32 = 0.571191

cnt1 = 0.562232

cnt2 = 0.465279

snf11 = 0

snf21 = 0.551779

snf31 = 0.796358

snf12 = 0

snf22 = 0.627444

snf32 = 0.819911

snt1 = 0.892647

snt2 = 0.901471

p :=
1 1   -0.0309976
1 2    0.000269556
1 3   -0.0600822
2 1   -0.0224599
2 2   -0.0210939
2 3   -0.0605173
3 1    0.033534
3 2    0.000875919
3 3    0.0640496
;

mf :=
1 1   0.347589
1 2   0.185898
1 3   0.742151
2 1   0.535769
2 2   0.119756
2 3   0.713497
;

mt [*] :=
1  -0.160548
2   0.222415
3  -1.01121
;

phi :=
1 1   0.0743054
1 2   0.0595046
1 3   0.0994963
2 1   0.0371368
2 2   0.0155456
2 3   0.0360451
3 1   0.0741317
3 2   0.0592992
3 3   0.0991958
4 1   0.178219
4 2   0.167424
4 3   0.301852
;

l [*,1,*]
:       1          2          3        :=
1    0.341877   0.184928   0.727362
2    0.879846   0.194205   0.468223
3    0.34359    0.184958   0.726538
4   -0.195724   0.175179   0.98598

 [*,2,*]
:      1          2          3        :=
1   0.52764    0.118393   0.700288
2   1.01776    0.130649   0.314179
3   0.5292     0.118432   0.699059
4   0.037921   0.105772   1.08566

 [*,3,*]
:       1           2           3        :=
1   -0.16771     0.215805   -0.998854
2   -0.112535    0.890113   -0.833349
3   -0.167534    0.217952   -0.998327
4   -0.223946   -0.45852    -1.16438
;

W[i,j,k] :=
1 1 1    0.340556
1 1 2    0.183907
1 1 3    0.727064
2 1 1    0.878975
2 1 2    0.194172
2 1 3    0.467973
3 1 1    0.342271
3 1 2    0.183941
3 1 3    0.72624
4 1 1   -0.197989
4 1 2    0.17269
4 1 3    0.985531
;

W[i,j,k] :=
1 1 4    0.0114331
1 1 5    0.00167067
1 1 6   -0.0058214
2 1 4    0.0118728
2 1 5   -0.0385339
2 1 6   -0.00635581
3 1 4    0.0114345
3 1 5    0.00154279
3 1 6   -0.00582312
4 1 4    0.0109813
4 1 5    0.0417409
4 1 6   -0.0052749
;

W[i,j,k] :=
1 2 1   0.527057
1 2 2   0.117155
1 2 3   0.699916
2 2 1   1.01733
2 2 2   0.130369
2 2 3   0.313259
3 2 1   0.528618
3 2 2   0.117198
3 2 3   0.698686
4 2 1   0.0368075
4 2 2   0.103195
4 2 3   1.08574
;

W[i,j,k] :=
1 2 4   -0.00756023
1 2 5   -0.016465
1 2 6    0.00830218
2 2 4    0.00134699
2 2 5   -0.0546099
2 2 6    0.0183036
3 2 4   -0.00753186
3 2 5   -0.0165863
3 2 6    0.008334
4 2 4   -0.0164709
4 2 5    0.0215556
4 2 6   -0.00167774
;

W[i,j,k] :=
1 3 1   -0.169944
1 3 2    0.214473
1 3 3   -0.999299
2 3 1   -0.113878
2 3 2    0.889533
2 3 3   -0.833272
3 3 1   -0.169763
3 3 2    0.216624
3 3 3   -0.998771
4 3 1   -0.228206
4 3 2   -0.461706
4 3 3   -1.16561
;

W[i,j,k] :=
1 3 4   -0.014666
1 3 5    0.0223669
1 3 6    0.00716535
2 3 4   -0.0574478
2 3 5    0.02111
2 3 6    0.0293164
3 3 4   -0.0148023
3 3 5    0.0223632
3 3 6    0.00723589
4 3 4    0.0281569
4 3 5    0.0233439
4 3 6   -0.0149927
;

f11 = 4.14735

f12 = 14.044

f13 = 0.43702

f21 = 0.0617483

f22 = 8.73186

f23 = -0.803038

f31 = 5.78061

f32 = 14.9273

f33 = -0.390738

