solve_message = ' \
Ipopt 3.9.1: Optimal Solution Found'

Solve time:
_solve_time = 21.5281

Objective:
torque = 4.27028

cnh1 = -0.599737

cnh2 = 0.873851

cnh3 = -0.153569

snh1 = 0.721329

snh2 = 0.341151

snh3 = -0.925428

Hx = 0.051544

Hy = 0.0414107

Hz = 0.0158643

cnf11 = 0.0253638

cnf21 = 0.46253

cnf31 = 0.485295

cnf12 = 0.0253638

cnf22 = 0.530739

cnf32 = 0.506932

cnt1 = 0.36334

cnt2 = 0.369578

snf11 = 0.93774

snf21 = 0.816129

snf31 = 0.858019

snf12 = 0.93774

snf22 = 0.773509

snf32 = 0.847428

snt1 = 0.99498

snt2 = 0.96632

p :=
1 1   -0.0313925
1 2   -0.00402705
1 3    0.0618824
2 1    0.015046
2 2   -0.0250721
2 3   -0.0640122
3 1   -0.000556548
3 2   -0.0344407
3 3    0.0104997
;

mf :=
1 1    0.536352
1 2    0.168524
1 3   -0.530593
2 1    0.0200839
2 2    0.322702
2 3    0.697573
;

mt [*] :=
1   0.149465
2   0.943459
3  -0.134223
;

phi :=
1 1   0.0549418
1 2   0.0647733
1 3   0
2 1   0
2 2   0
2 3   0
3 1   0.0546048
3 2   0.0644228
3 3   0
4 1   0.390166
4 2   0.397352
4 3   0.0424824
;

l [*,1,*]
:      1           2           3        :=
1   0.5364      0.168076   -0.530642
2   0.476515    0.731433   -0.469255
3   0.536209    0.169869   -0.530447
4   0.596189   -0.394382   -0.591931

 [*,2,*]
:       1           2          3        :=
1    0.0196307   0.322757   0.697527
2    0.589193    0.253486   0.755561
3    0.0214435   0.322536   0.697711
4   -0.549023    0.391918   0.639585

 [*,3,*]
:       1          2           3        :=
1    0.14923    0.943443   -0.134695
2    0.444791   0.963633    0.459449
3    0.150171   0.943507   -0.132804
4   -0.145859   0.923285   -0.727892
;

W[i,j,k] :=
1 1 1    0.5364
1 1 2    0.168076
1 1 3   -0.530642
2 1 1    0.476515
2 1 2    0.731433
2 1 3   -0.469255
3 1 1    0.536209
3 1 2    0.169869
3 1 3   -0.530447
4 1 1    0.596189
4 1 2   -0.394382
4 1 3   -0.591931
;

W[i,j,k] :=
1 1 4   -0.00826403
1 1 5    0.0165355
1 1 6   -0.00311621
2 1 4   -0.0433731
2 1 5    0.0147568
2 1 6   -0.0210425
3 1 4   -0.00837577
3 1 5    0.0165299
3 1 6   -0.00317327
4 1 4    0.0267891
4 1 5    0.0183114
4 1 6    0.0147815
;

W[i,j,k] :=
1 2 1    0.0196307
1 2 2    0.322757
1 2 3    0.697527
2 2 1    0.589193
2 2 2    0.253486
2 2 3    0.755561
3 2 1    0.0214435
3 2 2    0.322536
3 2 3    0.697711
4 2 1   -0.549023
4 2 2    0.391918
4 2 3    0.639585
;

W[i,j,k] :=
1 2 4    0.00317191
1 2 5   -0.0117516
1 2 6    0.00534838
2 2 4   -0.00271735
2 2 5   -0.0490837
2 2 6    0.0185862
3 2 4    0.00315317
3 2 5   -0.0118704
3 2 6    0.00539051
4 2 4    0.00905178
4 2 5    0.025521
4 2 6   -0.00786838
;

W[i,j,k] :=
1 3 1    0.14923
1 3 2    0.943443
1 3 3   -0.134695
2 3 1    0.444791
2 3 2    0.963633
2 3 3    0.459449
3 3 1    0.150171
3 3 2    0.943507
3 3 3   -0.132804
4 3 1   -0.145859
4 3 2    0.923285
4 3 3   -0.727892
;

W[i,j,k] :=
1 3 4   -0.00526691
1 3 5    0.00149192
1 3 6    0.00461452
2 3 4   -0.0259416
2 3 5    0.0049259
2 3 6    0.0147826
3 3 4   -0.00533271
3 3 5    0.00150285
3 3 6    0.00464688
4 3 4    0.0153748
4 3 5   -0.00193659
4 3 6   -0.00553734
;

f11 = 5.99782

f12 = 12.0406

f13 = 0.624536

f21 = 6.2235

f22 = 12.5492

f23 = 0.870932

f31 = 0.192008

f32 = 0

f33 = -0.292631

