solve_message = ' \
Ipopt 3.9.1: Maximum Number of Iterations Exceeded.'

Solve time:
_solve_time = 299.662

Objective:
torque = 5.15778

cnh1 = -0.0648976

cnh2 = -0.807468

cnh3 = 0.295497

snh1 = -1.01232

snh2 = 0.556018

snh3 = -0.900472

Hx = -0.0831235

Hy = 0.0316377

Hz = 0.0461134

cnf11 = 0.661604

cnf21 = 0.729047

cnf31 = 0.570344

cnf12 = 0.661681

cnf22 = 0.420352

cnf32 = 0.413646

cnt1 = 0.630284

cnt2 = 0.498723

snf11 = 0.73351

snf21 = 0.625627

snf31 = 0.814187

snf12 = 0.733556

snf22 = 0.958355

snf32 = 0.929102

snt1 = 0.823635

snt2 = 0.875554

p :=
1 1   -0.0241448
1 2    0.0149256
1 3   -0.0640142
2 1    0.027394
2 2    0.0216029
2 3    0.0449339
3 1    0.00840046
3 2   -0.0323354
3 3    0.0564833
;

mf :=
1 1    0.113863
1 2   -0.15294
1 3    0.878356
2 1   -0.864259
2 2   -0.546568
2 3    0.0407189
;

mt [*] :=
1  -0.316094
2   0.878381
3  -0.43827
;

phi :=
1 1   0.0575324
1 2   0.0277596
1 3   0.0760638
2 1   0
2 2   0
2 3   0.019103
3 1   0.0572387
3 2   0.027521
3 3   0.0757973
4 1   0.265503
4 2   0.20669
4 3   0.233664
;

l [*,1,*]
:       1           2          3        :=
1    0.1141     -0.1534     0.878271
2   -0.195127    0.42336    0.98609
3    0.113116   -0.151564   0.878615
4    0.422834   -0.72924    0.770624

 [*,2,*]
:       1           2           3         :=
1   -0.864143   -0.546769    0.0402562
2   -1.02879    -0.274724    0.638134
3   -0.864667   -0.545903    0.0421591
4   -0.699756   -0.818381   -0.556668

 [*,3,*]
:       1          2           3        :=
1   -0.315615   0.87862    -0.438157
2   -0.926328   0.576318   -0.573935
3   -0.317559   0.877658   -0.438589
4    0.294123   1.18044    -0.302595
;

W[i,j,k] :=
1 1 1    0.114101
1 1 2   -0.1534
1 1 3    0.878272
2 1 1   -0.195126
2 1 2    0.42336
2 1 3    0.986092
3 1 1    0.113117
3 1 2   -0.151565
3 1 3    0.878616
4 1 1    0.422836
4 1 2   -0.729241
4 1 3    0.770624
;

W[i,j,k] :=
1 1 4    0.00330098
1 1 5    0.0139013
1 1 6    0.00199779
2 1 4    0.0418175
2 1 5    0.0363072
2 1 6   -0.00731639
3 1 4    0.00342357
3 1 5    0.0139726
3 1 6    0.00196814
4 1 4   -0.0351539
4 1 5   -0.0084689
4 1 6    0.0112971
;

W[i,j,k] :=
1 2 1   -0.864143
1 2 2   -0.546769
1 2 3    0.040256
2 2 1   -1.02879
2 2 2   -0.274724
2 2 3    0.638135
3 2 1   -0.864667
3 2 2   -0.545903
3 2 3    0.0421589
4 2 1   -0.699756
4 2 2   -0.81838
4 2 3   -0.55667
;

W[i,j,k] :=
1 2 4    0.0254173
1 2 5   -0.0399602
1 2 6    0.00373
2 2 4    0.0261174
2 2 5   -0.0636938
2 2 6    0.0147261
3 2 4    0.0254195
3 2 5   -0.0400357
3 2 6    0.003765
4 2 4    0.0247185
4 2 5   -0.0162644
4 2 6   -0.00724863
;

W[i,j,k] :=
1 3 1   -0.315615
1 3 2    0.87862
1 3 3   -0.438157
2 3 1   -0.926328
2 3 2    0.576319
2 3 3   -0.573936
3 3 1   -0.317559
3 3 2    0.877658
3 3 3   -0.438589
4 3 1    0.294124
4 3 2    1.18044
4 3 3   -0.302595
;

W[i,j,k] :=
1 3 4   -0.0354709
1 3 5   -0.0141376
1 3 6   -0.00284071
2 3 4   -0.0140059
2 3 5   -0.0474956
2 3 6   -0.0251141
3 3 4   -0.0354026
3 3 5   -0.0142438
3 3 6   -0.0029116
4 3 4   -0.0569015
4 3 5    0.0191672
4 3 6    0.0193971
;

f11 = 2.61759

f12 = 13.9239

f13 = 1.1016

f21 = 2.63038

f22 = 5.45653

f23 = 0.0292131

f31 = 4.60058

f32 = 10.5229

f33 = -2.40551

