solve_message = ' \
Ipopt 3.9.1: Optimal Solution Found'

Solve time:
_solve_time = 129.902

Objective:
torque = 1.30166

cnh1 = 0.048549

cnh2 = -0.193573

cnh3 = 0.710835

snh1 = 0.936826

snh2 = 0.917894

snh3 = 0.612142

Hx = -0.0543883

Hy = -0.0391955

Hz = 0.0361652

cnf11 = 0.937858

cnf21 = 0.797663

cnf31 = 0.611339

cnf12 = 0.937858

cnf22 = 0.81236

cnf32 = 0.562566

cnt1 = 0.489968

cnt2 = 0.432679

snf11 = 0.0205725

snf21 = 0.493694

snf31 = 0.78093

snf12 = 0.0205725

snf22 = 0.678625

snf32 = 0.83769

snt1 = 0.939112

snt2 = 0.921904

p :=
1 1    0.0116556
1 2   -0.0251303
1 3   -0.0647363
2 1   -0.0106399
2 2    0.0190109
2 3   -0.0637626
3 1    0.0105766
3 2    0.0306111
3 3    0.06078
;

mf :=
1 1    0.0577868
1 2    0.227319
1 3    0.779758
2 1   -0.0441361
2 2    0.103589
2 3    0.932393
;

mt [*] :=
1  -0.403693
2  -0.535791
3  -0.69763
;

phi :=
1 1   0.0715319
1 2   0.0408348
1 3   0.0849436
2 1   0.0220055
2 2   0.00378495
2 3   0.0220546
3 1   0.0713105
3 2   0.0406749
3 3   0.0846408
4 1   0.188442
4 2   0.118834
4 3   0.280881
;

l [*,1,*]
:       1           2          3        :=
1    0.0582484   0.227318   0.779724
2   -0.521812    0.228864   0.822194
3    0.0564022   0.227323   0.779859
4    0.637384    0.225775   0.737322

 [*,2,*]
:       1            2          3        :=
1   -0.0436408   0.103631    0.93241
2   -0.666165    0.0507668   0.911236
3   -0.0456221   0.103462    0.932342
4    0.577891    0.15641     0.95355

 [*,3,*]
:       1           2            3        :=
1   -0.403743   -0.535416    -0.697963
2   -0.340915   -1.00645     -0.279304
3   -0.403543   -0.536916    -0.696631
4   -0.46647    -0.0651353   -1.11595
;

W[i,j,k] :=
1 1 1    0.0582484
1 1 2    0.227318
1 1 3    0.779724
2 1 1   -0.521812
2 1 2    0.228864
2 1 3    0.822194
3 1 1    0.0564022
3 1 2    0.227323
3 1 3    0.779859
4 1 1    0.637384
4 1 2    0.225775
4 1 3    0.737322
;

W[i,j,k] :=
1 1 4   -0.00487899
1 1 5   -0.0128589
1 1 6    0.00411333
2 1 4   -0.0058462
2 1 5    0.024197
2 1 6   -0.0104458
3 1 4   -0.00488206
3 1 5   -0.012741
3 1 6    0.004067
4 1 4   -0.00391332
4 1 5   -0.0498558
4 1 6    0.0186493
;

W[i,j,k] :=
1 2 1   -0.0436408
1 2 2    0.103631
1 2 3    0.93241
2 2 1   -0.666165
2 2 2    0.0507668
2 2 3    0.911236
3 2 1   -0.0456221
3 2 2    0.103462
3 2 3    0.932342
4 2 1    0.577891
4 2 2    0.15641
4 2 3    0.95355
;

W[i,j,k] :=
1 2 4    0.0243336
1 2 5    0.0127038
1 2 6   -0.000273058
2 2 4    0.0205604
2 2 5    0.0521721
2 2 6    0.0121245
3 2 4    0.0243216
3 2 5    0.0128294
3 2 6   -0.0002336
4 2 4    0.0281008
4 2 5   -0.0267016
4 2 6   -0.0126509
;

W[i,j,k] :=
1 3 1   -0.403743
1 3 2   -0.535416
1 3 3   -0.697963
2 3 1   -0.340915
2 3 2   -1.00645
2 3 3   -0.279304
3 3 1   -0.403543
3 3 2   -0.536916
3 3 3   -0.696631
4 3 1   -0.46647
4 3 2   -0.0651353
4 3 3   -1.11595
;

W[i,j,k] :=
1 3 4    0.0111772
1 3 5   -0.0171575
1 3 6    0.00669605
2 3 4    0.0526222
2 3 5   -0.0177668
2 3 6   -0.000208987
3 3 4    0.0113092
3 3 5   -0.0171594
3 3 6    0.00667408
4 3 4   -0.0302016
4 3 5   -0.0165491
4 3 6    0.0135901
;

f11 = 0.0544477

f12 = 0

f13 = -0.345739

f21 = 0.0645596

f22 = 0

f23 = 0.250005

f31 = 3.85221

f32 = 7.73587

f33 = -0.491332

