solve_message = ' \
Ipopt 3.9.1: Maximum Number of Iterations Exceeded.'

Solve time:
_solve_time = 403.387

Objective:
torque = 5.65195

cnh1 = -1.00477

cnh2 = 0.243721

cnh3 = -0.983858

snh1 = -0.315055

snh2 = -1.02799

snh3 = 0.109259

Hx = 0.0920447

Hy = 0.0214607

Hz = 0.0578207

cnf11 = 0.723209

cnf21 = 0.43959

cnf31 = 0.413067

cnf12 = 0.723776

cnf22 = 0.377849

cnf32 = 0.385646

cnt1 = 0.764141

cnt2 = 0.593924

snf11 = 0.698617

snf21 = 0.963087

snf31 = 0.933671

snf12 = 0.698318

snf22 = 0.988508

snf32 = 0.951532

snt1 = 0.550118

snt2 = 0.794297

p :=
1 1   -0.020092
1 2   -0.0266742
1 3    0.0557904
2 1   -0.030192
2 2    0.0145048
2 3    0.0546607
3 1    0.0253626
3 2    0.0107792
3 3   -0.0640961
;

mf :=
1 1    0.782521
1 2    0.758772
1 3   -0.415317
2 1    1.05513
2 2   -0.321765
2 3   -0.378572
;

mt [*] :=
1  -0.246089
2  -0.0749569
3   0.955415
;

phi :=
1 1   0.0224553
1 2   0.0427231
1 3   0.0677911
2 1   0
2 2   0
2 3   0.0105108
3 1   0.022214
3 2   0.0424891
3 3   0.0674951
4 1   0.238182
4 2   0.195011
4 3   0.342938
;

l [*,1,*]
:      1          2           3        :=
1   0.782551   0.758565   -0.415903
2   1.03389    0.905085    0.308973
3   0.783351   0.759031   -0.413596
4   0.531549   0.612243   -1.13967

 [*,2,*]
:      1           2           3        :=
1   1.05507    -0.32216    -0.378613
2   1.33803     0.410437   -0.335087
3   1.05597    -0.319829   -0.378474
4   0.772505   -1.05361    -0.422104

 [*,3,*]
:       1           2           3        :=
1   -0.246526   -0.0746079   0.955391
2    0.330181   -0.486681    1.06327
3   -0.244691   -0.0759194   0.955734
4   -0.822377    0.336776    0.847635
;

W[i,j,k] :=
1 1 1    0.782505
1 1 2    0.758552
1 1 3   -0.415983
2 1 1    1.03385
2 1 2    0.905146
2 1 3    0.308913
3 1 1    0.783305
3 1 2    0.759019
3 1 3   -0.413676
4 1 1    0.531423
4 1 2    0.61212
4 1 3   -1.13983
;

W[i,j,k] :=
1 1 4   -0.0312165
1 1 5    0.0353533
1 1 6    0.00553437
2 1 4   -0.0587416
2 1 5    0.0639026
2 1 6    0.00928729
3 1 4   -0.0313041
3 1 5    0.0354441
3 1 6    0.00554632
4 1 4   -0.00372516
4 1 5    0.00683362
4 1 6    0.00178281
;

W[i,j,k] :=
1 2 1    1.05504
1 2 2   -0.322192
1 2 3   -0.378651
2 2 1    1.33804
2 2 2    0.410414
2 2 3   -0.335098
3 2 1    1.05594
3 2 2   -0.31986
3 2 3   -0.378512
4 2 1    0.772391
4 2 2   -1.05367
4 2 3   -0.422206
;

W[i,j,k] :=
1 2 4    0.0121455
1 2 5    0.046249
1 2 6   -0.0056099
2 2 4   -0.026932
2 2 5    0.0628757
2 2 6   -0.0315083
3 2 4    0.0120211
3 2 5    0.0463019
3 2 6   -0.00569233
4 2 4    0.0511647
4 2 5    0.0296384
4 2 6    0.0202473
;

W[i,j,k] :=
1 3 1   -0.246639
1 3 2   -0.0746405
1 3 3    0.955324
2 3 1    0.330056
2 3 2   -0.486706
2 3 3    1.06326
3 3 1   -0.244803
3 3 2   -0.0759519
3 3 3    0.955668
4 3 1   -0.822543
4 3 2    0.336701
4 3 3    0.847456
;

W[i,j,k] :=
1 3 4    0.00560204
1 3 5   -0.00842749
1 3 6    0.000691551
2 3 4   -0.0196575
2 3 5   -0.04811
2 3 6   -0.0158439
3 3 4    0.00552165
3 3 5   -0.00855379
3 3 6    0.000638923
4 3 4    0.0308232
4 3 5    0.031187
4 3 6    0.0171997
;

f11 = 6.71316

f12 = 15

f13 = 4.78004

f21 = 0.375501

f22 = 0.466339

f23 = 0.398002

f31 = 2.89134

f32 = 15

f33 = -5.84494

