solve_message = ' \
Ipopt 3.9.1: Optimal Solution Found'

Solve time:
_solve_time = 141.384

Objective:
torque = 3.53071

cnh1 = -0.805929

cnh2 = -0.927152

cnh3 = 0.384913

snh1 = 0.480082

snh2 = 0.142793

snh3 = -0.855478

Hx = 0.0415556

Hy = 0.0546375

Hz = 0.0414405

cnf11 = 0.0318427

cnf21 = 0.595102

cnf31 = 0.528737

cnf12 = 0.0318427

cnf22 = 0.402143

cnf32 = 0.467256

cnt1 = 0.451971

cnt2 = 0.416715

snf11 = 0.937543

snf21 = 0.725158

snf31 = 0.835574

snf12 = 0.937543

snf22 = 0.847552

snf32 = 0.865846

snt1 = 0.957978

snt2 = 0.932071

p :=
1 1    0.00831213
1 2    0.0249871
1 3   -0.0651556
2 1   -0.00579936
2 2   -0.0324158
2 3    0.0597223
3 1   -0.0344246
3 2    0.00119134
3 3    0.00906155
;

mf :=
1 1    0.0402842
1 2   -0.0989384
1 3    0.762833
2 1    0.290939
2 2    0.629912
2 3   -0.355197
;

mt [*] :=
1  0.933645
2  0.101972
3  0.134281
;

phi :=
1 1   0.0508817
1 2   0.0619033
1 3   0.000970019
2 1   0
2 2   0
2 3   0
3 1   0.0505492
3 2   0.0615589
3 3   0.000873399
4 1   0.391018
4 2   0.388593
4 3   0.0443496
;

l [*,1,*]
:       1            2           3        :=
1    0.0398347   -0.0990386   0.762838
2    0.604788     0.0268055   0.756708
3    0.0416328   -0.098638    0.762819
4   -0.524217    -0.224682    0.768958

 [*,2,*]
:      1          2           3        :=
1   0.291096   0.629632   -0.355527
2   0.092996   0.981158    0.05891
3   0.290466   0.630751   -0.354208
4   0.488881   0.278667   -0.769302

 [*,3,*]
:      1           2           3         :=
1   0.933671    0.101483    0.13444
2   0.90024     0.715217   -0.0655919
3   0.933565    0.103437    0.133804
4   0.967049   -0.511272    0.334153
;

W[i,j,k] :=
1 1 1    0.0398347
1 1 2   -0.0990386
1 1 3    0.762838
2 1 1    0.604788
2 1 2    0.0268055
2 1 3    0.756708
3 1 1    0.0416328
3 1 2   -0.098638
3 1 3    0.762819
4 1 1   -0.524217
4 1 2   -0.224682
4 1 3    0.768958
;

W[i,j,k] :=
1 1 4    0.0126082
1 1 5   -0.00893627
1 1 6   -0.00181857
2 1 4    0.0206544
2 1 5   -0.0456952
2 1 6   -0.0148891
3 1 4    0.0126338
3 1 5   -0.00905326
3 1 6   -0.00186017
4 1 4    0.00457471
4 1 5    0.027764
4 1 6    0.0112311
;

W[i,j,k] :=
1 2 1    0.291096
1 2 2    0.629632
1 2 3   -0.355527
2 2 1    0.092996
2 2 2    0.981158
2 2 3    0.05891
3 2 1    0.290466
3 2 2    0.630751
3 2 3   -0.354208
4 2 1    0.488881
4 2 2    0.278667
4 2 3   -0.769302
;

W[i,j,k] :=
1 2 4   -0.0260784
1 2 5    0.0153231
1 2 6    0.00578463
2 2 4   -0.0605066
2 2 5    0.00589556
2 2 6   -0.00267556
3 2 4   -0.026188
3 2 5    0.0152931
3 2 6    0.00575771
4 2 4    0.00829487
4 2 5    0.0247356
4 2 6    0.0142313
;

W[i,j,k] :=
1 3 1    0.933671
1 3 2    0.101483
1 3 3    0.13444
2 3 1    0.90024
2 3 2    0.715217
2 3 3   -0.0655919
3 3 1    0.933565
3 3 2    0.103437
3 3 3    0.133804
4 3 1    0.967049
4 3 2   -0.511272
4 3 3    0.334153
;

W[i,j,k] :=
1 3 4   -0.000759429
1 3 5    0.0130886
1 3 6   -0.00460583
2 3 4   -0.00655912
2 3 5    0.00589961
2 3 6   -0.0256935
3 3 4   -0.000777888
3 3 5    0.0130657
3 3 6   -0.00467295
4 3 4    0.00503101
4 3 5    0.020266
4 3 6    0.0164482
;

f11 = 4.92771

f12 = 9.83815

f13 = 0.187024

f21 = 5.19014

f22 = 10.4468

f23 = 0.682827

f31 = 0.286671

f32 = 0

f33 = -0.200797

