solve_message = ' \
Ipopt 3.9.1: Converged to a locally infeasible point. Problem may be infeasible.'

Solve time:
_solve_time = 344.154

Objective:
torque = 7.14295

cnh1 = -0.376448

cnh2 = -0.740992

cnh3 = -0.153874

snh1 = 0.859236

snh2 = 0.575266

snh3 = 0.925377

Hx = -0.0691088

Hy = -0.0271963

Hz = 0.0147103

cnf11 = 0.351241

cnf21 = 0.451809

cnf31 = 0.416644

cnf12 = 0.351241

cnf22 = 0.696923

cnf32 = 0.566789

cnt1 = 0.500622

cnt2 = 0.470559

snf11 = 0.869845

snf21 = 0.958054

snf31 = 0.932117

snf12 = 0.869845

snf22 = 0.627932

snf32 = 0.812286

snt1 = 0.863613

snt2 = 0.881934

p :=
1 1    0.0260022
1 2   -0.0209318
1 3    0.0586179
2 1    0.00749175
2 2    0.0301254
2 3   -0.0625887
3 1    0.000493893
3 2    0.0327971
3 3    0.0555602
;

mf :=
1 1   -0.712886
1 2    0.359246
1 3   -0.403882
2 1   -0.130966
2 2   -0.238436
2 3    0.723109
;

mt [*] :=
1  -0.199308
2  -0.683094
3  -0.547749
;

phi :=
1 1   0.0690735
1 2   0.0330475
1 3   0.0130345
2 1   0.0113616
2 2   0.00243652
2 3   0
3 1   0.0687223
3 2   0.0329101
3 3   0.012844
4 1   0.227735
4 2   0.378098
4 3   0.201401
;

l [*,1,*]
:       1           2           3        :=
1   -0.712747    0.359671   -0.40366
2   -0.887903   -0.175609   -0.682286
3   -0.713304    0.357968   -0.404547
4   -0.53787     0.894098   -0.125478

 [*,2,*]
:       1           2           3        :=
1   -0.130558   -0.238638    0.723084
2   -0.643948    0.0163682   0.754384
3   -0.132192   -0.237827    0.723184
4    0.382013   -0.493238    0.691834

 [*,3,*]
:       1           2           3        :=
1   -0.198997   -0.682931   -0.548104
2   -0.589805   -0.888726   -0.101922
3   -0.200241   -0.683586   -0.546684
4    0.191187   -0.477464   -0.993574
;

W[i,j,k] :=
1 1 1   -0.712747
1 1 2    0.359671
1 1 3   -0.40366
2 1 1   -0.887903
2 1 2   -0.175609
2 1 3   -0.682286
3 1 1   -0.713304
3 1 2    0.357968
3 1 3   -0.404547
4 1 1   -0.53787
4 1 2    0.894098
4 1 3   -0.125478
;

W[i,j,k] :=
1 1 4   -0.0126338
1 1 5   -0.0312837
1 1 6   -0.00556685
2 1 4    0.0245754
2 1 5   -0.0343061
2 1 6   -0.0231517
3 1 4   -0.0125154
3 1 5   -0.0312933
3 1 6   -0.00562281
4 1 4   -0.0497837
4 1 5   -0.0282661
4 1 6    0.01199
;

W[i,j,k] :=
1 2 1   -0.130558
1 2 2   -0.238638
1 2 3    0.723084
2 2 1   -0.643948
2 2 2    0.0163682
2 2 3    0.754384
3 2 1   -0.132192
3 2 2   -0.237827
3 2 3    0.723184
4 2 1    0.382013
4 2 2   -0.493238
4 2 3    0.691834
;

W[i,j,k] :=
1 2 4    0.00684714
1 2 5    0.00275429
1 2 6    0.00214529
2 2 4    0.0237506
2 2 5    0.0346522
2 2 6    0.0195218
3 2 4    0.00690094
3 2 5    0.00285581
3 2 6    0.0022006
4 2 4   -0.0100294
4 2 5   -0.0290928
4 2 6   -0.0152035
;

W[i,j,k] :=
1 3 1   -0.198997
1 3 2   -0.682931
1 3 3   -0.548104
2 3 1   -0.589805
2 3 2   -0.888726
2 3 3   -0.101922
3 3 1   -0.200241
3 3 2   -0.683586
3 3 3   -0.546684
4 3 1    0.191187
4 3 2   -0.477464
4 3 3   -0.993574
;

W[i,j,k] :=
1 3 4    0.0199675
1 3 5   -0.0107856
1 3 6    0.00618925
2 3 4    0.046035
2 3 5   -0.0327194
2 3 6    0.018905
3 3 4    0.0200505
3 3 5   -0.0108554
3 3 6    0.00622972
4 3 4   -0.00605837
4 3 5    0.0111131
4 3 6   -0.00650621
;

f11 = 8.19924

f12 = 15

f13 = -0.977219

f21 = 4.95324

f22 = 15

f23 = 0.0983646

f31 = 4.22704

f32 = 8.67043

f33 = -1.02286

