solve_message = ' \
Ipopt 3.9.1: Converged to a locally infeasible point. Problem may be infeasible.'

Solve time:
_solve_time = 7.98725

Objective:
torque = 7.19711

cnh1 = 0.788701

cnh2 = 0.747163

cnh3 = -0.19731

snh1 = -0.507888

snh2 = -0.567228

snh3 = 0.917098

Hx = 0.0364193

Hy = 0.0656055

Hz = -0.0115288

cnf11 = 0.362496

cnf21 = 0.429035

cnf31 = 0.406493

cnf12 = 0.362496

cnf22 = 0.695071

cnf32 = 0.566047

cnt1 = 0.513515

cnt2 = 0.465491

snf11 = 0.865215

snf21 = 0.968467

snf31 = 0.938802

snf12 = 0.865215

snf22 = 0.629981

snf32 = 0.81277

snt1 = 0.87845

snt2 = 0.890092

p :=
1 1    0.0177924
1 2   -0.0268484
1 3   -0.0573188
2 1   -0.0305605
2 2   -0.00612185
2 3    0.0624557
3 1   -0.0325037
3 2    0.00436345
3 3   -0.0555797
;

mf :=
1 1   -0.244524
1 2    0.757647
1 3    0.41675
2 1    0.254946
2 2    0.132703
2 3   -0.718344
;

mt [*] :=
1  0.715254
2  0.0949014
3  0.571242
;

phi :=
1 1   0.0511095
1 2   0.078564
1 3   0.0139521
2 1   0
2 2   0.012543
2 3   0
3 1   0.0507209
3 2   0.0782414
3 3   0.0137078
4 1   0.239377
4 2   0.281511
4 3   0.246518
;

l [*,1,*]
:       1          2          3        :=
1   -0.244965   0.757582   0.416522
2    0.308973   0.838788   0.702765
3   -0.243202   0.757841   0.417433
4   -0.798019   0.676505   0.130736

 [*,2,*]
:       1           2           3        :=
1   0.255095     0.132272   -0.718339
2   0.0679106    0.673432   -0.724264
3   0.254499     0.133994   -0.718358
4   0.441981    -0.408025   -0.712424

 [*,3,*]
:      1           2           3        :=
1   0.715048    0.0945936   0.571587
2   0.974009    0.481413    0.138501
3   0.715872    0.0958248   0.570209
4   0.456499   -0.291609    1.00398
;

W[i,j,k] :=
1 1 1   -0.244965
1 1 2    0.757582
1 1 3    0.416522
2 1 1    0.308973
2 1 2    0.838788
2 1 3    0.702765
3 1 1   -0.243202
3 1 2    0.757841
3 1 3    0.417433
4 1 1   -0.798019
4 1 2    0.676505
4 1 3    0.130736
;

W[i,j,k] :=
1 1 4    0.0322408
1 1 5    0.00663019
1 1 6    0.00690228
2 1 4    0.0292102
2 1 5   -0.0302139
2 1 6    0.0232195
3 1 4    0.0322311
3 1 5    0.00651292
3 1 6    0.00695422
4 1 4    0.0352665
4 1 5    0.0434155
4 1 6   -0.00938891
;

W[i,j,k] :=
1 2 1    0.255095
1 2 2    0.132272
1 2 3   -0.718339
2 2 1    0.0679106
2 2 2    0.673432
2 2 3   -0.724264
3 2 1    0.254499
3 2 2    0.133994
3 2 3   -0.718358
4 2 1    0.441981
4 2 2   -0.408025
4 2 3   -0.712424
;

W[i,j,k] :=
1 2 4   -0.00386357
1 2 5   -0.00602065
1 2 6   -0.00248064
2 2 4   -0.0376258
2 2 5   -0.0178925
2 2 6   -0.0201647
3 2 4   -0.00397103
3 2 5   -0.00605843
3 2 6   -0.00253692
4 2 4    0.0298448
4 2 5    0.00583222
4 2 6    0.0151752
;

W[i,j,k] :=
1 3 1    0.715048
1 3 2    0.0945936
1 3 3    0.571587
2 3 1    0.974009
2 3 2    0.481413
2 3 3    0.138501
3 3 1    0.715872
3 3 2    0.0958248
3 3 3    0.570209
4 3 1    0.456499
4 3 2   -0.291609
4 3 3    1.00398
;

W[i,j,k] :=
1 3 4    0.00775158
1 3 5   -0.0211634
1 3 6   -0.00619472
2 3 4    0.0273612
2 3 5   -0.0496334
2 3 6   -0.0198978
3 3 4    0.00781399
3 3 5   -0.021254
3 3 6   -0.00623834
4 3 4   -0.0118267
4 3 5    0.00726112
4 3 6    0.00748647
;

f11 = 8.14645

f12 = 15

f13 = -1.34829

f21 = 5.26582

f22 = 15

f23 = 0.0585072

f31 = 4.71508

f32 = 9.4167

f33 = 0.237806

