solve_message = ' \
Ipopt 3.9.1: Maximum Number of Iterations Exceeded.'

Solve time:
_solve_time = 77.5481

Objective:
torque = 4.88984

cnh1 = 0.324504

cnh2 = -0.796173

cnh3 = 0.120263

snh1 = -0.904269

snh2 = -0.524791

snh3 = 0.98315

Hx = 0.076601

Hy = 0.0207654

Hz = -0.0229064

cnf11 = 0.857807

cnf21 = 0.742545

cnf31 = 0.580074

cnf12 = 0.857893

cnf22 = 0.409916

cnf32 = 0.404823

cnt1 = 0.538594

cnt2 = 0.474822

snf11 = 0.463917

snf21 = 0.595106

snf31 = 0.805841

snf12 = 0.464

snf22 = 0.968683

snf32 = 0.936781

snt1 = 0.863756

snt2 = 0.884649

p :=
1 1   -0.0223519
1 2    0.0210635
1 3    0.061823
2 1   -0.0280654
2 2    0.0199896
2 3   -0.0493942
3 1   -0.00448902
3 2   -0.0332907
3 3   -0.0564662
;

mf :=
1 1    0.227296
1 2   -0.348371
1 3   -0.761669
2 1    0.867753
2 2   -0.468838
2 3    0.00379262
;

mt [*] :=
1  0.233719
2  0.771351
3  0.51429
;

phi :=
1 1   0.0529976
1 2   0.0110938
1 3   0.0985338
2 1   0
2 2   0
2 3   0.035967
3 1   0.05269
3 2   0.0109118
3 3   0.0982463
4 1   0.311807
4 2   0.125447
4 3   0.258868
;

l [*,1,*]
:       1           2           3        :=
1    0.227015   -0.348802   -0.761547
2    0.566613    0.167274   -0.910066
3    0.228096   -0.34716    -0.762019
4   -0.11204    -0.864055   -0.613265

 [*,2,*]
:      1            2             3         :=
1   0.867556   -0.469162      0.00404655
2   1.16302    -0.00119364   -0.384445
3   0.868496   -0.467673      0.00281007
4   0.572565   -0.936384      0.391918

 [*,3,*]
:       1          2          3        :=
1    0.233362   0.771608   0.514047
2    0.731852   0.45236    0.814049
3    0.234948   0.770592   0.515002
4   -0.264333   1.09035    0.214523
;

W[i,j,k] :=
1 1 1    0.227013
1 1 2   -0.348803
1 1 3   -0.761547
2 1 1    0.56661
2 1 2    0.167273
2 1 3   -0.910067
3 1 1    0.228094
3 1 2   -0.34716
3 1 3   -0.76202
4 1 1   -0.112044
4 1 2   -0.864055
4 1 3   -0.613264
;

W[i,j,k] :=
1 1 4    0.00554459
1 1 5   -0.00299623
1 1 6    0.0029789
2 1 4   -0.0294787
2 1 5    0.0146583
2 1 6   -0.0156826
3 1 4    0.00543312
3 1 5   -0.00294004
3 1 6    0.0029195
4 1 4    0.0405118
4 1 5   -0.0206228
4 1 6    0.0216105
;

W[i,j,k] :=
1 2 1    0.867556
1 2 2   -0.469161
1 2 3    0.0040451
2 2 1    1.16302
2 2 2   -0.00119283
2 2 3   -0.384447
3 2 1    0.868496
3 2 2   -0.467672
3 2 3    0.00280862
4 2 1    0.572566
4 2 2   -0.936383
4 2 3    0.391917
;

W[i,j,k] :=
1 2 4   -0.0230552
1 2 5   -0.0426569
1 2 6   -0.00417704
2 2 4   -0.00760048
2 2 5   -0.0681357
2 2 6   -0.0232
3 2 4   -0.023006
3 2 5   -0.042738
3 2 6   -0.00423759
4 2 4   -0.0384853
4 2 5   -0.0172187
4 2 6    0.0148155
;

W[i,j,k] :=
1 3 1    0.233361
1 3 2    0.771608
1 3 3    0.514046
2 3 1    0.731852
2 3 2    0.45236
2 3 3    0.814048
3 3 1    0.234948
3 3 2    0.770592
3 3 3    0.515001
4 3 1   -0.264335
4 3 2    1.09035
4 3 3    0.214523
;

W[i,j,k] :=
1 3 4    0.0265182
1 3 5   -0.0109186
1 3 6    0.0044069
2 3 4   -0.00149838
2 3 5   -0.0377473
2 3 6    0.0224188
3 3 4    0.026429
3 3 5   -0.011004
3 3 6    0.00446423
4 3 4    0.0544899
4 3 5    0.0158673
4 3 6   -0.0135763
;

f11 = 2.4849

f12 = 13.8494

f13 = 0.264958

f21 = 2.31699

f22 = 2.738

f23 = 1.09643

f31 = 5.10019

f32 = 12.2768

f33 = -3.28376

