solve_message = ' \
Ipopt 3.9.1: Converged to a locally infeasible point. Problem may be infeasible.'

Solve time:
_solve_time = 10.1089

Objective:
torque = 7.21393

cnh1 = 0.93245

cnh2 = 0.938053

cnh3 = 0.832327

snh1 = 0.102651

snh2 = 0.0075005

snh3 = 0.432702

Hx = -0.0380433

Hy = 0.0424436

Hz = -0.0248902

cnf11 = 0.932738

cnf21 = 0.457199

cnf31 = 0.483662

cnf12 = 0.932738

cnf22 = 0.667955

cnf32 = 0.555427

cnt1 = 0.543874

cnt2 = 0.454247

snf11 = 0

snf21 = 0.819127

snf31 = 0.858767

snf12 = 0

snf22 = 0.658662

snf32 = 0.819577

snt1 = 0.908956

snt2 = 0.908487

p :=
1 1   -0.0280358
1 2    0.0144726
1 3    0.0587256
2 1    0.0330218
2 2    0.00486683
2 3    0.0530136
3 1   -0.0324921
3 2   -0.00581351
3 3    0.0595489
;

mf :=
1 1   -0.661282
1 2    0.0621967
1 3   -0.40307
2 1   -0.761111
2 2    0.056892
2 3   -0.0883533
;

mt [*] :=
1   0.764262
2   0.320463
3  -0.458649
;

phi :=
1 1   0.0207069
1 2   0.070014
1 3   0.0641174
2 1   0
2 2   0.00262277
2 3   0
3 1   0.0205551
3 2   0.069668
3 3   0.0637685
4 1   0.0954804
4 2   0.300844
4 3   0.329089
;

l [*,1,*]
:       1           2            3        :=
1   -0.661356    0.0617535   -0.402982
2   -0.568506    0.61875     -0.513233
3   -0.661061    0.0635263   -0.403333
4   -0.754058   -0.494354    -0.292907

 [*,2,*]
:       1           2            3         :=
1   -0.761152    0.0564525   -0.0882166
2   -0.709188    0.608788    -0.259976
3   -0.760987    0.0582104   -0.0887633
4   -0.813033   -0.495002     0.0832689

 [*,3,*]
:      1           2           3         :=
1   0.764449   0.320649    -0.458208
2   0.529585   0.0870654   -1.0135
3   0.763701   0.319906    -0.459975
4   0.998937   0.553861     0.0962015
;

W[i,j,k] :=
1 1 1   -0.661356
1 1 2    0.0617535
1 1 3   -0.402982
2 1 1   -0.568506
2 1 2    0.61875
2 1 3   -0.513233
3 1 1   -0.661061
3 1 2    0.0635263
3 1 3   -0.403333
4 1 1   -0.754058
4 1 2   -0.494354
4 1 3   -0.292907
;

W[i,j,k] :=
1 1 4   -0.00945871
1 1 5   -0.0501365
1 1 6    0.00784023
2 1 4   -0.0437642
2 1 5   -0.0477748
2 1 6   -0.00911941
3 1 4   -0.0095679
3 1 5   -0.050129
3 1 6    0.00778625
4 1 4    0.0247921
4 1 5   -0.0524944
4 1 6    0.0247728
;

W[i,j,k] :=
1 2 1   -0.761152
1 2 2    0.0564525
1 2 3   -0.0882166
2 2 1   -0.709188
2 2 2    0.608788
2 2 3   -0.259976
3 2 1   -0.760987
3 2 2    0.0582104
3 2 3   -0.0887633
4 2 1   -0.813033
4 2 2   -0.495002
4 2 3    0.0832689
;

W[i,j,k] :=
1 2 4   -0.00342208
1 2 5   -0.0374383
1 2 6    0.00556856
2 2 4   -0.0335393
2 2 5   -0.0290118
2 2 6    0.0235548
3 2 4   -0.00351794
3 2 5   -0.0374115
3 2 6    0.0056258
4 2 4    0.0266471
4 2 5   -0.0458515
4 2 6   -0.012389
;

W[i,j,k] :=
1 3 1    0.764449
1 3 2    0.320649
1 3 3   -0.458208
2 3 1    0.529585
2 3 2    0.0870654
2 3 3   -1.0135
3 3 1    0.763701
3 3 2    0.319906
3 3 3   -0.459975
4 3 1    0.998937
4 3 2    0.553861
4 3 3    0.0962015
;

W[i,j,k] :=
1 3 4   -0.0164305
1 3 5    0.0306339
1 3 6   -0.00597444
2 3 4    0.000707365
2 3 5   -0.00139461
2 3 6    0.000249814
3 3 4   -0.016376
3 3 5    0.030532
3 3 6   -0.00595463
4 3 4   -0.033541
4 3 5    0.0626113
4 3 6   -0.0121888
;

f11 = 8.2112

f12 = 15

f13 = -0.870996

f21 = 3.86941

f22 = 7.90289

f23 = -0.872682

f31 = 8.2435

f32 = 15

f33 = -0.476594

