solve_message = ' \
Ipopt 3.9.1: Converged to a locally infeasible point. Problem may be infeasible.'

Solve time:
_solve_time = 9.71886

Objective:
torque = 5.53499

cnh1 = -0.00722005

cnh2 = -0.906116

cnh3 = 0.348813

snh1 = -0.938055

snh2 = 0.242803

snh3 = -0.870821

Hx = -0.062093

Hy = 0.010166

Hz = 0.02297

cnf11 = 0.819223

cnf21 = 0.501081

cnf31 = 0.497351

cnf12 = 0.819223

cnf22 = 0.279707

cnf32 = 0.362229

cnt1 = 0.490921

cnt2 = 0.494131

snf11 = 0.457028

snf21 = 0.793044

snf31 = 0.85227

snf12 = 0.457028

snf22 = 0.994208

snf32 = 0.956758

snt1 = 0.799372

snt2 = 0.853843

p :=
1 1   -0.00100381
1 2    0.0316132
1 3   -0.0585802
2 1    0.0276562
2 2    0.0205329
2 3    0.0150107
3 1    0.0150624
3 2   -0.0321541
3 3    0.00639968
;

mf :=
1 1   -0.229264
1 2   -0.461918
1 3    0.594501
2 1   -0.79142
2 2   -0.420431
2 3    0.167108
;

mt [*] :=
1  -0.353798
2   0.729749
3  -0.0586261
;

phi :=
1 1   0.0139786
1 2   0
1 3   0.0789373
2 1   0
2 2   0
2 3   0.0123193
3 1   0.0137125
3 2   0
3 3   0.0786082
4 1   0.391409
4 2   0.154915
4 3   0.363054
;

l [*,1,*]
:        1             2           3        :=
1   -0.229081      -0.462268    0.59428
2   -0.459297      -0.0227998   0.872678
3   -0.229814      -0.460869    0.595166
4    0.000767567   -0.901035    0.316326

 [*,2,*]
:       1           2           3        :=
1   -0.791375   -0.420628    0.166673
2   -0.848344   -0.173609    0.713726
3   -0.791556   -0.419841    0.168414
4   -0.734497   -0.667252   -0.379508

 [*,3,*]
:       1          2           3         :=
1   -0.353401   0.729948   -0.0584569
2   -0.85189    0.479759   -0.271082
3   -0.354988   0.729152   -0.0591337
4    0.144293   0.979738    0.153829
;

W[i,j,k] :=
1 1 1   -0.229081
1 1 2   -0.462268
1 1 3    0.59428
2 1 1   -0.459297
2 1 2   -0.0227998
2 1 3    0.872678
3 1 1   -0.229814
3 1 2   -0.460869
3 1 3    0.595166
4 1 1    0.000767567
4 1 2   -0.901035
4 1 3    0.316326
;

W[i,j,k] :=
1 1 4   -0.00829269
1 1 5    0.0140162
1 1 6    0.007706
2 1 4    0.0262525
2 1 5    0.0277817
2 1 6    0.0145427
3 1 4   -0.00818274
3 1 5    0.01406
3 1 6    0.00772776
4 1 4   -0.0427828
4 1 5    0.000272565
4 1 6    0.000880198
;

W[i,j,k] :=
1 2 1   -0.791375
1 2 2   -0.420628
1 2 3    0.166673
2 2 1   -0.848344
2 2 2   -0.173609
2 2 3    0.713726
3 2 1   -0.791556
3 2 2   -0.419841
3 2 3    0.168414
4 2 1   -0.734497
4 2 2   -0.667252
4 2 3   -0.379508
;

W[i,j,k] :=
1 2 4    0.00973619
1 2 5   -0.0164886
1 2 6    0.00461628
2 2 4    0.0172609
2 2 5   -0.0324732
2 2 6    0.0126176
3 2 4    0.00976014
3 2 5   -0.0165395
3 2 6    0.00464174
4 2 4    0.00222352
4 2 5   -0.000529563
4 2 6   -0.0033723
;

W[i,j,k] :=
1 3 1   -0.353401
1 3 2    0.729948
1 3 3   -0.0584569
2 3 1   -0.85189
2 3 2    0.479759
2 3 3   -0.271082
3 3 1   -0.354988
3 3 2    0.729152
3 3 3   -0.0591337
4 3 1    0.144293
4 3 2    0.979738
4 3 3    0.153829
;

W[i,j,k] :=
1 3 4   -0.0027918
1 3 5   -0.00138115
1 3 6   -0.000368509
2 3 4    0.00564611
2 3 5   -0.00136867
2 3 6   -0.0201655
3 3 4   -0.00276495
3 3 5   -0.00138111
3 3 6   -0.000431519
4 3 4   -0.0112162
4 3 5   -0.00139361
4 3 6    0.0193969
;

f11 = 8.21518

f12 = 15

f13 = 0.832702

f21 = 1.17098

f22 = 2.3457

f23 = 0.352681

f31 = 5.76158

f32 = 12.8653

f33 = -2.88151

