solve_message = ' \
Ipopt 3.9.1: Converged to a locally infeasible point. Problem may be infeasible.'

Solve time:
_solve_time = 13.8373

Objective:
torque = 4.99277

cnh1 = -0.628986

cnh2 = 0.710735

cnh3 = -0.727772

snh1 = -0.695972

snh2 = -0.612254

snh3 = 0.591902

Hx = 0.0596418

Hy = -0.0258033

Hz = 0.0810347

cnf11 = 0.932738

cnf21 = 0.50524

cnf31 = 0.498678

cnf12 = 0.932738

cnf22 = 0.396493

cnf32 = 0.390536

cnt1 = 0.389143

cnt2 = 0.463525

snf11 = 0

snf21 = 0.7904

snf31 = 0.851613

snf12 = 0

snf22 = 0.982239

snf32 = 0.949893

snt1 = 0.853562

snt2 = 0.867321

p :=
1 1   -0.024702
1 2   -0.0210871
1 3    0.056592
2 1   -0.0305131
2 2   -0.017263
2 3    0.0492531
3 1    0.0134107
3 2   -0.028482
3 3    0.0588511
;

mf :=
1 1    0.658263
1 2    0.295651
1 3   -0.287641
2 1    0.83448
2 2    0.356335
2 3    0.000352541
;

mt [*] :=
1   0.0598402
2  -0.397478
3   0.738508
;

phi :=
1 1   0.0603682
1 2   0
1 3   0.0202404
2 1   0
2 2   0
2 3   0
3 1   0.0600122
3 2   0
3 3   0.0199265
4 1   0.405402
4 2   0.046294
4 3   0.479798
;

l [*,1,*]
:      1           2           3        :=
1   0.658196   0.295453    -0.288045
2   0.742364   0.543652     0.220275
3   0.658464   0.296243    -0.286427
4   0.574161   0.0476502   -0.795554

 [*,2,*]
:      1          2            3          :=
1   0.834512   0.356275   -0.000148549
2   0.79393    0.431933    0.629603
3   0.834383   0.356516    0.00185581
4   0.87503    0.280738   -0.628896

 [*,3,*]
:       1            2          3        :=
1    0.0594275   -0.397288   0.738661
2    0.578031    -0.636775   0.546369
3    0.0610781   -0.39805    0.738049
4   -0.458349    -0.158182   0.930647
;

W[i,j,k] :=
1 1 1    0.658196
1 1 2    0.295453
1 1 3   -0.288045
2 1 1    0.742364
2 1 2    0.543652
2 1 3    0.220275
3 1 1    0.658464
3 1 2    0.296243
3 1 3   -0.286427
4 1 1    0.574161
4 1 2    0.0476502
4 1 3   -0.795554
;

W[i,j,k] :=
1 1 4   -0.0106462
1 1 5    0.0301333
1 1 6    0.00658118
2 1 4   -0.0354113
2 1 5    0.0474531
2 1 6    0.00222503
3 1 4   -0.010725
3 1 5    0.0301884
3 1 6    0.00656731
4 1 4    0.0140794
4 1 5    0.0128411
4 1 6    0.0109304
;

W[i,j,k] :=
1 2 1    0.834512
1 2 2    0.356275
1 2 3   -0.000148549
2 2 1    0.79393
2 2 2    0.431933
2 2 3    0.629603
3 2 1    0.834383
3 2 2    0.356516
3 2 3    0.00185581
4 2 1    0.87503
4 2 2    0.280738
4 2 3   -0.628896
;

W[i,j,k] :=
1 2 4   -0.0175451
1 2 5    0.0410978
1 2 6    0.00353515
2 2 4   -0.0321429
2 2 5    0.0583146
2 2 6    0.000526019
3 2 4   -0.0175915
3 2 5    0.0411526
3 2 6    0.00352557
4 2 4   -0.00297057
4 2 5    0.0239084
4 2 6    0.00653947
;

W[i,j,k] :=
1 3 1    0.0594275
1 3 2   -0.397288
1 3 3    0.738661
2 3 1    0.578031
2 3 2   -0.636775
2 3 3    0.546369
3 3 1    0.0610781
3 3 2   -0.39805
3 3 3    0.738049
4 3 1   -0.458349
4 3 2   -0.158182
4 3 3    0.930647
;

W[i,j,k] :=
1 3 4    0.00234231
1 3 5   -0.0064086
1 3 6   -0.0036353
2 3 4    0.0219133
2 3 5    0.0266906
2 3 6    0.00792386
3 3 4    0.0024046
3 3 5   -0.00630326
3 3 6   -0.00359851
4 3 4   -0.0171974
4 3 5   -0.039455
4 3 6   -0.015176
;

f11 = 7.79215

f12 = 15

f13 = -2.7322

f21 = 0.343629

f22 = 0

f23 = -0.0664779

f31 = 6.58274

f32 = 13.2066

f33 = -0.625576

