solve_message = ' \
Ipopt 3.9.1: Converged to a locally infeasible point. Problem may be infeasible.'

Solve time:
_solve_time = 113.803

Objective:
torque = 5.44084

cnh1 = -0.80191

cnh2 = -0.0146301

cnh3 = -0.93726

snh1 = 0.486765

snh2 = 0.937969

snh3 = 0.0392969

Hx = -0.0835923

Hy = 0.0338293

Hz = -0.0500796

cnf11 = 0.0507938

cnf21 = 0.476258

cnf31 = 0.427021

cnf12 = 0.0507938

cnf22 = 0.570193

cnf32 = 0.50376

cnt1 = -0.0800879

cnt2 = 0.371367

snf11 = 0.936707

snf21 = 0.946139

snf31 = 0.925472

snf12 = 0.936707

snf22 = 0.793789

snf32 = 0.858564

snt1 = 0.934658

snt2 = 0.861444

p :=
1 1    0.00113219
1 2   -0.0349316
1 3   -0.05053
2 1    0.0242037
2 2    0.0250329
2 3   -0.0517854
3 1   -0.0315649
3 2    0.00534268
3 3   -0.0577833
;

mf :=
1 1   -0.149656
1 2    0.875744
1 3    0.030575
2 1   -0.641498
2 2   -0.48451
2 3    0.0374475
;

mt [*] :=
1  -0.60129
2   0.328983
3  -0.272307
;

phi :=
1 1   0.0352199
1 2   0.0419929
1 3   0
2 1   0
2 2   0
2 3   0
3 1   0.0348894
3 2   0.0416251
3 3   0
4 1   0.440329
4 2   0.475087
4 3   0.0255377
;

l [*,1,*]
:       1          2           3         :=
1   -0.149318   0.87579     0.0309421
2   -0.573317   0.816981   -0.430365
3   -0.150668   0.875603    0.0294739
4    0.274004   0.934506    0.491513

 [*,2,*]
:       1           2           3         :=
1   -0.641309   -0.484782    0.0371101
2   -0.879269   -0.143308    0.461137
3   -0.642066   -0.483695    0.0384597
4   -0.403728   -0.82571    -0.38624

 [*,3,*]
:       1           2            3        :=
1   -0.601036   0.329243     -0.272618
2   -0.920211   0.00230959    0.117627
3   -0.602052   0.328203     -0.271376
4   -0.282371   0.655656     -0.66224
;

W[i,j,k] :=
1 1 1   -0.149318
1 1 2    0.87579
1 1 3    0.0309421
2 1 1   -0.573317
2 1 2    0.816981
2 1 3   -0.430365
3 1 1   -0.150668
3 1 2    0.875603
3 1 3    0.0294739
4 1 1    0.274004
4 1 2    0.934506
4 1 3    0.491513
;

W[i,j,k] :=
1 1 4    0.0431728
1 1 5    0.00751002
1 1 6   -0.00422437
2 1 4    0.0563154
2 1 5    0.0294569
2 1 6   -0.0191019
3 1 4    0.0432146
3 1 5    0.00757987
3 1 6   -0.00427172
4 1 4    0.0300512
4 1 5   -0.0144019
4 1 6    0.0106294
;

W[i,j,k] :=
1 2 1   -0.641309
1 2 2   -0.484782
1 2 3    0.0371101
2 2 1   -0.879269
2 2 2   -0.143308
2 2 3    0.461137
3 2 1   -0.642066
3 2 2   -0.483695
3 2 3    0.0384597
4 2 1   -0.403728
4 2 2   -0.82571
4 2 3   -0.38624
;

W[i,j,k] :=
1 2 4   -0.0241756
1 2 5    0.0323122
1 2 6    0.00432032
2 2 4    0.00412232
2 2 5    0.034372
2 2 6    0.0185421
3 2 4   -0.0240856
3 2 5    0.0323188
3 2 6    0.00436558
4 2 4   -0.0524284
4 2 5    0.0302557
4 2 6   -0.00987873
;

W[i,j,k] :=
1 3 1   -0.601036
1 3 2    0.329243
1 3 3   -0.272618
2 3 1   -0.920211
2 3 2    0.00230959
2 3 3    0.117627
3 3 1   -0.602052
3 3 2    0.328203
3 3 3   -0.271376
4 3 1   -0.282371
4 3 2    0.655656
4 3 3   -0.66224
;

W[i,j,k] :=
1 3 4    0.0175682
1 3 5    0.0261247
1 3 6   -0.00718139
2 3 4    0.0007619
2 3 5    0.0568857
2 3 6    0.00484349
3 3 4    0.0175148
3 3 5    0.0262226
3 3 6   -0.00714312
4 3 4    0.0343478
4 3 5   -0.00458725
4 3 6   -0.0191871
;

f11 = 8.25559

f12 = 15

f13 = -0.166471

f21 = 7.19952

f22 = 14.3839

f23 = 0.105287

f31 = 0.349997

f32 = 0

f33 = -0.0014496

