solve_message = ' \
Ipopt 3.9.1: Optimal Solution Found'

Solve time:
_solve_time = 19.1101

Objective:
torque = 4.04149

cnh1 = -0.29636

cnh2 = -0.936673

cnh3 = 0.378059

snh1 = -0.89004

snh2 = 0.0514224

snh3 = 0.858528

Hx = 0.0694

Hy = -0.0144884

Hz = 0.0363563

cnf11 = 0.0585003

cnf21 = 0.443478

cnf31 = 0.479497

cnf12 = 0.0585003

cnf22 = 0.547382

cnf32 = 0.512432

cnt1 = 0.485433

cnt2 = 0.430818

snf11 = 0.936257

snf21 = 0.826636

snf31 = 0.860639

snf12 = 0.936257

snf22 = 0.761822

snf32 = 0.844545

snt1 = 0.941464

snt2 = 0.923074

p :=
1 1   -0.0254654
1 2    0.0210075
1 3    0.0595397
2 1    0.0247729
2 2   -0.00169579
2 3   -0.0654583
3 1   -0.0243569
3 2   -0.024356
3 3    0.000781358
;

mf :=
1 1    0.60696
1 2   -0.266463
1 3   -0.406819
2 1    0.00736333
2 2   -0.00682556
2 3    0.77305
;

mt [*] :=
1  0.745032
2  0.555217
3  0.189787
;

phi :=
1 1   0.044488
1 2   0.0659086
1 3   0
2 1   0
2 2   0.00036035
2 3   0
3 1   0.0441646
3 2   0.0655644
3 3   0
4 1   0.387747
4 2   0.376758
4 3   0.076979
;

l [*,1,*]
:      1           2            3        :=
1   0.606667   -0.266735    -0.40704
2   0.974406    0.0746279   -0.129635
3   0.607838   -0.265648    -0.406157
4   0.239515   -0.607553    -0.684003

 [*,2,*]
:        1             2           3        :=
1    0.0071518    -0.00641732   0.773039
2    0.272991     -0.519476     0.787415
3    0.00799791   -0.00805027   0.773084
4   -0.258263      0.505823     0.758685

 [*,3,*]
:      1          2           3        :=
1   0.744972   0.555456    0.189332
2   0.820359   0.254592    0.759986
3   0.745212   0.554498    0.191149
4   0.669705   0.85584    -0.380411
;

W[i,j,k] :=
1 1 1    0.606667
1 1 2   -0.266735
1 1 3   -0.40704
2 1 1    0.974406
2 1 2    0.0746279
2 1 3   -0.129635
3 1 1    0.607838
3 1 2   -0.265648
3 1 3   -0.406157
4 1 1    0.239515
4 1 2   -0.607553
4 1 3   -0.684003
;

W[i,j,k] :=
1 1 4    0.00733043
1 1 5    0.0257554
1 1 6   -0.00595205
2 1 4   -0.00716662
2 1 5    0.0547147
2 1 6   -0.0223702
3 1 4    0.00728429
3 1 5    0.0258475
3 1 6   -0.00600431
4 1 4    0.0218044
4 1 5   -0.00315773
4 1 6    0.0104399
;

W[i,j,k] :=
1 2 1    0.0071518
1 2 2   -0.00641732
1 2 3    0.773039
2 2 1    0.272991
2 2 2   -0.519476
2 2 3    0.787415
3 2 1    0.00799791
3 2 2   -0.00805027
3 2 3    0.773084
4 2 1   -0.258263
4 2 2    0.505823
4 2 3    0.758685
;

W[i,j,k] :=
1 2 4   -0.00173098
1 2 5   -0.0196185
1 2 6   -0.000146851
2 2 4   -0.0353393
2 2 5   -0.037376
2 2 6   -0.012406
3 2 4   -0.00183794
3 2 5   -0.019675
3 2 6   -0.000185869
4 2 4    0.0318238
4 2 5   -0.00188933
4 2 6    0.0120927
;

W[i,j,k] :=
1 3 1    0.744972
1 3 2    0.555456
1 3 3    0.189332
2 3 1    0.820359
2 3 2    0.254592
2 3 3    0.759986
3 3 1    0.745212
3 3 2    0.554498
3 3 3    0.191149
4 3 1    0.669705
4 3 2    0.85584
4 3 3   -0.380411
;

W[i,j,k] :=
1 3 4   -0.00504538
1 3 5    0.00519364
1 3 6    0.00461532
2 3 4   -0.0187091
2 3 5    0.0191519
2 3 6    0.0137796
3 3 4   -0.00508887
3 3 5    0.00523807
3 3 6    0.00464449
4 3 4    0.00859656
4 3 5   -0.00874235
4 3 6   -0.0045343
;

f11 = 5.48272

f12 = 10.9438

f13 = -0.0374708

f21 = 6.20614

f22 = 12.6348

f23 = 1.23012

f31 = 0.325821

f32 = 0

f33 = -0.12783

