solve_message = ' \
Ipopt 3.9.1: Optimal Solution Found'

Solve time:
_solve_time = 46.5039

Objective:
torque = 4.12698

cnh1 = 0.209392

cnh2 = 0.882819

cnh3 = 0.259428

snh1 = -0.914415

snh2 = -0.317223

snh3 = 0.901497

Hx = 0.0674928

Hy = 0.0104098

Hz = -0.0292974

cnf11 = 0.0693761

cnf21 = 0.410123

cnf31 = 0.469594

cnf12 = 0.0693761

cnf22 = 0.585171

cnf32 = 0.525275

cnt1 = 0.402788

cnt2 = 0.39382

snf11 = 0.935514

snf21 = 0.843682

snf31 = 0.86488

snf12 = 0.935514

snf22 = 0.733195

snf32 = 0.837531

snt1 = 0.979674

snt2 = 0.947536

p :=
1 1   -0.0228715
1 2   -0.0237307
1 3   -0.0596607
2 1    0.0049385
2 2    0.0242335
2 3    0.065474
3 1   -0.0255646
3 2    0.0230851
3 3   -0.0151137
;

mf :=
1 1    0.566954
1 2    0.324877
1 3    0.419534
2 1    0.101677
2 2   -0.174761
2 3   -0.741144
;

mt [*] :=
1   0.78959
2  -0.532186
3   0.0671878
;

phi :=
1 1   0.051845
1 2   0.0617058
1 3   0
2 1   0
2 2   0
2 3   0
3 1   0.0515151
3 2   0.0613616
3 3   0
4 1   0.378938
4 2   0.38887
4 3   0.0739708
;

l [*,1,*]
:      1           2           3        :=
1   0.566661    0.325211    0.419617
2   0.934429   -0.0935357   0.315504
3   0.567831    0.323878    0.419286
4   0.199479    0.743289    0.523564

 [*,2,*]
:       1           2           3        :=
1    0.101426   -0.175139   -0.741061
2    0.417055    0.300191   -0.844597
3    0.102431   -0.173626   -0.741391
4   -0.213699   -0.649711   -0.637691

 [*,3,*]
:      1           2           3         :=
1   0.78946    -0.532342    0.0676719
2   0.952723   -0.335883   -0.540703
3   0.789979   -0.531717    0.0657356
4   0.626457   -0.728488    0.675076
;

W[i,j,k] :=
1 1 1    0.566661
1 1 2    0.325211
1 1 3    0.419617
2 1 1    0.934429
2 1 2   -0.0935357
2 1 3    0.315504
3 1 1    0.567831
3 1 2    0.323878
3 1 3    0.419286
4 1 1    0.199479
4 1 2    0.743289
4 1 3    0.523564
;

W[i,j,k] :=
1 1 4    0.00944449
1 1 5   -0.0242101
1 1 6    0.00600918
2 1 4   -0.0130675
2 1 5   -0.0485326
2 1 6    0.0243139
3 1 4    0.00937284
3 1 5   -0.0242875
3 1 6    0.00606744
4 1 4    0.0319206
4 1 5    7.36315e-05
4 1 6   -0.0122664
;

W[i,j,k] :=
1 2 1    0.101426
1 2 2   -0.175139
1 2 3   -0.741061
2 2 1    0.417055
2 2 2    0.300191
2 2 3   -0.844597
3 2 1    0.102431
3 2 2   -0.173626
3 2 3   -0.741391
4 2 1   -0.213699
4 2 2   -0.649711
4 2 3   -0.637691
;

W[i,j,k] :=
1 2 4   -0.00649147
1 2 5    0.0103005
1 2 6   -0.00332284
2 2 4   -0.0401223
2 2 5    0.0314773
2 2 6   -0.00862421
3 2 4   -0.00659851
3 2 5    0.0103679
3 2 6   -0.00333971
4 2 4    0.0270857
4 2 5   -0.0108425
4 2 6    0.00197007
;

W[i,j,k] :=
1 3 1    0.78946
1 3 2   -0.532342
1 3 3    0.0676719
2 3 1    0.952723
2 3 2   -0.335883
2 3 3   -0.540703
3 3 1    0.789979
3 3 2   -0.531717
3 3 3    0.0657356
4 3 1    0.626457
4 3 2   -0.728488
4 3 3    0.675076
;

W[i,j,k] :=
1 3 4   -0.00648346
1 3 5   -0.0102017
1 3 6   -0.00461565
2 3 4   -0.0175586
2 3 5   -0.028222
2 3 6   -0.013407
3 3 4   -0.00651871
3 3 5   -0.010259
3 3 6   -0.00464363
4 3 4    0.00457402
4 3 5    0.00778991
4 3 6    0.00416165
;

f11 = 6.76916

f12 = 13.535

f13 = -0.312602

f21 = 5.19814

f22 = 10.8511

f23 = 1.59241

f31 = 0.324088

f32 = 0

f33 = -0.132164

