solve_message = ' \
Ipopt 3.9.1: Optimal Solution Found'

Solve time:
_solve_time = 2.76122

Objective:
torque = 1.61516

cnh1 = 0.690538

cnh2 = -0.515976

cnh3 = 0.937985

snh1 = -0.634947

snh2 = -0.783434

snh3 = -0.0135447

Hx = 0.0577235

Hy = -0.0543018

Hz = 0.0174444

cnf11 = 0.935058

cnf21 = 0.823242

cnf31 = 0.62455

cnf12 = 0.935058

cnf22 = 0.822233

cnf32 = 0.624007

cnt1 = 0.471016

cnt2 = 0.424831

snf11 = 0

snf21 = 0.449747

snf31 = 0.770764

snf12 = 0

snf22 = 0.45159

snf32 = 0.77119

snt1 = 0.948759

snt2 = 0.926862

p :=
1 1   -0.0292177
1 2    0.00732392
1 3    0.062397
2 1   -0.00935894
2 2    0.0284336
2 3    0.0623893
3 1    0.0190163
3 2   -0.0168773
3 3   -0.0653543
;

mf :=
1 1    0.179873
1 2   -0.244878
1 3   -0.752144
2 1    0.264493
2 2   -0.157936
2 3   -0.750228
;

mt [*] :=
1   0.0396853
2  -0.0482152
3   0.986544
;

phi :=
1 1   0.0637835
1 2   0.0642519
1 3   0.0935503
2 1   0.0252144
2 2   0.0283081
2 3   0.0357871
3 1   0.0636231
3 2   0.0641056
3 3   0.0932886
4 1   0.136523
4 2   0.128008
4 3   0.236411
;

l [*,1,*]
:       1           2           3        :=
1    0.179437   -0.244909   -0.75225
2    0.727582   -0.205076   -0.618244
3    0.181182   -0.244783   -0.751824
4   -0.367833   -0.284679   -0.886043

 [*,2,*]
:       1           2            3        :=
1    0.264073   -0.157994    -0.750383
2    0.792592   -0.0851542   -0.556161
3    0.265755   -0.157762    -0.749765
4   -0.263603   -0.230718    -0.944295

 [*,3,*]
:       1           2           3        :=
1   0.0396622   -0.0477123   0.986597
2   0.0686688   -0.679781    0.920151
3   0.0397545   -0.049724    0.986385
4   0.0107019    0.583348    1.05294
;

W[i,j,k] :=
1 1 1    0.179437
1 1 2   -0.244909
1 1 3   -0.75225
2 1 1    0.727582
2 1 2   -0.205076
2 1 3   -0.618244
3 1 1    0.181182
3 1 2   -0.244783
3 1 3   -0.751824
4 1 1   -0.367833
4 1 2   -0.284679
4 1 3   -0.886043
;

W[i,j,k] :=
1 1 4    0.00977218
1 1 5   -0.0107827
1 1 6    0.00584151
2 1 4    0.00826815
2 1 5    0.0273352
2 1 6    0.000663094
3 1 4    0.0097674
3 1 5   -0.0106614
3 1 6    0.00582503
4 1 4    0.0112738
4 1 5   -0.0488398
4 1 6    0.0110117
;

W[i,j,k] :=
1 2 1    0.264073
1 2 2   -0.157994
1 2 3   -0.750383
2 2 1    0.792592
2 2 2   -0.0851542
2 2 3   -0.556161
3 2 1    0.265755
3 2 2   -0.157762
3 2 3   -0.749765
4 2 1   -0.263603
4 2 2   -0.230718
4 2 3   -0.944295
;

W[i,j,k] :=
1 2 4   -0.0114789
1 2 5    0.00945253
1 2 6   -0.00602988
2 2 4   -0.0105009
2 2 5    0.0442441
2 2 6   -0.0217393
3 2 4   -0.0114758
3 2 5    0.00956326
3 2 6   -0.00607988
4 2 4   -0.0124554
4 2 5   -0.0252836
4 2 6    0.00965444
;

W[i,j,k] :=
1 3 1    0.0396622
1 3 2   -0.0477123
1 3 3    0.986597
2 3 1    0.0686688
2 3 2   -0.679781
2 3 3    0.920151
3 3 1    0.0397545
3 3 2   -0.049724
3 3 3    0.986385
4 3 1    0.0107019
4 3 2    0.583348
4 3 3    1.05294
;

W[i,j,k] :=
1 3 4   -0.0197693
1 3 5   -0.0213535
1 3 6   -0.000237919
2 3 4   -0.0599562
2 3 5   -0.0219856
2 3 6   -0.0117679
3 3 4   -0.0198972
3 3 5   -0.0213555
3 3 6   -0.000274617
4 3 4    0.0203535
4 3 5   -0.0207223
4 3 6    0.0112737
;

f11 = -0.0554039

f12 = 0

f13 = -0.345587

f21 = -0.286242

f22 = 0

f23 = -0.201409

f31 = 4.63426

f32 = 9.26498

f33 = 0.321883

