solve_message = ' \
Ipopt 3.9.1: Converged to a locally infeasible point. Problem may be infeasible.'

Solve time:
_solve_time = 60.8092

Objective:
torque = 4.82004

cnh1 = -0.710871

cnh2 = 0.653816

cnh3 = 0.925348

snh1 = 0.612097

snh2 = -0.6727

snh3 = -0.15405

Hx = -0.0286806

Hy = 0.0418469

Hz = -0.0390958

cnf11 = 0.932738

cnf21 = 0.563063

cnf31 = 0.5177

cnf12 = 0.932738

cnf22 = 0.600674

cnf32 = 0.476425

cnt1 = 0.444195

cnt2 = 0.459358

snf11 = 0

snf21 = 0.750307

snf31 = 0.841715

snf12 = 0

snf22 = 0.872463

snf32 = 0.894727

snt1 = 0.87683

snt2 = 0.883149

p :=
1 1   -0.0125698
1 2    0.0264262
1 3    0.0614875
2 1   -0.029023
2 2   -0.000292943
2 3    0.0616674
3 1    0.0243564
3 2   -0.0243564
3 3   -0.00929488
;

mf :=
1 1    0.310643
1 2   -0.103847
1 3   -0.738143
2 1    0.180011
2 2   -0.169887
2 3   -0.906766
;

mt [*] :=
1  -0.568125
2   0.597947
3   0.189791
;

phi :=
1 1   0.0448158
1 2   0.0176488
1 3   0.0343502
2 1   0
2 2   0
2 3   0
3 1   0.0445386
3 2   0.0174561
3 3   0.0340512
4 1   0.283855
4 2   0.151163
4 3   0.440059
;

l [*,1,*]
:       1           2            3        :=
1    0.311049   -0.103821    -0.737954
2   -0.19936    -0.136184    -0.974652
3    0.309424   -0.103924    -0.738708
4    0.820644   -0.0715107   -0.501634

 [*,2,*]
:       1           2            3        :=
1    0.180473   -0.169954    -0.906651
2   -0.399026   -0.0863355   -1.05081
3    0.178628   -0.169688    -0.90711
4    0.759046   -0.253439    -0.762721

 [*,3,*]
:       1          2           3        :=
1   -0.568375   0.597646    0.190096
2   -0.253979   0.976013   -0.192189
3   -0.567375   0.598851    0.188879
4   -0.882271   0.219883    0.57177
;

W[i,j,k] :=
1 1 1    0.311049
1 1 2   -0.103821
1 1 3   -0.737954
2 1 1   -0.19936
2 1 2   -0.136184
2 1 3   -0.974652
3 1 1    0.309424
3 1 2   -0.103924
3 1 3   -0.738708
4 1 1    0.820644
4 1 2   -0.0715107
4 1 3   -0.501634
;

W[i,j,k] :=
1 1 4   -0.0131176
1 1 5    0.0098497
1 1 6   -0.00691483
2 1 4   -0.0173827
2 1 5   -0.0245093
2 1 6    0.00698014
3 1 4   -0.0131312
3 1 5    0.00974034
3 1 6   -0.00687061
4 1 4   -0.00885928
4 1 5    0.0441539
4 1 6   -0.0207876
;

W[i,j,k] :=
1 2 1    0.180473
1 2 2   -0.169954
1 2 3   -0.906651
2 2 1   -0.399026
2 2 2   -0.0863355
2 2 3   -1.05081
3 2 1    0.178628
3 2 2   -0.169688
3 2 3   -0.90711
4 2 1    0.759046
4 2 2   -0.253439
4 2 3   -0.762721
;

W[i,j,k] :=
1 2 4    0.0107462
1 2 5   -0.0151844
1 2 6    0.00498543
2 2 4    0.00563191
2 2 5   -0.0551045
2 2 6    0.00238882
3 2 4    0.0107299
3 2 5   -0.0153115
3 2 6    0.00497716
4 2 4    0.0158523
4 2 5    0.024672
4 2 6    0.00757789
;

W[i,j,k] :=
1 3 1   -0.568375
1 3 2    0.597646
1 3 3    0.190096
2 3 1   -0.253979
2 3 2    0.976013
2 3 3   -0.192189
3 3 1   -0.567375
3 3 2    0.598851
3 3 3    0.188879
4 3 1   -0.882271
4 3 2    0.219883
4 3 3    0.57177
;

W[i,j,k] :=
1 3 4    0.000925003
1 3 5    0.000652933
1 3 6    0.000712934
2 3 4    0.013753
2 3 5    0.00704173
2 3 6    0.0175862
3 3 4    0.000965831
3 3 5    0.000673267
3 3 6    0.000766637
4 3 4   -0.0118825
4 3 5   -0.00572567
4 3 6   -0.0161334
;

f11 = 7.63429

f12 = 15

f13 = -3.14645

f21 = 0.348513

f22 = 0

f23 = -0.0322251

f31 = 5.95425

f32 = 12.4114

f33 = -1.7826

