solve_message = ' \
Ipopt 3.9.1: Optimal Solution Found'

Solve time:
_solve_time = 26.9726

Objective:
torque = 5.6686

cnh1 = -0.788178

cnh2 = -0.937623

cnh3 = 0.231183

snh1 = -0.5087

snh2 = -0.029392

snh3 = 0.90915

Hx = 0.0429982

Hy = -0.0511474

Hz = 0.0281328

cnf11 = 0.302742

cnf21 = 0.38497

cnf31 = 0.462333

cnf12 = 0.302742

cnf22 = 0.570807

cnf32 = 0.520333

cnt1 = 0.422597

cnt2 = 0.473261

snf11 = 0.887889

snf21 = 0.855452

snf31 = 0.867786

snf12 = 0.887889

snf22 = 0.744432

snf32 = 0.840276

snt1 = 0.837503

snt2 = 0.863346

p :=
1 1    0.000900191
1 2    0.0324847
1 3    0.0605847
2 1    0.0265509
2 2    0.0123839
2 3   -0.0639786
3 1   -0.0340518
3 2   -0.00519108
3 3    0.00634904
;

mf :=
1 1    0.184584
1 2   -0.620938
1 3   -0.436353
2 1   -0.150538
2 2   -0.231933
2 3    0.719695
;

mt [*] :=
1   0.801645
2  -0.0135442
3   0.135752
;

phi :=
1 1   0.0350923
1 2   0.0451045
1 3   0.0167028
2 1   0
2 2   0
2 3   0
3 1   0.0348007
3 2   0.0447972
3 3   0.0164644
4 1   0.320304
4 2   0.33419
4 3   0.226175
;

l [*,1,*]
:       1           2           3        :=
1    0.184151   -0.620943   -0.436496
2    0.7288     -0.614377   -0.25718
3    0.185885   -0.620922   -0.435925
4   -0.359629   -0.627498   -0.615526

 [*,2,*]
:       1            2          3        :=
1   -0.150497    -0.231495   0.719831
2   -0.202493    -0.782206   0.548716
3   -0.150662    -0.233248   0.719287
4   -0.0985833    0.318338   0.890674

 [*,3,*]
:      1           2            3        :=
1   0.801715   -0.0132938    0.135353
2   0.713025   -0.328019     0.636785
3   0.801433   -0.0142955    0.136949
4   0.890265    0.30093     -0.365279
;

W[i,j,k] :=
1 1 1    0.184151
1 1 2   -0.620943
1 1 3   -0.436496
2 1 1    0.7288
2 1 2   -0.614377
2 1 3   -0.25718
3 1 1    0.185885
3 1 2   -0.620922
3 1 3   -0.435925
4 1 1   -0.359629
4 1 2   -0.627498
4 1 3   -0.615526
;

W[i,j,k] :=
1 1 4    0.0234402
1 1 5    0.0115497
1 1 6   -0.00654106
2 1 4    0.0288675
2 1 5    0.0443857
2 1 6   -0.0242279
3 1 4    0.0234575
3 1 5    0.0116542
3 1 6   -0.00659736
4 1 4    0.0180216
4 1 5   -0.021234
4 1 6    0.0111176
;

W[i,j,k] :=
1 2 1   -0.150497
1 2 2   -0.231495
1 2 3    0.719831
2 2 1   -0.202493
2 2 2   -0.782206
2 2 3    0.548716
3 2 1   -0.150662
3 2 2   -0.233248
3 2 3    0.719287
4 2 1   -0.0985833
4 2 2    0.318338
4 2 3    0.890674
;

W[i,j,k] :=
1 2 4   -0.00589641
1 2 5   -0.00948364
1 2 6   -0.00428268
2 2 4   -0.0432492
2 2 5   -0.00161371
2 2 6   -0.0182607
3 2 4   -0.0060153
3 2 5   -0.00945859
3 2 6   -0.00432716
4 2 4    0.0313968
4 2 5   -0.017341
4 2 6    0.00967301
;

W[i,j,k] :=
1 3 1    0.801715
1 3 2   -0.0132938
1 3 3    0.135353
2 3 1    0.713025
2 3 2   -0.328019
2 3 3    0.636785
3 3 1    0.801433
3 3 2   -0.0142955
3 3 3    0.136949
4 3 1    0.890265
4 3 2    0.30093
4 3 3   -0.365279
;

W[i,j,k] :=
1 3 4   -0.000618228
1 3 5    0.00969914
1 3 6    0.00461445
2 3 4   -0.001223
2 3 5    0.0262107
2 3 6    0.014871
3 3 4   -0.000620153
3 3 5    0.00975169
3 3 6    0.00464709
4 3 4   -1.44217e-05
4 3 5   -0.00678606
4 3 6   -0.00562575
;

f11 = 7.63369

f12 = 15

f13 = -3.14789

f21 = 6.76846

f22 = 14.0663

f23 = 1.94243

f31 = 1.8958

f32 = 3.79236

f33 = -0.348466

