solve_message = ' \
Ipopt 3.9.1: Optimal Solution Found'

Solve time:
_solve_time = 21.4813

Objective:
torque = 3.97365

cnh1 = -0.785

cnh2 = 0.866744

cnh3 = 0.214192

snh1 = 0.513591

snh2 = -0.358824

snh3 = 0.913303

Hx = -0.041574

Hy = -0.0552715

Hz = -0.0247963

cnf11 = 0.0289027

cnf21 = 0.424666

cnf31 = 0.473873

cnf12 = 0.0289027

cnf22 = 0.580322

cnf32 = 0.523598

cnt1 = 0.405689

cnt2 = 0.395294

snf11 = 0.937638

snf21 = 0.836456

snf31 = 0.863085

snf12 = 0.937638

snf22 = 0.737039

snf32 = 0.838469

snt1 = 0.978477

snt2 = 0.946492

p :=
1 1   -0.00262538
1 2    0.0322022
1 3   -0.0609119
2 1    0.0202405
2 2   -0.0204998
2 3    0.06425
3 1    0.0344111
3 2    0.00152957
3 3   -0.016509
;

mf :=
1 1   -0.155322
1 2   -0.603242
1 3    0.461669
2 1   -0.269603
2 2    0.0512067
2 3   -0.714961
;

mt [*] :=
1  -0.929813
2  -0.175667
3   0.134408
;

phi :=
1 1   0.0525294
1 2   0.0710902
1 3   0
2 1   0
2 2   0.00429592
2 3   0
3 1   0.0521975
3 2   0.0707421
3 3   0
4 1   0.382676
4 2   0.374784
4 3   0.0554735
;

l [*,1,*]
:       1           2          3        :=
1   -0.154876   -0.603267   0.461734
2   -0.715177   -0.572347   0.379978
3   -0.156659   -0.603168   0.461474
4    0.404532   -0.634137   0.54336

 [*,2,*]
:       1           2            3        :=
1   -0.26969     0.0516499   -0.714866
2   -0.160845   -0.505423    -0.834526
3   -0.269344    0.0498769   -0.715247
4   -0.378361    0.607834    -0.595397

 [*,3,*]
:       1           2            3        :=
1   -0.929799   -0.175457     0.134889
2   -0.946951   -0.438965    -0.470323
3   -0.929854   -0.176296     0.132963
4   -0.912675    0.0876299    0.739136
;

W[i,j,k] :=
1 1 1   -0.154876
1 1 2   -0.603267
1 1 3    0.461734
2 1 1   -0.715177
2 1 2   -0.572347
2 1 3    0.379978
3 1 1   -0.156659
3 1 2   -0.603168
3 1 3    0.461474
4 1 1    0.404532
4 1 2   -0.634137
4 1 3    0.54336
;

W[i,j,k] :=
1 1 4   -0.0218772
1 1 5    0.010646
1 1 6    0.00657114
2 1 4   -0.0226266
2 1 5    0.0445604
2 1 6    0.0245329
3 1 4   -0.0218796
3 1 5    0.010754
3 1 6    0.00662831
4 1 4   -0.0211291
4 1 5   -0.0232143
4 1 6   -0.0113619
;

W[i,j,k] :=
1 2 1   -0.26969
1 2 2    0.0516499
1 2 3   -0.714866
2 2 1   -0.160845
2 2 2   -0.505423
2 2 3   -0.834526
3 2 1   -0.269344
3 2 2    0.0498769
3 2 3   -0.715247
4 2 1   -0.378361
4 2 2    0.607834
4 2 3   -0.595397
;

W[i,j,k] :=
1 2 4    0.0113361
1 2 5   -0.00285836
1 2 6   -0.00448316
2 2 4    0.049581
2 2 5    0.00655691
2 2 6   -0.0135273
3 2 4    0.0114578
3 2 5   -0.0028284
3 2 6   -0.00451194
4 2 4   -0.0268479
4 2 5   -0.0122586
4 2 6    0.00454653
;

W[i,j,k] :=
1 3 1   -0.929799
1 3 2   -0.175457
1 3 3    0.134889
2 3 1   -0.946951
2 3 2   -0.438965
2 3 3   -0.470323
3 3 1   -0.929854
3 3 2   -0.176296
3 3 3    0.132963
4 3 1   -0.912675
4 3 2    0.0876299
4 3 3    0.739136
;

W[i,j,k] :=
1 3 4   -0.00269031
1 3 5    0.0107084
1 3 6   -0.00461549
2 3 4   -0.00796628
2 3 5    0.0318176
2 3 6   -0.0136568
3 3 4   -0.0027071
3 3 5    0.0107756
3 3 6   -0.00464426
4 3 4    0.00257725
4 3 5   -0.0103671
4 3 6    0.00441144
;

f11 = 6.16525

f12 = 12.3766

f13 = -0.636082

f21 = 5.32984

f22 = 10.6712

f23 = 0.42595

f31 = 0.326607

f32 = 0

f33 = -0.125809

