solve_message = ' \
Ipopt 3.9.1: Optimal Solution Found'

Solve time:
_solve_time = 6.14644

Objective:
torque = 3.97365

cnh1 = 0.785025

cnh2 = -0.866744

cnh3 = -0.214197

snh1 = -0.513553

snh2 = -0.358824

snh3 = -0.913301

Hx = -0.0415721

Hy = -0.0552735

Hz = -0.0247966

cnf11 = 0.0288953

cnf21 = 0.424666

cnf31 = 0.473873

cnf12 = 0.0288953

cnf22 = 0.580322

cnf32 = 0.523598

cnt1 = 0.405695

cnt2 = 0.395297

snf11 = 0.937638

snf21 = 0.836456

snf31 = 0.863085

snf12 = 0.937638

snf22 = 0.737039

snf32 = 0.838469

snt1 = 0.978474

snt2 = 0.94649

p :=
1 1   -0.00262725
1 2    0.0322021
1 3   -0.0609118
2 1    0.0202407
2 2   -0.0204995
2 3    0.06425
3 1    0.0344111
3 2    0.00153085
3 3   -0.0165091
;

mf :=
1 1   -0.155299
1 2   -0.603249
1 3    0.461668
2 1   -0.269607
2 2    0.0512012
2 3   -0.714959
;

mt [*] :=
1  -0.929805
2  -0.175701
3   0.134408
;

phi :=
1 1   0.0525774
1 2   0.0710887
1 3   0
2 1   0
2 2   0.004286
2 3   0
3 1   0.0522455
3 2   0.0707406
3 3   0
4 1   0.382535
4 2   0.374731
4 3   0.0554643
;

l [*,1,*]
:       1           2          3        :=
1   -0.154853   -0.603273   0.461733
2   -0.715155   -0.572378   0.379971
3   -0.156636   -0.603175   0.461473
4    0.404555   -0.634119   0.543365

 [*,2,*]
:       1           2            3        :=
1   -0.269694    0.0516444   -0.714864
2   -0.160823   -0.505422    -0.83453
3   -0.269347    0.0498714   -0.715245
4   -0.378392    0.607822    -0.595389

 [*,3,*]
:       1           2            3        :=
1   -0.929792   -0.175492     0.13489
2   -0.946934   -0.438998    -0.470323
3   -0.929846   -0.17633      0.132963
4   -0.912677    0.0875939    0.739137
;

W[i,j,k] :=
1 1 1   -0.154853
1 1 2   -0.603273
1 1 3    0.461733
2 1 1   -0.715155
2 1 2   -0.572378
2 1 3    0.379971
3 1 1   -0.156636
3 1 2   -0.603175
3 1 3    0.461473
4 1 1    0.404555
4 1 2   -0.634119
4 1 3    0.543365
;

W[i,j,k] :=
1 1 4   -0.0218777
1 1 5    0.0106455
1 1 6    0.00657153
2 1 4   -0.0226287
2 1 5    0.0445596
2 1 6    0.0245332
3 1 4   -0.0218801
3 1 5    0.0107534
3 1 6    0.0066287
4 1 4   -0.0211278
4 1 5   -0.0232146
4 1 6   -0.0113615
;

W[i,j,k] :=
1 2 1   -0.269694
1 2 2    0.0516444
1 2 3   -0.714864
2 2 1   -0.160823
2 2 2   -0.505422
2 2 3   -0.83453
3 2 1   -0.269347
3 2 2    0.0498714
3 2 3   -0.715245
4 2 1   -0.378392
4 2 2    0.607822
4 2 3   -0.595389
;

W[i,j,k] :=
1 2 4    0.0113362
1 2 5   -0.00285844
1 2 6   -0.00448328
2 2 4    0.0495808
2 2 5    0.00655867
2 2 6   -0.0135269
3 2 4    0.011458
3 2 5   -0.00282847
3 2 6   -0.00451207
4 2 4   -0.0268473
4 2 5   -0.0122605
4 2 6    0.00454592
;

W[i,j,k] :=
1 3 1   -0.929792
1 3 2   -0.175492
1 3 3    0.13489
2 3 1   -0.946934
2 3 2   -0.438998
2 3 3   -0.470323
3 3 1   -0.929846
3 3 2   -0.17633
3 3 3    0.132963
4 3 1   -0.912677
4 3 2    0.0875939
4 3 3    0.739137
;

W[i,j,k] :=
1 3 4   -0.00269071
1 3 5    0.0107083
1 3 6   -0.00461548
2 3 4   -0.00796744
2 3 5    0.0318173
2 3 6   -0.0136568
3 3 4   -0.00270751
3 3 5    0.0107755
3 3 6   -0.00464426
4 3 4    0.0025776
4 3 5   -0.010367
4 3 6    0.00441137
;

f11 = 6.16523

f12 = 12.3765

f13 = -0.636062

f21 = 5.32985

f22 = 10.6712

f23 = 0.425798

f31 = 0.326605

f32 = 0

f33 = -0.125814

