solve_message = ' \
Ipopt 3.9.1: Optimal Solution Found'

Solve time:
_solve_time = 5.83444

Objective:
torque = 4.27029

cnh1 = 0.721328

cnh2 = -0.873851

cnh3 = 0.153569

snh1 = 0.599738

snh2 = 0.341151

snh3 = 0.925428

Hx = -0.0414108

Hy = 0.0515439

Hz = 0.0158643

cnf11 = 0.0253635

cnf21 = 0.46253

cnf31 = 0.485295

cnf12 = 0.0253635

cnf22 = 0.530739

cnf32 = 0.506932

cnt1 = 0.36334

cnt2 = 0.369578

snf11 = 0.93774

snf21 = 0.816129

snf31 = 0.858019

snf12 = 0.93774

snf22 = 0.773509

snf32 = 0.847428

snt1 = 0.99498

snt2 = 0.96632

p :=
1 1    0.0040271
1 2   -0.0313925
1 3    0.0618824
2 1    0.0250721
2 2    0.015046
2 3   -0.0640122
3 1    0.0344407
3 2   -0.000556499
3 3    0.0104997
;

mf :=
1 1   -0.168525
1 2    0.536352
1 3   -0.530593
2 1   -0.322702
2 2    0.0200831
2 3    0.697573
;

mt [*] :=
1  -0.943459
2   0.149464
3  -0.134222
;

phi :=
1 1   0.0549442
1 2   0.0647826
1 3   0
2 1   0
2 2   0
2 3   0
3 1   0.0546071
3 2   0.0644321
3 3   0
4 1   0.390145
4 2   0.397316
4 3   0.0424901
;

l [*,1,*]
:       1          2           3        :=
1   -0.168077   0.5364     -0.530642
2   -0.731434   0.476514   -0.469254
3   -0.16987    0.536209   -0.530446
4    0.394381   0.59619    -0.591931

 [*,2,*]
:       1           2           3        :=
1   -0.322757    0.0196299   0.697527
2   -0.253487    0.589192    0.755562
3   -0.322537    0.0214427   0.697711
4   -0.391917   -0.549024    0.639584

 [*,3,*]
:       1           2           3        :=
1   -0.943443    0.149229   -0.134695
2   -0.963634    0.44479     0.45945
3   -0.943507    0.15017    -0.132804
4   -0.923284   -0.14586    -0.727892
;

W[i,j,k] :=
1 1 1   -0.168077
1 1 2    0.5364
1 1 3   -0.530642
2 1 1   -0.731434
2 1 2    0.476514
2 1 3   -0.469254
3 1 1   -0.16987
3 1 2    0.536209
3 1 3   -0.530446
4 1 1    0.394381
4 1 2    0.59619
4 1 3   -0.591931
;

W[i,j,k] :=
1 1 4   -0.0165355
1 1 5   -0.00826407
1 1 6   -0.00311623
2 1 4   -0.0147568
2 1 5   -0.0433731
2 1 6   -0.0210426
3 1 4   -0.0165299
3 1 5   -0.00837581
3 1 6   -0.00317328
4 1 4   -0.0183115
4 1 5    0.026789
4 1 6    0.0147815
;

W[i,j,k] :=
1 2 1   -0.322757
1 2 2    0.0196299
1 2 3    0.697527
2 2 1   -0.253487
2 2 2    0.589192
2 2 3    0.755562
3 2 1   -0.322537
3 2 2    0.0214427
3 2 3    0.697711
4 2 1   -0.391917
4 2 2   -0.549024
4 2 3    0.639584
;

W[i,j,k] :=
1 2 4    0.0117516
1 2 5    0.00317194
1 2 6    0.00534838
2 2 4    0.0490837
2 2 5   -0.00271728
2 2 6    0.0185862
3 2 4    0.0118704
3 2 5    0.0031532
3 2 6    0.00539051
4 2 4   -0.025521
4 2 5    0.00905177
4 2 6   -0.00786837
;

W[i,j,k] :=
1 3 1   -0.943443
1 3 2    0.149229
1 3 3   -0.134695
2 3 1   -0.963634
2 3 2    0.44479
2 3 3    0.45945
3 3 1   -0.943507
3 3 2    0.15017
3 3 3   -0.132804
4 3 1   -0.923284
4 3 2   -0.14586
4 3 3   -0.727892
;

W[i,j,k] :=
1 3 4   -0.00149191
1 3 5   -0.00526692
1 3 6    0.00461452
2 3 4   -0.00492586
2 3 5   -0.0259417
2 3 6    0.0147826
3 3 4   -0.00150284
3 3 5   -0.00533272
3 3 6    0.00464688
4 3 4    0.00193657
4 3 5    0.0153748
4 3 6   -0.00553734
;

f11 = 5.99783

f12 = 12.0406

f13 = 0.624538

f21 = 6.2235

f22 = 12.5492

f23 = 0.870925

f31 = 0.192008

f32 = 0

f33 = -0.29263

