solve_message = ' \
Ipopt 3.9.1: Maximum Number of Iterations Exceeded.'

Solve time:
_solve_time = 425.789

Objective:
torque = 6.7499

cnh1 = 0.13008

cnh2 = -1.00239

cnh3 = 0.639142

snh1 = -1.05487

snh2 = 0.252939

snh3 = -0.839619

Hx = -0.10091

Hy = 0.0121861

Hz = 0.0915577

cnf11 = 0.677732

cnf21 = 0.88621

cnf31 = 0.601631

cnf12 = 0.66716

cnf22 = 0.489513

cnf32 = 0.47426

cnt1 = 0.500628

cnt2 = 0.496811

snf11 = 0.756971

snf21 = 0.489299

snf31 = 0.808191

snf12 = 0.723198

snf22 = 0.824927

snf32 = 0.87514

snt1 = 0.795999

snt2 = 0.853632

p :=
1 1   -0.0322594
1 2    0.0223456
1 3   -0.0547559
2 1    0.0222909
2 2    0.0262881
2 3    0.0503107
3 1    0.0141256
3 2   -0.0321505
3 3    0.0264531
;

mf :=
1 1    1.58341
1 2   -0.909243
1 3    0.117819
2 1   -0.722773
2 2   -0.752383
2 3   -0.0955069
;

mt [*] :=
1  -0.460312
2   0.932062
3   0.0157584
;

phi :=
1 1   0.107345
1 2   0.0955494
1 3   0.182306
2 1   0.0570299
2 2   0.0460169
2 3   0.134327
3 1   0.107112
3 2   0.0953393
3 3   0.182143
4 1   0.255287
4 2   0.127753
4 3   0.105255
;

l [*,1,*]
:      1           2           3        :=
1   0.695765   -0.445074    0.826989
2   0.432021    0.0264515   1.39237
3   0.694922   -0.443574    0.828798
4   0.964598   -0.914135    0.251158

 [*,2,*]
:       1           2           3         :=
1   -0.724386   -0.728      -0.0880894
2   -0.784474   -0.725232    0.725258
3   -0.724579   -0.727992   -0.0854967
4   -0.66557    -0.731107   -0.898895

 [*,3,*]
:       1          2            3         :=
1   -0.461691   0.917      -0.00212398
2   -1.15333    0.624657   -0.126061
3   -0.463892   0.916068   -0.00251944
4    0.221502   1.20774     0.135572
;

W[i,j,k] :=
1 1 1    0.695014
1 1 2   -0.425514
1 1 3    0.855861
2 1 1    0.424727
2 1 2    0.0346137
2 1 3    1.42332
3 1 1    0.694143
3 1 2   -0.424052
3 1 3    0.857687
4 1 1    0.978785
4 1 2   -0.88133
4 1 3    0.263239
;

W[i,j,k] :=
1 1 4   -0.00315595
1 1 5   -0.00909433
1 1 6    0.00200937
2 1 4    0.0382728
2 1 5    0.0236814
2 1 6   -0.00959363
3 1 4   -0.0030245
3 1 5   -0.0089912
3 1 6    0.0019723
4 1 4   -0.0438952
4 1 5   -0.0401412
4 1 6    0.0137421
;

W[i,j,k] :=
1 2 1   -0.709358
1 2 2   -0.727436
1 2 3   -0.108385
2 2 1   -0.786418
2 2 2   -0.715945
2 2 3    0.734217
3 2 1   -0.709607
3 2 2   -0.727401
3 2 3   -0.105694
4 2 1   -0.6356
4 2 2   -0.739847
4 2 3   -0.945397
;

W[i,j,k] :=
1 2 4    0.0388584
1 2 5   -0.0404849
1 2 6    0.00400806
2 2 4    0.0555695
2 2 5   -0.0662042
2 2 6    0.00601845
3 2 4    0.0389117
3 2 5   -0.0405672
3 2 6    0.00401435
4 2 4    0.0216874
4 2 5   -0.0159522
4 2 6    0.00222848
;

W[i,j,k] :=
1 3 1   -0.439428
1 3 2    0.927581
1 3 3   -0.040502
2 3 1   -1.1425
2 3 2    0.658897
2 3 3   -0.167562
3 3 1   -0.441664
3 3 2    0.926723
3 3 3   -0.0409086
4 3 1    0.244139
4 3 2    1.1918
4 3 3    0.118845
;

W[i,j,k] :=
1 3 4   -0.0273471
1 3 5   -0.0108139
1 3 6   -0.00195092
2 3 4   -0.0157081
2 3 5   -0.031602
2 3 6   -0.0284532
3 3 4   -0.0273098
3 3 5   -0.0108796
3 3 6   -0.00203529
4 3 4   -0.040842
4 3 5    0.0057444
4 3 6    0.0244608
;

f11 = -0.655873

f12 = 15

f13 = 0.115252

f21 = 4.96803

f22 = 10.3863

f23 = 0.926765

f31 = 6.90764

f32 = 14.3272

f33 = 0.0712744

