solve_message = ' \
Ipopt 3.9.1: Converged to a locally infeasible point. Problem may be infeasible.'

Solve time:
_solve_time = 14.3677

Objective:
torque = 8.39279

cnh1 = -0.905061

cnh2 = 0.683174

cnh3 = 0.006231

snh1 = -0.246708

snh2 = 0.642864

snh3 = -0.938062

Hx = -0.00716711

Hy = 0.074389

Hz = 0.00686907

cnf11 = 0.932738

cnf21 = -0.0212546

cnf31 = 0.240402

cnf12 = 0.932738

cnf22 = 0.772072

cnf32 = 0.57825

cnt1 = 0.749308

cnt2 = 0.535422

snf11 = 0

snf21 = 0.937842

snf31 = 1

snf12 = 0

snf22 = 0.610934

snf32 = 0.813133

snt1 = 0.74869

snt2 = 0.856621

p :=
1 1   -0.000864431
1 2   -0.0344267
1 3    0.0289867
2 1   -0.0271975
2 2   -0.0176418
2 3   -0.0607254
3 1    0.0319244
3 2   -0.00106175
3 3    0.0614823
;

mf :=
1 1   -0.113157
1 2    0.84815
1 3    0.13112
2 1    0.608041
2 2    0.211046
2 3    0.525185
;

mt [*] :=
1  -0.699446
2   0.0283759
3  -0.671361
;

phi :=
1 1   0.0181366
1 2   0.111331
1 3   0.107555
2 1   0.00683119
2 2   0.0387415
2 3   0.0531488
3 1   0.0180966
3 2   0.111026
3 3   0.107345
4 1   0.0321813
4 2   0.237227
4 3   0.188208
;

l [*,1,*]
:       1          2           3        :=
1   -0.113166   0.848076    0.131588
2   -0.10168    0.941074   -0.455816
3   -0.113129   0.848372    0.129718
4   -0.124634   0.755226    0.718054

 [*,2,*]
:      1           2          3        :=
1   0.607964    0.210671   0.525461
2   0.704751    0.682007   0.178603
3   0.608272    0.212171   0.524357
4   0.511331   -0.259914   0.871766

 [*,3,*]
:       1           2            3        :=
1   -0.699192    0.0280639   -0.671676
2   -1.01764     0.420205    -0.275961
3   -0.700206    0.029312    -0.670417
4   -0.381256   -0.363451    -1.06676
;

W[i,j,k] :=
1 1 1   -0.113166
1 1 2    0.848076
1 1 3    0.131588
2 1 1   -0.10168
2 1 2    0.941074
2 1 3   -0.455816
3 1 1   -0.113129
3 1 2    0.848372
3 1 3    0.129718
4 1 1   -0.124634
4 1 2    0.755226
4 1 3    0.718054
;

W[i,j,k] :=
1 1 4   -0.0291131
1 1 5   -0.00316656
1 1 6   -0.00462903
2 1 4   -0.0115864
2 1 5   -0.00334138
2 1 6   -0.00431398
3 1 4   -0.0290573
3 1 5   -0.00316712
3 1 6   -0.00462803
4 1 4   -0.0466117
4 1 5   -0.00299203
4 1 6   -0.00494358
;

W[i,j,k] :=
1 2 1    0.607964
1 2 2    0.210671
1 2 3    0.525461
2 2 1    0.704751
2 2 2    0.682007
2 2 3    0.178603
3 2 1    0.608272
3 2 2    0.212171
3 2 3    0.524357
4 2 1    0.511331
4 2 2   -0.259914
4 2 3    0.871766
;

W[i,j,k] :=
1 2 4    0.00352299
1 2 5   -0.0226276
1 2 6    0.00499585
2 2 4    0.0382643
2 2 5   -0.0379387
2 2 6   -0.00611582
3 2 4    0.00363356
3 2 5   -0.0226764
3 2 6    0.00496048
4 2 4   -0.0311629
4 2 5   -0.00734094
4 2 6    0.0160898
;

W[i,j,k] :=
1 3 1   -0.699192
1 3 2    0.0280639
1 3 3   -0.671676
2 3 1   -1.01764
2 3 2    0.420205
2 3 3   -0.275961
3 3 1   -0.700206
3 3 2    0.029312
3 3 3   -0.670417
4 3 1   -0.381256
4 3 2   -0.363451
4 3 3   -1.06676
;

W[i,j,k] :=
1 3 4   -0.00101228
1 3 5   -0.0215451
1 3 6    0.000153554
2 3 4   -0.0255422
2 3 5   -0.0537568
2 3 6    0.0123343
3 3 4   -0.00109035
3 3 5   -0.0216476
3 3 6    0.000192323
4 3 4    0.0234785
4 3 5    0.0106152
4 3 6   -0.0120078
;

f11 = 3.11458

f12 = 15

f13 = 7.64735

f21 = 8.18546

f22 = 15

f23 = -1.0866

f31 = 7.22122

f32 = 15

f33 = 4.00456

