solve_message = ' \
Ipopt 3.9.1: Converged to a locally infeasible point. Problem may be infeasible.'

Solve time:
_solve_time = 24.2894

Objective:
torque = 4.91705

cnh1 = -0.5207

cnh2 = 0.592333

cnh3 = -0.544102

snh1 = 0.780303

snh2 = 0.727422

snh3 = 0.764168

Hx = -0.0661945

Hy = 0.00256595

Hz = 0.0585944

cnf11 = 0.10215

cnf21 = 0.469799

cnf31 = 0.487535

cnf12 = 0.10215

cnf22 = 0.41703

cnf32 = 0.471619

cnt1 = 0.497732

cnt2 = 0.435843

snf11 = 0.932505

snf21 = 0.811966

snf31 = 0.856981

snf12 = 0.932505

snf22 = 0.840289

snf32 = 0.864038

snt1 = 0.93502

snt2 = 0.91992

p :=
1 1   -0.00172715
1 2   -0.0310639
1 3    0.0594576
2 1    0.0170165
2 2    0.0297664
2 3    0.0552834
3 1    0.0331014
3 2   -0.00822502
3 3    0.056116
;

mf :=
1 1   -0.248779
1 2    0.454635
1 3    0.546802
2 1   -0.496243
2 2   -0.588799
2 3   -0.0925348
;

mt [*] :=
1  -0.783005
2   0.342697
3  -0.422208
;

phi :=
1 1   0.0312169
1 2   0.0504247
1 3   0.00499437
2 1   0
2 2   0
2 3   0
3 1   0.0308489
3 2   0.0500716
3 3   0.00479538
4 1   0.394378
4 2   0.353971
4 3   0.131828
;

l [*,1,*]
:       1          2          3        :=
1   -0.248385   0.454578   0.547043
2   -0.742778   0.526157   0.24357
3   -0.249959   0.454805   0.546077
4    0.245219   0.383113   0.850032

 [*,2,*]
:       1           2           3         :=
1   -0.496142   -0.588781   -0.0929936
2   -0.624073   -0.611891    0.483724
3   -0.496549   -0.588854   -0.0911581
4   -0.368414   -0.565707   -0.668791

 [*,3,*]
:       1           2           3        :=
1   -0.782754    0.343132   -0.422325
2   -1.09856    -0.203017   -0.275132
3   -0.783759    0.341394   -0.421857
4   -0.467454    0.88841    -0.569283
;

W[i,j,k] :=
1 1 1   -0.248385
1 1 2    0.454578
1 1 3    0.547043
2 1 1   -0.742778
2 1 2    0.526157
2 1 3    0.24357
3 1 1   -0.249959
3 1 2    0.454805
3 1 3    0.546077
4 1 1    0.245219
4 1 2    0.383113
4 1 3    0.850032
;

W[i,j,k] :=
1 1 4   -0.0440214
1 1 5   -0.0138236
1 1 6   -0.00850095
2 1 4   -0.0388502
2 1 5   -0.0437431
2 1 6   -0.0239824
3 1 4   -0.0440049
3 1 5   -0.0139188
3 1 6   -0.00855022
4 1 4   -0.0491843
4 1 5    0.0160483
4 1 6    0.00695578
;

W[i,j,k] :=
1 2 1   -0.496142
1 2 2   -0.588781
1 2 3   -0.0929936
2 2 1   -0.624073
2 2 2   -0.611891
2 2 3    0.483724
3 2 1   -0.496549
3 2 2   -0.588854
3 2 3   -0.0911581
4 2 1   -0.368414
4 2 2   -0.565707
4 2 3   -0.668791
;

W[i,j,k] :=
1 2 4    0.0297817
1 2 5   -0.025846
1 2 6    0.00474932
2 2 4    0.0482261
2 2 5   -0.0427322
2 2 6    0.00816411
3 2 4    0.0298404
3 2 5   -0.0258997
3 2 6    0.00476019
4 2 4    0.0113667
4 2 5   -0.00898668
4 2 6    0.00133997
;

W[i,j,k] :=
1 3 1   -0.782754
1 3 2    0.343132
1 3 3   -0.422325
2 3 1   -1.09856
2 3 2   -0.203017
2 3 3   -0.275132
3 3 1   -0.783759
3 3 2    0.341394
3 3 3   -0.421857
4 3 1   -0.467454
4 3 2    0.88841
4 3 3   -0.569283
;

W[i,j,k] :=
1 3 4   -0.0157816
1 3 5   -0.0299455
1 3 6    0.00491999
2 3 4    0.0136555
2 3 5   -0.0525395
2 3 6   -0.0157558
3 3 4   -0.0156879
3 3 5   -0.0300174
3 3 6    0.00485418
4 3 4   -0.0451717
4 3 5   -0.00738761
4 3 6    0.0255628
;

f11 = 8.2012

f12 = 15

f13 = -0.960676

f21 = 6.09942

f22 = 12.3029

f23 = 0.870313

f31 = 0.344554

f32 = 0

f33 = -0.0615028

