solve_message = ' \
Ipopt 3.9.1: Maximum Number of Iterations Exceeded.'

Solve time:
_solve_time = 409.05

Objective:
torque = 6.65944

cnh1 = 0.0123659

cnh2 = -0.928576

cnh3 = -0.137316

snh1 = 1.06317

snh2 = 0.537991

snh3 = -1.01507

Hx = 0.0934898

Hy = 0.00428666

Hz = 0.0114517

cnf11 = 0.582192

cnf21 = 0.653526

cnf31 = 0.521262

cnf12 = 0.528549

cnf22 = 0.345609

cnf32 = 0.433846

cnt1 = 0.408283

cnt2 = 0.477386

snf11 = 0.667307

snf21 = 0.615695

snf31 = 0.857639

snf12 = 0.657023

snf22 = 0.835895

snf32 = 0.882633

snt1 = 0.697989

snt2 = 0.848551

p :=
1 1   -0.0208485
1 2   -0.0296222
1 3   -0.0665916
2 1   -0.0156978
2 2   -0.0316637
2 3    0.0564105
3 1   -0.0194792
3 2    0.0300954
3 3    0.0558004
;

mf :=
1 1    0.280814
1 2    0.186245
1 3    1.00525
2 1    0.660343
2 2    0.783973
2 3   -0.364837
;

mt [*] :=
1   0.567095
2  -0.755094
3  -0.521283
;

phi :=
1 1   0.229225
1 2   0.197623
1 3   0.22567
2 1   0.188481
2 2   0.195706
2 3   0.159772
3 1   0.228968
3 2   0.197563
3 3   0.225378
4 1   0.579072
4 2   0.438072
4 3   0.363899
;

l [*,1,*]
:       1           2          3        :=
1    0.233485    0.18988    0.824355
2    0.718185   -0.237892   0.765937
3    0.235047    0.188526   0.824174
4   -0.290362    0.603511   0.871701

 [*,2,*]
:      1          2           3        :=
1   0.61028    0.670225   -0.307629
2   1.05264    0.564188    0.172715
3   0.611703   0.669893   -0.306097
4   0.141067   0.767487   -0.794518

 [*,3,*]
:       1           2           3        :=
1   0.442079    -0.665807   -0.488618
2   0.768288    -0.208605   -0.834127
3   0.443132    -0.664347   -0.489714
4   0.0980405   -1.12826    -0.148897
;

W[i,j,k] :=
1 1 1    0.209485
1 1 2    0.188614
1 1 3    0.822239
2 1 1    0.7004
2 1 2   -0.218602
2 1 3    0.766497
3 1 1    0.211102
3 1 2    0.187337
3 1 3    0.822077
4 1 1   -0.395731
4 1 2    0.557961
4 1 3    0.846864
;

W[i,j,k] :=
1 1 4   -0.0101795
1 1 5    0.000634888
1 1 6    0.00276031
2 1 4   -0.0359197
2 1 5   -0.0298257
2 1 6    0.0250745
3 1 4   -0.0102601
3 1 5    0.000541674
3 1 6    0.00283091
4 1 4    0.0117124
4 1 5    0.0225306
4 1 6   -0.018307
;

W[i,j,k] :=
1 2 1    0.616785
1 2 2    0.669543
1 2 3   -0.312805
2 2 1    1.07003
2 2 2    0.555829
2 2 3    0.166222
3 2 1    0.618263
3 2 2    0.669194
3 2 3   -0.31127
4 2 1    0.0853474
4 2 2    0.759359
4 2 3   -0.811986
;

W[i,j,k] :=
1 2 4   -0.0282841
1 2 5    0.0300486
1 2 6    0.00974921
2 2 4   -0.0364752
2 2 5    0.0636509
2 2 6    0.0236698
3 2 4   -0.02831
3 2 5    0.030159
3 2 6    0.00979339
4 2 4   -0.0222361
4 2 5   -0.0116166
4 2 6   -0.00333309
;

W[i,j,k] :=
1 3 1    0.428193
1 3 2   -0.682175
1 3 3   -0.513662
2 3 1    0.773354
2 3 2   -0.230242
2 3 3   -0.838708
3 3 1    0.429336
3 3 2   -0.680723
3 3 3   -0.514685
4 3 1    0.0307631
4 3 2   -1.14989
4 3 3   -0.203383
;

W[i,j,k] :=
1 3 4    0.0224379
1 3 5    0.0126122
1 3 6   -0.000274938
2 3 4   -0.0117751
2 3 5    0.0266713
2 3 6   -0.0176473
3 3 4    0.0223304
3 3 5    0.0126614
3 3 6   -0.000331324
4 3 4    0.0549825
4 3 5   -0.0068137
4 3 6    0.0183855
;

f11 = 3.45225

f12 = 13.5301

f13 = -0.257134

f21 = 4.42427

f22 = 4.31228

f23 = 1.02245

f31 = 3.98888

f32 = 9.44223

f33 = -2.6806

