solve_message = ' \
Ipopt 3.9.1: Converged to a locally infeasible point. Problem may be infeasible.'

Solve time:
_solve_time = 38.3762

Objective:
torque = 7.59191

cnh1 = -0.801373

cnh2 = -0.549676

cnh3 = -1.00349

snh1 = 0.607036

snh2 = 0.905459

snh3 = 0.339123

Hx = -0.0682769

Hy = -0.00117789

Hz = -0.0750935

cnf11 = 0.467319

cnf21 = 0.941086

cnf31 = 0.625567

cnf12 = 0.467319

cnf22 = 0.205594

cnf32 = 0.398479

cnt1 = 0.751691

cnt2 = 0.589832

snf11 = 0.813396

snf21 = 0.486165

snf31 = 0.789923

snf12 = 0.813396

snf22 = 0.946493

snf32 = 0.900221

snt1 = 0.561214

snt2 = 0.796623

p :=
1 1   -0.00525997
1 2   -0.033969
1 3   -0.0548332
2 1    0.0329593
2 2    0.00963734
2 3   -0.0401958
3 1   -0.0307771
3 2    0.00745606
3 3    0.0618594
;

mf :=
1 1    0.284903
1 2    0.950079
1 3    0.397316
2 1   -1.00109
2 2   -0.149855
2 3   -0.101646
;

mt [*] :=
1   0.406128
2  -0.309224
3  -0.843972
;

phi :=
1 1   0.0562601
1 2   0.0721127
1 3   0.0744278
2 1   0.00945123
2 2   0.0277283
2 3   0.0498367
3 1   0.0560333
3 2   0.0719183
3 3   0.0743244
4 1   0.223238
4 2   0.189723
4 3   0.129949
;

l [*,1,*]
:       1          2           3        :=
1   0.285075    0.949808    0.397852
2   0.0688557   1.29079    -0.275602
3   0.284387    0.950893    0.395709
4   0.500949    0.609365    1.07023

 [*,2,*]
:       1           2           3         :=
1   -1.00096    -0.150409   -0.101605
2   -1.16498     0.546174   -0.153337
3   -1.00148    -0.148192   -0.10177
4   -0.837199   -0.84588    -0.0499553

 [*,3,*]
:       1           2            3        :=
1    0.406619   -0.308934    -0.843843
2   -0.210465   -0.673805    -1.00554
3    0.404655   -0.310095    -0.844358
4    1.02272     0.0553551   -0.682408
;

W[i,j,k] :=
1 1 1    0.285075
1 1 2    0.949808
1 1 3    0.397852
2 1 1    0.0688557
2 1 2    1.29079
2 1 3   -0.275602
3 1 1    0.284387
3 1 2    0.950893
3 1 3    0.395709
4 1 1    0.500949
4 1 2    0.609365
4 1 3    1.07023
;

W[i,j,k] :=
1 1 4    0.0385664
1 1 5   -0.0135389
1 1 6    0.00468774
2 1 4    0.0801404
2 1 5   -0.00522524
2 1 6   -0.00445058
3 1 4    0.0386987
3 1 5   -0.0135124
3 1 6    0.00465866
4 1 4   -0.00294125
4 1 5   -0.0218393
4 1 6    0.0138115
;

W[i,j,k] :=
1 2 1   -1.00096
1 2 2   -0.150409
1 2 3   -0.101605
2 2 1   -1.16498
2 2 2    0.546174
2 2 3   -0.153337
3 2 1   -1.00148
3 2 2   -0.148192
3 2 3   -0.10177
4 2 1   -0.837199
4 2 2   -0.84588
4 2 3   -0.0499553
;

W[i,j,k] :=
1 2 4   -0.00702501
1 2 5    0.0435831
1 2 6    0.00468917
2 2 4    0.0204761
2 2 5    0.051881
2 2 6    0.0292288
3 2 4   -0.00693748
3 2 5    0.0436095
3 2 6    0.00476728
4 2 4   -0.0344823
4 2 5    0.0352984
4 2 6   -0.0198113
;

W[i,j,k] :=
1 3 1    0.406619
1 3 2   -0.308934
1 3 3   -0.843843
2 3 1   -0.210465
2 3 2   -0.673805
2 3 3   -1.00554
3 3 1    0.404655
3 3 2   -0.310095
3 3 3   -0.844358
4 3 1    1.02272
4 3 2    0.0553551
4 3 3   -0.682408
;

W[i,j,k] :=
1 3 4    0.0128187
1 3 5   -0.000817885
1 3 6    0.00647634
2 3 4    0.0341839
2 3 5   -0.0439668
2 3 6    0.022307
3 3 4    0.0128867
3 3 5   -0.000955218
3 3 6    0.00652672
4 3 4   -0.0085123
4 3 5    0.0422622
4 3 6   -0.00932911
;

f11 = 7.9499

f12 = 15

f13 = -2.23195

f21 = -1.09468

f22 = 15

f23 = -8.18439

f31 = 2.66144

f32 = 15

f33 = -7.03482

