solve_message = ' \
Ipopt 3.9.1: Converged to a locally infeasible point. Problem may be infeasible.'

Solve time:
_solve_time = 9.75006

Objective:
torque = 7.22283

cnh1 = 0.945697

cnh2 = -0.458972

cnh3 = -0.965743

snh1 = -0.477132

snh2 = 0.954644

snh3 = 0.199439

Hx = 0.0711156

Hy = -0.00410902

Hz = -0.0694869

cnf11 = 0.317311

cnf21 = 0.945687

cnf31 = 0.628214

cnf12 = 0.317311

cnf22 = 0.22948

cnf32 = 0.39568

cnt1 = 0.752653

cnt2 = 0.590259

snf11 = 0.882788

snf21 = 0.477154

snf31 = 0.78776

snf12 = 0.882788

snf22 = 0.954767

snf32 = 0.908638

snt1 = 0.559923

snt2 = 0.796321

p :=
1 1    0.00648233
1 2    0.0335757
1 3   -0.0557228
2 1   -0.0314309
2 2   -0.0139177
2 3   -0.0382424
3 1    0.030281
3 2   -0.00397898
3 3    0.063071
;

mf :=
1 1   -0.326041
1 2   -0.943858
1 3    0.328769
2 1    0.977181
2 2    0.283803
2 3   -0.11931
;

mt [*] :=
1  -0.402037
2   0.203221
3  -0.888396
;

phi :=
1 1   0.0746277
1 2   0.0882506
1 3   0.0641511
2 1   0.00991524
2 2   0.034168
2 3   0.0539755
3 1   0.0743412
3 2   0.0880412
3 3   0.0641166
4 1   0.223732
4 2   0.173244
4 3   0.0757592
;

l [*,1,*]
:       1            2           3        :=
1   -0.326246    -0.943621    0.329281
2   -0.0690356   -1.24207    -0.314431
3   -0.325427    -0.94457     0.327233
4   -0.583046    -0.645651    0.971966

 [*,2,*]
:      1           2            3         :=
1   0.976957    0.284318   -0.119412
2   1.25798    -0.363113    0.00857659
3   0.977852    0.282257   -0.119004
4   0.696388    0.930716   -0.247196

 [*,3,*]
:       1           2           3        :=
1   -0.402507    0.202914   -0.888269
2    0.188279    0.588289   -1.04793
3   -0.400627    0.204141   -0.888777
4   -0.992351   -0.181845   -0.728859
;

W[i,j,k] :=
1 1 1   -0.326246
1 1 2   -0.943621
1 1 3    0.329281
2 1 1   -0.0690356
2 1 2   -1.24207
2 1 3   -0.314431
3 1 1   -0.325427
3 1 2   -0.94457
3 1 3    0.327233
4 1 1   -0.583046
4 1 2   -0.645651
4 1 3    0.971966
;

W[i,j,k] :=
1 1 4   -0.0415253
1 1 5    0.0160448
1 1 6    0.00483707
2 1 4   -0.0797686
2 1 5    0.00588509
2 1 6   -0.00573357
3 1 4   -0.0416471
3 1 5    0.0160125
3 1 6    0.00480342
4 1 4   -0.00334305
4 1 5    0.0261883
4 1 6    0.0153908
;

W[i,j,k] :=
1 2 1    0.976957
1 2 2    0.284318
1 2 3   -0.119412
2 2 1    1.25798
2 2 2   -0.363113
2 2 3    0.00857659
3 2 1    0.977852
3 2 2    0.282257
3 2 3   -0.119004
4 2 1    0.696388
4 2 2    0.930716
4 2 3   -0.247196
;

W[i,j,k] :=
1 2 4    0.0125349
1 2 5   -0.0411144
1 2 6    0.00466067
2 2 4   -0.0140056
2 2 5   -0.0478384
2 2 6    0.0289211
3 2 4    0.0124505
3 2 5   -0.0411358
3 2 6    0.00473789
4 2 4    0.0390332
4 2 5   -0.0344011
4 2 6   -0.019561
;

W[i,j,k] :=
1 3 1   -0.402507
1 3 2    0.202914
1 3 3   -0.888269
2 3 1    0.188279
2 3 2    0.588289
2 3 3   -1.04793
3 3 1   -0.400627
3 3 2    0.204141
3 3 3   -0.888777
4 3 1   -0.992351
4 3 2   -0.181845
4 3 3   -0.728859
;

W[i,j,k] :=
1 3 4   -0.00926364
1 3 5    0.00151113
1 3 6    0.00454287
2 3 4   -0.0329343
2 3 5    0.0436074
2 3 6    0.0185631
3 3 4   -0.00933898
3 3 5    0.00164511
3 3 6    0.00458749
4 3 4    0.0143693
4 3 5   -0.040518
4 3 6   -0.00945501
;

f11 = 8.06465

f12 = 15

f13 = -1.77311

f21 = -2.05894

f22 = 15

f23 = -7.99645

f31 = 3.04607

f32 = 12.379

f33 = -5.39919

