solve_message = ' \
Ipopt 3.9.1: Converged to a locally infeasible point. Problem may be infeasible.'

Solve time:
_solve_time = 30.779

Objective:
torque = 7.59149

cnh1 = -0.606933

cnh2 = 0.549537

cnh3 = 1.00347

snh1 = -0.801396

snh2 = 0.905544

snh3 = -0.339186

Hx = -0.00118306

Hy = 0.0682861

Hz = -0.075095

cnf11 = 0.467124

cnf21 = 0.941105

cnf31 = 0.625577

cnf12 = 0.467124

cnf22 = 0.205677

cnf32 = 0.398449

cnt1 = 0.75174

cnt2 = 0.589853

snf11 = 0.813508

snf21 = 0.486129

snf31 = 0.789914

snf12 = 0.813508

snf22 = 0.946555

snf32 = 0.900273

snt1 = 0.561148

snt2 = 0.796607

p :=
1 1   -0.0339686
1 2    0.00526288
1 3   -0.054833
2 1    0.0096455
2 2   -0.0329568
2 3   -0.0402039
3 1    0.0074511
3 2    0.0307782
3 3    0.0618596
;

mf :=
1 1    0.950078
1 2   -0.284986
1 3    0.397157
2 1   -0.15012
2 2    1.00112
2 3   -0.101598
;

mt [*] :=
1  -0.309124
2  -0.406136
3  -0.843992
;

phi :=
1 1   0.0571765
1 2   0.0736578
1 3   0.0763867
2 1   0.00590122
2 2   0.0214474
2 3   0.0647066
3 1   0.0569194
3 2   0.0734258
3 3   0.0763458
4 1   0.251331
4 2   0.189729
4 3   0.0907156
;

l [*,1,*]
:      1           2            3        :=
1   0.949807   -0.285158     0.397693
2   1.29071    -0.0688124   -0.275751
3   0.950892   -0.28447      0.39555
4   0.60945    -0.501159     1.07006

 [*,2,*]
:       1          2           3         :=
1   -0.150674   1.00099    -0.101557
2    0.545886   1.16521    -0.153136
3   -0.148457   1.00151    -0.101721
4   -0.846124   0.837033   -0.0500592

 [*,3,*]
:       1            2           3        :=
1   -0.308834    -0.406627   -0.843863
2   -0.673788     0.210373   -1.00554
3   -0.309995    -0.404663   -0.844378
4    0.0555387   -1.02264    -0.682443
;

W[i,j,k] :=
1 1 1    0.949807
1 1 2   -0.285158
1 1 3    0.397693
2 1 1    1.29071
2 1 2   -0.0688124
2 1 3   -0.275751
3 1 1    0.950892
3 1 2   -0.28447
3 1 3    0.39555
4 1 1    0.60945
4 1 2   -0.501159
4 1 3    1.07006
;

W[i,j,k] :=
1 1 4   -0.0135431
1 1 5   -0.0385717
1 1 6    0.00468771
2 1 4   -0.00522443
2 1 5   -0.0801402
2 1 6   -0.00445537
3 1 4   -0.0135166
3 1 5   -0.038704
3 1 6    0.00465861
4 1 4   -0.0218484
4 1 5    0.00293055
4 1 6    0.0138162
;

W[i,j,k] :=
1 2 1   -0.150674
1 2 2    1.00099
1 2 3   -0.101557
2 2 1    0.545886
2 2 2    1.16521
2 2 3   -0.153136
3 2 1   -0.148457
3 2 2    1.00151
3 2 3   -0.101721
4 2 1   -0.846124
4 2 2    0.837033
4 2 3   -0.0500592
;

W[i,j,k] :=
1 2 4    0.0435907
1 2 5    0.00703725
1 2 6    0.00468931
2 2 4    0.0518928
2 2 5   -0.0204697
2 2 6    0.0292297
3 2 4    0.0436171
3 2 5    0.0069497
3 2 6    0.00476742
4 2 4    0.0353018
4 2 5    0.0345003
4 2 6   -0.0198119
;

W[i,j,k] :=
1 3 1   -0.308834
1 3 2   -0.406627
1 3 3   -0.843863
2 3 1   -0.673788
2 3 2    0.210373
2 3 3   -1.00554
3 3 1   -0.309995
3 3 2   -0.404663
3 3 3   -0.844378
4 3 1    0.0555387
4 3 2   -1.02264
4 3 3   -0.682443
;

W[i,j,k] :=
1 3 4   -0.000818802
1 3 5   -0.0128166
1 3 6    0.00647553
2 3 4   -0.0439624
2 3 5   -0.0341879
2 3 6    0.0223055
3 3 4   -0.000956118
3 3 5   -0.0128847
3 3 6    0.00652591
4 3 4    0.0422559
4 3 5    0.00852055
4 3 6   -0.00932919
;

f11 = 7.9503

f12 = 15

f13 = -2.23052

f21 = -1.09814

f22 = 15

f23 = -8.18393

f31 = 2.66219

f32 = 15

f33 = -7.0328

