solve_message = ' \
Ipopt 3.9.1: Converged to a locally infeasible point. Problem may be infeasible.'

Solve time:
_solve_time = 21.7153

Objective:
torque = 7.341

cnh1 = 0.224732

cnh2 = -0.52341

cnh3 = -0.358031

snh1 = 0.910767

snh2 = -0.778487

snh3 = 0.996902

Hx = -0.0767438

Hy = 0.00043855

Hz = -0.0406665

cnf11 = 0.771849

cnf21 = 0.666374

cnf31 = 0.55482

cnf12 = 0.771849

cnf22 = 1

cnf32 = 0.710591

cnt1 = 0.416781

cnt2 = 0.471545

snf11 = 0.53315

snf21 = 0.660262

snf31 = 0.819958

snf12 = 0.53315

snf22 = 0.162624

snf32 = 0.713065

snt1 = 0.840413

snt2 = 0.864069

p :=
1 1   -0.00554511
1 2    0.0271532
1 3    0.062444
2 1   -0.0188868
2 2   -0.0288056
2 3    0.00732238
3 1    0.0199678
3 2    0.0247828
3 3   -0.0581902
;

mf :=
1 1   -0.00994521
1 2   -0.0523948
1 3   -0.834517
2 1    0.617891
2 2    0.697636
2 3   -0.160476
;

mt [*] :=
1  -0.603039
2  -0.376381
3   0.489609
;

phi :=
1 1   0.062935
1 2   0.0818667
1 3   0.107251
2 1   0.066352
2 2   0.0538117
2 3   0.0731309
3 1   0.0629457
3 2   0.0817606
3 3   0.107122
4 1   0.0596711
4 2   0.122755
4 3   0.156962
;

l [*,1,*]
:       1            2            3        :=
1   -0.0096024   -0.0520443   -0.834513
2   -0.440438    -0.492465    -0.838429
3   -0.0109737   -0.0534461   -0.834526
4    0.420546     0.387674    -0.830604

 [*,2,*]
:      1          2           3        :=
1   0.61815    0.69759    -0.160006
2   0.292618   0.755287   -0.751423
3   0.617114   0.697773   -0.161888
4   0.943162   0.639984    0.430468

 [*,3,*]
:       1           2          3        :=
1   -0.602711   -0.376786   0.489622
2   -1.01481     0.132226   0.473468
3   -0.604022   -0.375166   0.489571
4   -0.191269   -0.884985   0.505751
;

W[i,j,k] :=
1 1 1   -0.0096024
1 1 2   -0.0520443
1 1 3   -0.834513
2 1 1   -0.440438
2 1 2   -0.492465
2 1 3   -0.838429
3 1 1   -0.0109737
3 1 2   -0.0534461
3 1 3   -0.834526
4 1 1    0.420546
4 1 2    0.387674
4 1 3   -0.830604
;

W[i,j,k] :=
1 1 4   -0.0194099
1 1 5   -0.00522708
1 1 6    0.000549328
2 1 4    0.00798544
2 1 5   -0.0321519
2 1 6    0.0146901
3 1 4   -0.0193227
3 1 5   -0.00531278
3 1 6    0.000594335
4 1 4   -0.0467615
4 1 5    0.0216548
4 1 6   -0.0135689
;

W[i,j,k] :=
1 2 1    0.61815
1 2 2    0.69759
1 2 3   -0.160006
2 2 1    0.292618
2 2 2    0.755287
2 2 3   -0.751423
3 2 1    0.617114
3 2 2    0.697773
3 2 3   -0.161888
4 2 1    0.943162
4 2 2    0.639984
4 2 3    0.430468
;

W[i,j,k] :=
1 2 4   -0.00049896
1 2 5    0.00150433
1 2 6    0.00463093
2 2 4    0.0161147
2 2 5   -0.0120493
2 2 6   -0.00583591
3 2 4   -0.000446083
3 2 5    0.0014612
3 2 6    0.00459762
4 2 4   -0.0170861
4 2 5    0.0150363
4 2 6    0.0150811
;

W[i,j,k] :=
1 3 1   -0.602711
1 3 2   -0.376786
1 3 3    0.489622
2 3 1   -1.01481
2 3 2    0.132226
2 3 3    0.473468
3 3 1   -0.604022
3 3 2   -0.375166
3 3 3    0.489571
4 3 1   -0.191269
4 3 2   -0.884985
4 3 3    0.505751
;

W[i,j,k] :=
1 3 4   -0.00979103
1 3 5    0.0252951
1 3 6    0.00741324
2 3 4    0.0194281
2 3 5    0.0495978
2 3 6    0.0277901
3 3 4   -0.00969803
3 3 5    0.0253725
3 3 6    0.0074781
4 3 4   -0.0389635
4 3 5    0.00103124
4 3 6   -0.0129311
;

f11 = -6.77715

f12 = 15

f13 = -4.71728

f21 = 8.22385

f22 = 15

f23 = -0.742165

f31 = -0.473484

f32 = 15

f33 = -4.63185

