solve_message = ' \
Ipopt 3.9.1: Converged to a locally infeasible point. Problem may be infeasible.'

Solve time:
_solve_time = 26.5514

Objective:
torque = 7.59191

cnh1 = -0.607036

cnh2 = 0.549676

cnh3 = 1.00349

snh1 = -0.801373

snh2 = 0.905459

snh3 = -0.339123

Hx = -0.00117789

Hy = 0.0682768

Hz = -0.0750935

cnf11 = 0.467319

cnf21 = 0.941087

cnf31 = 0.625567

cnf12 = 0.467319

cnf22 = 0.205594

cnf32 = 0.398479

cnt1 = 0.751691

cnt2 = 0.589832

snf11 = 0.813396

snf21 = 0.486165

snf31 = 0.789923

snf12 = 0.813396

snf22 = 0.946492

snf32 = 0.900221

snt1 = 0.561214

snt2 = 0.796623

p :=
1 1   -0.033969
1 2    0.00525997
1 3   -0.0548332
2 1    0.00963733
2 2   -0.0329593
2 3   -0.0401958
3 1    0.00745606
3 2    0.0307771
3 3    0.0618594
;

mf :=
1 1    0.950079
1 2   -0.284903
1 3    0.397317
2 1   -0.149854
2 2    1.00109
2 3   -0.101646
;

mt [*] :=
1  -0.309225
2  -0.406128
3  -0.843972
;

phi :=
1 1   0.061143
1 2   0.0689754
1 3   0.0815624
2 1   0.0118396
2 2   0.0211975
2 3   0.0717181
3 1   0.0608914
3 2   0.0687585
3 3   0.0815268
4 1   0.231856
4 2   0.180302
4 3   0.0950711
;

l [*,1,*]
:      1           2           3        :=
1   0.949807   -0.285075    0.397852
2   1.29079    -0.068856   -0.275602
3   0.950893   -0.284386    0.395709
4   0.609365   -0.500948    1.07023

 [*,2,*]
:       1          2           3         :=
1   -0.150408   1.00096    -0.101605
2    0.546174   1.16497    -0.153338
3   -0.148191   1.00148    -0.10177
4   -0.84588    0.837199   -0.0499551

 [*,3,*]
:       1            2           3        :=
1   -0.308934    -0.406619   -0.843843
2   -0.673805     0.210465   -1.00554
3   -0.310096    -0.404655   -0.844358
4    0.0553547   -1.02272    -0.682407
;

W[i,j,k] :=
1 1 1    0.949807
1 1 2   -0.285075
1 1 3    0.397852
2 1 1    1.29079
2 1 2   -0.068856
2 1 3   -0.275602
3 1 1    0.950893
3 1 2   -0.284386
3 1 3    0.395709
4 1 1    0.609365
4 1 2   -0.500948
4 1 3    1.07023
;

W[i,j,k] :=
1 1 4   -0.0135389
1 1 5   -0.0385664
1 1 6    0.00468774
2 1 4   -0.00522526
2 1 5   -0.0801404
2 1 6   -0.00445057
3 1 4   -0.0135124
3 1 5   -0.0386987
3 1 6    0.00465866
4 1 4   -0.0218392
4 1 5    0.00294128
4 1 6    0.0138115
;

W[i,j,k] :=
1 2 1   -0.150408
1 2 2    1.00096
1 2 3   -0.101605
2 2 1    0.546174
2 2 2    1.16497
2 2 3   -0.153338
3 2 1   -0.148191
3 2 2    1.00148
3 2 3   -0.10177
4 2 1   -0.84588
4 2 2    0.837199
4 2 3   -0.0499551
;

W[i,j,k] :=
1 2 4    0.043583
1 2 5    0.00702499
1 2 6    0.00468917
2 2 4    0.051881
2 2 5   -0.0204761
2 2 6    0.0292288
3 2 4    0.0436095
3 2 5    0.00693746
3 2 6    0.00476728
4 2 4    0.0352984
4 2 5    0.0344822
4 2 6   -0.0198113
;

W[i,j,k] :=
1 3 1   -0.308934
1 3 2   -0.406619
1 3 3   -0.843843
2 3 1   -0.673805
2 3 2    0.210465
2 3 3   -1.00554
3 3 1   -0.310096
3 3 2   -0.404655
3 3 3   -0.844358
4 3 1    0.0553547
4 3 2   -1.02272
4 3 3   -0.682407
;

W[i,j,k] :=
1 3 4   -0.000817879
1 3 5   -0.0128188
1 3 6    0.00647634
2 3 4   -0.0439668
2 3 5   -0.0341839
2 3 6    0.022307
3 3 4   -0.000955212
3 3 5   -0.0128868
3 3 6    0.00652672
4 3 4    0.0422622
4 3 5    0.00851228
4 3 6   -0.00932911
;

f11 = 7.9499

f12 = 15

f13 = -2.23196

f21 = -1.09467

f22 = 15

f23 = -8.18439

f31 = 2.66143

f32 = 15

f33 = -7.03482

