solve_message = ' \
Ipopt 3.9.1: Converged to a locally infeasible point. Problem may be infeasible.'

Solve time:
_solve_time = 13.9933

Objective:
torque = 6.88995

cnh1 = -0.974367

cnh2 = -0.687276

cnh3 = 0.439791

snh1 = 0.41545

snh2 = 0.638477

snh3 = 0.963629

Hx = -0.0128347

Hy = -0.0781795

Hz = 0.0647031

cnf11 = 0.75177

cnf21 = 1

cnf31 = 0.684697

cnf12 = 0.75177

cnf22 = 0.757196

cnf32 = 0.592285

cnt1 = 0.298038

cnt2 = 0.383427

snf11 = 0.56111

snf21 = 0.268339

snf31 = 0.738209

snf12 = 0.56111

snf22 = 0.553768

snf32 = 0.794886

snt1 = 0.979163

snt2 = 0.937157

p :=
1 1    0.0300156
1 2   -0.0185972
1 3    0.0445736
2 1   -0.0150479
2 2   -0.0226216
2 3   -0.0626849
3 1   -0.0148266
3 2    0.0304957
3 3    0.0489734
;

mf :=
1 1   -0.822129
1 2    0.642093
1 3   -0.0502983
2 1   -0.0589552
2 2    0.298571
2 3    0.789372
;

mt [*] :=
1   0.336639
2  -1.03496
3  -0.17522
;

phi :=
1 1   0.0760553
1 2   0.061898
1 3   0.093796
2 1   0.0576217
2 2   0.0432501
2 3   0.0640675
3 1   0.0759722
3 2   0.0618107
3 3   0.0936527
4 1   0.114701
4 2   0.114986
4 3   0.162138
;

l [*,1,*]
:       1          2           3         :=
1   -0.821808   0.64258    -0.0500923
2   -1.22508    0.030394   -0.308996
3   -0.823092   0.640632   -0.0509163
4   -0.419176   1.25379     0.208398

 [*,2,*]
:       1            2          3        :=
1   -0.0585243    0.298948   0.789313
2   -0.60004     -0.175804   0.863621
3   -0.0602478    0.297437   0.78955
4    0.482128     0.772944   0.715124

 [*,3,*]
:      1           2           3        :=
1   0.336575   -1.03484    -0.175767
2   0.417259   -1.17938     0.511331
3   0.336831   -1.0353     -0.17358
4   0.256019   -0.890533   -0.861769
;

W[i,j,k] :=
1 1 1   -0.821808
1 1 2    0.64258
1 1 3   -0.0500923
2 1 1   -1.22508
2 1 2    0.030394
2 1 3   -0.308996
3 1 1   -0.823092
3 1 2    0.640632
3 1 3   -0.0509163
4 1 1   -0.419176
4 1 2    1.25379
4 1 3    0.208398
;

W[i,j,k] :=
1 1 4   -0.0277105
1 1 5   -0.0351274
1 1 6    0.0040041
2 1 4    0.00439169
2 1 5   -0.0453317
2 1 6   -0.0218708
3 1 4   -0.0276084
3 1 5   -0.0351599
3 1 6    0.00392174
4 1 4   -0.0597616
4 1 5   -0.0249394
4 1 6    0.0298378
;

W[i,j,k] :=
1 2 1   -0.0585243
1 2 2    0.298948
1 2 3    0.789313
2 2 1   -0.60004
2 2 2   -0.175804
2 2 3    0.863621
3 2 1   -0.0602478
3 2 2    0.297437
3 2 3    0.78955
4 2 1    0.482128
4 2 2    0.772944
4 2 3    0.715124
;

W[i,j,k] :=
1 2 4    0.000884024
1 2 5    0.0155461
1 2 6   -0.00582246
2 2 4   -0.0305568
2 2 5    0.0506091
2 2 6   -0.0109284
3 2 4    0.000783955
3 2 5    0.0156577
3 2 6   -0.00583871
4 2 4    0.0322747
4 2 5   -0.019461
4 2 6   -0.000724692
;

W[i,j,k] :=
1 3 1    0.336575
1 3 2   -1.03484
1 3 3   -0.175767
2 3 1    0.417259
2 3 2   -1.17938
2 3 3    0.511331
3 3 1    0.336831
3 3 2   -1.0353
3 3 3   -0.17358
4 3 1    0.256019
4 3 2   -0.890533
4 3 3   -0.861769
;

W[i,j,k] :=
1 3 4    0.0453196
1 3 5    0.0138772
1 3 6    0.00507911
2 3 4    0.0733517
2 3 5    0.0280159
2 3 6    0.00476162
3 3 4    0.0454088
3 3 5    0.0139222
3 3 6    0.0050781
4 3 4    0.0173322
4 3 5   -0.000238984
4 3 6    0.0053961
;

f11 = 8.21292

f12 = 15

f13 = 0.854573

f21 = -1.18492

f22 = 12.9928

f23 = 6.39678

f31 = 0.51758

f32 = 15

f33 = 8.2409

