solve_message = ' \
Ipopt 3.9.1: Converged to a locally infeasible point. Problem may be infeasible.'

Solve time:
_solve_time = 32.8226

Objective:
torque = 7.24987

cnh1 = 0.488535

cnh2 = -0.466235

cnh3 = -0.966253

snh1 = 0.939858

snh2 = 0.951118

snh3 = 0.206376

Hx = 0.00373551

Hy = 0.0708646

Hz = -0.0697799

cnf11 = 0.326945

cnf21 = 0.944563

cnf31 = 0.627563

cnf12 = 0.326945

cnf22 = 0.226948

cnf32 = 0.395998

cnt1 = 0.751537

cnt2 = 0.589764

snf11 = 0.879265

snf21 = 0.479376

snf31 = 0.788293

snf12 = 0.879265

snf22 = 0.95389

snf32 = 0.907724

snt1 = 0.56142

snt2 = 0.796671

p :=
1 1   -0.0336186
1 2    0.00634826
1 3   -0.0556431
2 1    0.0136046
2 2   -0.0315675
2 3   -0.0382501
3 1    0.00407555
3 2    0.0304654
3 3    0.0628926
;

mf :=
1 1    0.945973
1 2   -0.321831
1 3    0.33345
2 1   -0.273979
2 2    0.979734
2 3   -0.118678
;

mt [*] :=
1  -0.21076
2  -0.403553
3  -0.886199
;

phi :=
1 1   0.052297
1 2   0.0754196
1 3   0.066132
2 1   0.00953595
2 2   0.0205327
2 3   0.0435496
3 1   0.052054
3 2   0.0751654
3 3   0.0660428
4 1   0.26077
4 2   0.21329
4 3   0.100632
;

l [*,1,*]
:      1           2            3        :=
1   0.945734   -0.322032     0.333964
2   1.24612    -0.0690627   -0.311583
3   0.94669    -0.321227     0.331909
4   0.645828   -0.574598     0.978482

 [*,2,*]
:       1          2            3         :=
1   -0.274499   0.979516   -0.118772
2    0.378355   1.25321    -0.00123313
3   -0.272421   0.980387   -0.118397
4   -0.926311   0.706259   -0.236122

 [*,3,*]
:       1           2           3        :=
1   -0.210455   -0.404025   -0.886072
2   -0.593759    0.189559   -1.04561
3   -0.211675   -0.402136   -0.88658
4    0.172237   -0.996662   -0.726785
;

W[i,j,k] :=
1 1 1    0.945734
1 1 2   -0.322032
1 1 3    0.333964
2 1 1    1.24612
2 1 2   -0.0690627
2 1 3   -0.311583
3 1 1    0.94669
3 1 2   -0.321227
3 1 3    0.331909
4 1 1    0.645828
4 1 2   -0.574598
4 1 3    0.978482
;

W[i,j,k] :=
1 1 4   -0.0157988
1 1 5   -0.0413961
1 1 6    0.00482252
2 1 4   -0.00582088
2 1 5   -0.0798129
2 1 6   -0.00558889
3 1 4   -0.015767
3 1 5   -0.0415184
3 1 6    0.00478939
4 1 4   -0.0257608
4 1 5   -0.00304066
4 1 6    0.0152173
;

W[i,j,k] :=
1 2 1   -0.274499
1 2 2    0.979516
1 2 3   -0.118772
2 2 1    0.378355
2 2 2    1.25321
2 2 3   -0.00123313
3 2 1   -0.272421
3 2 2    0.980387
3 2 3   -0.118397
4 2 1   -0.926311
4 2 2    0.706259
4 2 3   -0.236122
;

W[i,j,k] :=
1 2 4    0.0412159
1 2 5    0.0121154
1 2 6    0.00466072
2 2 4    0.0479743
2 2 5   -0.0144553
2 2 6    0.0289932
3 2 4    0.0412374
3 2 5    0.0120309
3 2 6    0.00473817
4 2 4    0.0344683
4 2 5    0.0386438
4 2 6   -0.0196329
;

W[i,j,k] :=
1 3 1   -0.210455
1 3 2   -0.404025
1 3 3   -0.886072
2 3 1   -0.593759
2 3 2    0.189559
2 3 3   -1.04561
3 3 1   -0.211675
3 3 2   -0.402136
3 3 3   -0.88658
4 3 1    0.172237
4 3 2   -0.996662
4 3 3   -0.726785
;

W[i,j,k] :=
1 3 4   -0.00158443
1 3 5   -0.00962483
1 3 6    0.00476499
2 3 4   -0.0437769
2 3 5   -0.0330815
2 3 6    0.0188617
3 3 4   -0.00171872
3 3 5   -0.00969948
3 3 6    0.00480985
4 3 4    0.0405408
4 3 5    0.0137945
4 3 6   -0.00930922
;

f11 = 8.05698

f12 = 15

f13 = -1.80764

f21 = -1.95878

f22 = 15

f23 = -8.02158

f31 = 3.04265

f32 = 12.5585

f33 = -5.50375

