solve_message = ' \
Ipopt 3.9.1: Converged to a locally infeasible point. Problem may be infeasible.'

Solve time:
_solve_time = 29.141

Objective:
torque = 6.96486

cnh1 = -0.980569

cnh2 = 0.690626

cnh3 = -0.484907

snh1 = 0.400606

snh2 = 0.634851

snh3 = -0.941735

Hx = 0.0104639

Hy = 0.0756897

Hz = 0.0722954

cnf11 = 0.817958

cnf21 = 1

cnf31 = 0.695592

cnf12 = 0.817958

cnf22 = 0.794056

cnf32 = 0.609558

cnt1 = 0.309448

cnt2 = 0.325231

snf11 = 0.459287

snf21 = 0.224579

snf31 = 0.727832

snf12 = 0.459287

snf22 = 0.499475

snf32 = 0.78227

snt1 = 0.994989

snt2 = 1

p :=
1 1   -0.0289862
1 2    0.0204707
1 3    0.0338323
2 1    0.00283209
2 2    0.0311726
2 3   -0.0591588
3 1    0.0145547
3 2   -0.0304461
3 3    0.0505172
;

mf :=
1 1    0.787988
1 2   -0.689889
1 3    0.0142386
2 1    0.173881
2 2   -0.407455
2 3    0.725912
;

mt [*] :=
1  -0.361837
2   1.11607
3  -0.101806
;

phi :=
1 1   0.081586
1 2   0.0508498
1 3   0.109097
2 1   0.0339487
2 2   9.09016e-05
2 3   0.055621
3 1   0.0814132
3 2   0.050655
3 3   0.1089
4 1   0.143493
4 2   0.12428
4 3   0.182456
;

l [*,1,*]
:      1           2           3         :=
1   0.787628   -0.690369    0.0143963
2   1.23989    -0.086574   -0.183847
3   0.789067   -0.688448    0.0137653
4   0.336084   -1.2932      0.212324

 [*,2,*]
:       1           2          3        :=
1    0.173468   -0.407854   0.725854
2    0.69262     0.09436    0.798857
3    0.17512    -0.406256   0.726086
4   -0.344856   -0.909267   0.652968

 [*,3,*]
:       1          2          3        :=
1   -0.361787   1.116     -0.102377
2   -0.423918   1.20579    0.614829
3   -0.361985   1.11629   -0.100094
4   -0.299756   1.02636   -0.818439
;

W[i,j,k] :=
1 1 1    0.787628
1 1 2   -0.690369
1 1 3    0.0143963
2 1 1    1.23989
2 1 2   -0.086574
2 1 3   -0.183847
3 1 1    0.789067
3 1 2   -0.688448
3 1 3    0.0137653
4 1 1    0.336084
4 1 2   -1.2932
4 1 3    0.212324
;

W[i,j,k] :=
1 1 4    0.0236515
1 1 5    0.0270646
1 1 6    0.00388783
2 1 4   -0.000834493
2 1 5    0.0366194
2 1 6   -0.0228721
3 1 4    0.0235736
3 1 5    0.027095
3 1 6    0.00380266
4 1 4    0.0480984
4 1 5    0.0175249
4 1 6    0.0306051
;

W[i,j,k] :=
1 2 1    0.173468
1 2 2   -0.407854
1 2 3    0.725854
2 2 1    0.69262
2 2 2    0.09436
2 2 3    0.798857
3 2 1    0.17512
3 2 2   -0.406256
3 2 3    0.726086
4 2 1   -0.344856
4 2 2   -0.909267
4 2 3    0.652968
;

W[i,j,k] :=
1 2 4   -0.00150137
1 2 5   -0.0123178
1 2 6   -0.00656253
2 2 4    0.0304847
2 2 5   -0.043237
2 2 6   -0.0213236
3 2 4   -0.00139957
3 2 5   -0.0124162
3 2 6   -0.00660951
4 2 4   -0.0334364
4 2 5    0.018552
4 2 6    0.00817495
;

W[i,j,k] :=
1 3 1   -0.361787
1 3 2    1.116
1 3 3   -0.102377
2 3 1   -0.423918
2 3 2    1.20579
2 3 3    0.614829
3 3 1   -0.361985
3 3 2    1.11629
3 3 3   -0.100094
4 3 1   -0.299756
4 3 2    1.02636
4 3 3   -0.818439
;

W[i,j,k] :=
1 3 4   -0.0532604
1 3 5   -0.0167864
1 3 6    0.00522811
2 3 4   -0.0796326
2 3 5   -0.0303638
2 3 6    0.00464336
3 3 4   -0.0533443
3 3 5   -0.0168296
3 3 6    0.00522625
4 3 4   -0.0269303
4 3 5   -0.00323066
4 3 6    0.00581193
;

f11 = 8.02749

f12 = 15

f13 = 1.93438

f21 = -1.47923

f22 = 11.4109

f23 = 5.52123

f31 = 1.90243

f32 = 15

f33 = 8.03512

