solve_message = ' \
Ipopt 3.9.1: Converged to a locally infeasible point. Problem may be infeasible.'

Solve time:
_solve_time = 37.409

Objective:
torque = 8.44186

cnh1 = 0.177884

cnh2 = -0.408105

cnh3 = -0.39809

snh1 = 1.0442

snh2 = -0.84466

snh3 = 0.981593

Hx = -0.0967716

Hy = -0.0151752

Hz = -0.034216

cnf11 = 0.853277

cnf21 = 0.72163

cnf31 = 0.524113

cnf12 = 0.853277

cnf22 = 1

cnf32 = 0.699223

cnt1 = 0.513163

cnt2 = 0.442065

snf11 = 0.389767

snf21 = 0.775403

snf31 = 0.864183

snf12 = 0.389767

snf22 = 0.209756

snf32 = 0.724309

snt1 = 0.926641

snt2 = 0.916041

p :=
1 1   -0.00124243
1 2    0.0271365
1 3    0.0626865
2 1   -0.0157887
2 2   -0.0296385
2 3    0.0517637
3 1    0.0228457
3 2    0.023429
3 3   -0.0558261
;

mf :=
1 1   -0.145145
1 2   -0.0529858
1 3   -0.950609
2 1    0.584453
2 2    0.756169
2 3   -0.414132
;

mt [*] :=
1  -0.738594
2  -0.484668
3   0.642008
;

phi :=
1 1   0.051993
1 2   0.0885008
1 3   0.0945451
2 1   0.0480149
2 2   0.0551318
2 3   0.0521047
3 1   0.0519801
3 2   0.0883682
3 3   0.0943576
4 1   0.0561521
4 2   0.144595
4 3   0.1944
;

l [*,1,*]
:       1           2            3        :=
1   -0.144761   -0.0525293   -0.950639
2   -0.627843   -0.626305    -0.91261
3   -0.146299   -0.0543555   -0.950518
4    0.33755     0.520331    -0.988607

 [*,2,*]
:      1          2           3        :=
1   0.584749   0.756318   -0.413678
2   0.213352   0.569474   -0.984705
3   0.583567   0.755723   -0.415495
4   0.955553   0.942864    0.156438

 [*,3,*]
:       1           2          3        :=
1   -0.738125   -0.485085   0.642115
2   -1.32727     0.03851    0.50816
3   -0.74       -0.483419   0.641689
4   -0.149919   -1.00784    0.775856
;

W[i,j,k] :=
1 1 1   -0.144761
1 1 2   -0.0525293
1 1 3   -0.950639
2 1 1   -0.627843
2 1 2   -0.626305
2 1 3   -0.91261
3 1 1   -0.146299
3 1 2   -0.0543555
3 1 3   -0.950518
4 1 1    0.33755
4 1 2    0.520331
4 1 3   -0.988607
;

W[i,j,k] :=
1 1 4   -0.0225041
1 1 5   -0.0102557
1 1 6    0.00399357
2 1 4    0.0144958
2 1 5   -0.0404912
2 1 6    0.0178156
3 1 4   -0.0223864
3 1 5   -0.0103519
3 1 6    0.00403757
4 1 4   -0.0594451
4 1 5    0.0199316
4 1 6   -0.00980642
;

W[i,j,k] :=
1 2 1    0.584749
1 2 2    0.756318
1 2 3   -0.413678
2 2 1    0.213352
2 2 2    0.569474
2 2 3   -0.984705
3 2 1    0.583567
3 2 2    0.755723
3 2 3   -0.415495
4 2 1    0.955553
4 2 2    0.942864
4 2 3    0.156438
;

W[i,j,k] :=
1 2 4   -0.0268891
1 2 5    0.0237373
1 2 6    0.00538975
2 2 4   -0.000292982
2 2 5   -0.00450334
2 2 6   -0.00266785
3 2 4   -0.0268044
3 2 5    0.0236475
3 2 6    0.0053641
4 2 4   -0.0534428
4 2 5    0.051933
4 2 6    0.0134345
;

W[i,j,k] :=
1 3 1   -0.738125
1 3 2   -0.485085
1 3 3    0.642115
2 3 1   -1.32727
2 3 2    0.03851
2 3 3    0.50816
3 3 1   -0.74
3 3 2   -0.483419
3 3 3    0.641689
4 3 1   -0.149919
4 3 2   -1.00784
4 3 3    0.775856
;

W[i,j,k] :=
1 3 4   -0.0120363
1 3 5    0.0265371
1 3 6    0.00621145
2 3 4    0.0140556
2 3 5    0.0624872
2 3 6    0.0319764
3 3 4   -0.0119533
3 3 5    0.0266516
3 3 6    0.00629345
4 3 4   -0.0380866
4 3 5   -0.00935555
4 3 6   -0.0195124
;

f11 = -8.24902

f12 = 15

f13 = 0.369072

f21 = 7.65922

f22 = 15

f23 = -3.08525

f31 = 6.87962

f32 = 15

f33 = -2.25649

