solve_message = ' \
Ipopt 3.9.1: Converged to a locally infeasible point. Problem may be infeasible.'

Solve time:
_solve_time = 89.2638

Objective:
torque = 4.97204

cnh1 = -0.0198812

cnh2 = 0.929631

cnh3 = 0.0424675

snh1 = 1.05906

snh2 = 0.379164

snh3 = 0.937121

Hx = -0.0796239

Hy = 0.0170087

Hz = -0.0412817

cnf11 = -0.483043

cnf21 = 0.442514

cnf31 = 0.412571

cnf12 = -0.483043

cnf22 = 0.662362

cnf32 = 0.553288

cnt1 = -0.916827

cnt2 = 0

snf11 = 0.903654

snf21 = 0.962383

snf31 = 0.934774

snf12 = 0.903654

snf22 = 0.664286

snf32 = 0.820917

snt1 = 0.198567

snt2 = 1

p :=
1 1    0.0282359
1 2   -0.0179436
1 3   -0.0584088
2 1    0.0073112
2 2    0.0184831
2 3    0.0638708
3 1   -0.00215648
3 2    0.0336947
3 3   -0.0503695
;

mf :=
1 1   -0.756772
1 2    0.635022
1 3    0.461428
2 1   -0.142724
2 2    0.117811
2 3   -0.891369
;

mt [*] :=
1  -0.0937741
2  -0.951477
3   0.360449
;

phi :=
1 1   0.0478008
1 2   0.0666395
1 3   0.0685963
2 1   0
2 2   0.00530622
2 3   0.196012
3 1   0.0475747
3 2   0.0663504
3 3   0.0688034
4 1   0.203024
4 2   0.23172
4 3   0.0222187
;

l [*,1,*]
:       1          2           3        :=
1   -0.756471   0.634984    0.461918
2   -1.13466    0.682569   -0.152877
3   -0.757675   0.635136    0.459961
4   -0.378886   0.587476    1.07573

 [*,2,*]
:       1           2           3        :=
1   -0.142378    0.11826    -0.891392
2   -0.577275   -0.446156   -0.861672
3   -0.143762    0.116463   -0.891298
4    0.291826    0.681775   -0.921065

 [*,3,*]
:       1            2           3         :=
1   -0.0941759   -0.951297    0.360764
2    0.41068     -1.17739    -0.0348251
3   -0.092569    -0.952017    0.359505
4   -0.598226    -0.725564    0.755722
;

W[i,j,k] :=
1 1 1   -0.756471
1 1 2    0.634984
1 1 3    0.461918
2 1 1   -1.13466
2 1 2    0.682569
2 1 3   -0.152877
3 1 1   -0.757675
3 1 2    0.635136
3 1 3    0.459961
4 1 1   -0.378886
4 1 2    0.587476
4 1 3    1.07573
;

W[i,j,k] :=
1 1 4    0.0288002
1 1 5    0.0311419
1 1 6    0.00435555
2 1 4    0.0426112
2 1 5    0.0705908
2 1 6   -0.00108694
3 1 4    0.0288442
3 1 5    0.0312675
3 1 6    0.00433823
4 1 4    0.0150112
4 1 5   -0.00824405
4 1 6    0.00978935
;

W[i,j,k] :=
1 2 1   -0.142378
1 2 2    0.11826
1 2 3   -0.891392
2 2 1   -0.577275
2 2 2   -0.446156
2 2 3   -0.861672
3 2 1   -0.143762
3 2 2    0.116463
3 2 3   -0.891298
4 2 1    0.291826
4 2 2    0.681775
4 2 3   -0.921065
;

W[i,j,k] :=
1 2 4   -0.024029
1 2 5   -0.00257664
1 2 6    0.00349621
2 2 4    0.01257
2 2 5   -0.0305712
2 2 6    0.0074079
3 2 4   -0.0239125
3 2 5   -0.00266574
3 2 6    0.00350866
4 2 4   -0.0605696
4 2 5    0.0253732
4 2 6   -0.000409245
;

W[i,j,k] :=
1 3 1   -0.0941759
1 3 2   -0.951297
1 3 3    0.360764
2 3 1    0.41068
2 3 2   -1.17739
2 3 3   -0.0348251
3 3 1   -0.092569
3 3 2   -0.952017
3 3 3    0.359505
4 3 1   -0.598226
4 3 2   -0.725564
4 3 3    0.755722
;

W[i,j,k] :=
1 3 4   -0.0357606
1 3 5    0.00552157
1 3 6    0.00522468
2 3 4   -0.060478
2 3 5   -0.0207608
2 3 6   -0.0112987
3 3 4   -0.0358392
3 3 5    0.00543792
3 3 6    0.00517209
4 3 4   -0.0110825
4 3 5    0.0317621
4 3 6    0.0217217
;

f11 = 6.81132

f12 = 15

f13 = -4.66781

f21 = 1.68477

f22 = 5.90857

f23 = 2.4514

f31 = -4.50953

f32 = 15

f33 = -6.91713

