solve_message = ' \
Ipopt 3.9.1: Converged to a locally infeasible point. Problem may be infeasible.'

Solve time:
_solve_time = 18.1117

Objective:
torque = 7.23909

cnh1 = 0.277145

cnh2 = -1.0301

cnh3 = -0.233672

snh1 = -0.896209

snh2 = 0.0686682

snh3 = 0.908514

Hx = 0.0835776

Hy = -0.00364059

Hz = -0.0657969

cnf11 = 1

cnf21 = 1

cnf31 = 0.7431

cnf12 = 1

cnf22 = 0.572807

cnf32 = 0.465576

cnt1 = 0.0239174

cnt2 = 0.24596

snf11 = 0

snf21 = 0

snf31 = 0.6691

snf12 = 0

snf22 = 0.891006

snf32 = 0.901472

snt1 = 0.937778

snt2 = 1

p :=
1 1    0.0157184
1 2    0.0313507
1 3   -0.0490857
2 1   -0.0262566
2 2    0.0216485
2 3   -0.0474968
3 1    0.0218087
3 2   -0.0154805
3 3   -0.0628469
;

mf :=
1 1   -0.534134
1 2   -0.801344
1 3    0.256129
2 1    0.720535
2 2   -0.783406
2 3   -0.0628692
;

mt [*] :=
1   0.71083
2   0.462883
3  -0.247947
;

phi :=
1 1   0.092683
1 2   0.0194622
1 3   0.103982
2 1   0.035136
2 2   0.000890138
2 3   0.0332244
3 1   0.0924555
3 2   0.0193842
3 3   0.103692
4 1   0.19293
4 2   0.055318
4 3   0.247138
;

l [*,1,*]
:       1           2           3        :=
1   -0.534357   -0.801009    0.256556
2   -0.254585   -1.22261    -0.279911
3   -0.533467   -0.802351    0.254848
4   -0.813683   -0.380077    0.792167

 [*,2,*]
:      1           2           3         :=
1   0.720377   -0.783653   -0.06237
2   0.918674   -0.473624   -0.689741
3   0.721008   -0.782666   -0.0643668
4   0.522397   -1.09319     0.564

 [*,3,*]
:      1          2           3        :=
1   0.710562   0.463162   -0.248321
2   1.04801    0.111644    0.222132
3   0.711636   0.462044   -0.246824
4   0.373652   0.814121   -0.718024
;

W[i,j,k] :=
1 1 1   -0.534357
1 1 2   -0.801009
1 1 3    0.256556
2 1 1   -0.254585
2 1 2   -1.22261
2 1 3   -0.279911
3 1 1   -0.533467
3 1 2   -0.802351
3 1 3    0.254848
4 1 1   -0.813683
4 1 2   -0.380077
4 1 3    0.792167
;

W[i,j,k] :=
1 1 4   -0.0312749
1 1 5    0.0221966
1 1 6    0.00416188
2 1 4   -0.0687883
2 1 5    0.0168962
2 1 6   -0.0112361
3 1 4   -0.0313943
3 1 5    0.0221798
3 1 6    0.00411287
4 1 4    0.00617868
4 1 5    0.0274886
4 1 6    0.0195353
;

W[i,j,k] :=
1 2 1    0.720377
1 2 2   -0.783653
1 2 3   -0.06237
2 2 1    0.918674
2 2 2   -0.473624
2 2 3   -0.689741
3 2 1    0.721008
3 2 2   -0.782666
3 2 3   -0.0643668
4 2 1    0.522397
4 2 2   -1.09319
4 2 3    0.564
;

W[i,j,k] :=
1 2 4   -0.0385712
1 2 5   -0.0358533
1 2 6    0.00498101
2 2 4   -0.0374275
2 2 5   -0.0617444
2 2 6   -0.00745215
3 2 4   -0.0385676
3 2 5   -0.0359357
3 2 6    0.00494144
4 2 4   -0.0397132
4 2 5   -0.0100034
4 2 6    0.0173943
;

W[i,j,k] :=
1 3 1    0.710562
1 3 2    0.463162
1 3 3   -0.248321
2 3 1    1.04801
2 3 2    0.111644
2 3 3    0.222132
3 3 1    0.711636
3 3 2    0.462044
3 3 3   -0.246824
4 3 1    0.373652
4 3 2    0.814121
4 3 3   -0.718024
;

W[i,j,k] :=
1 3 4    0.0329524
1 3 5   -0.039241
1 3 6    0.0211008
2 3 4    0.00357774
2 3 5   -0.0707085
2 3 6    0.0186585
3 3 4    0.0328589
3 3 5   -0.0393412
3 3 6    0.021093
4 3 4    0.0622803
4 3 5   -0.0078237
4 3 6    0.0235392
;

f11 = 8.08166

f12 = 15

f13 = -1.69386

f21 = 3.81641

f22 = 9.05072

f23 = -1.83992

f31 = 7.31438

f32 = 15

f33 = -3.83175

