solve_message = ' \
Ipopt 3.9.1: Converged to a locally infeasible point. Problem may be infeasible.'

Solve time:
_solve_time = 23.8526

Objective:
torque = 7.59206

cnh1 = -0.394995

cnh2 = 0.607722

cnh3 = -0.571922

snh1 = 0.850869

snh2 = -0.714614

snh3 = -0.891574

Hx = 0.0633977

Hy = 0.0125155

Hz = 0.0325293

cnf11 = 0.469951

cnf21 = 0.226989

cnf31 = 0.35915

cnf12 = 0.469951

cnf22 = 1

cnf32 = 0.678784

cnt1 = 0.685257

cnt2 = 0.562153

snf11 = 0.811878

snf21 = 0.992675

snf31 = 0.948657

snf12 = 0.811878

snf22 = 0.291635

snf32 = 0.743722

snt1 = 0.640643

snt2 = 0.815295

p :=
1 1   -0.0322168
1 2   -0.0121832
1 3    0.024077
2 1    0.0151305
2 2    0.0321217
2 3   -0.0207858
3 1    0.0003327
3 2   -0.0324408
3 3   -0.0606824
;

mf :=
1 1    0.965013
1 2    0.221406
1 3   -0.144632
2 1   -0.510862
2 2   -0.829903
2 3   -0.0654444
;

mt [*] :=
1  -0.0944293
2   0.475723
3   0.704256
;

phi :=
1 1   0.0751063
1 2   0.0890022
1 3   0.0622852
2 1   0.030679
2 2   0.0639208
2 3   0.0104005
3 1   0.0749198
3 2   0.0889112
3 3   0.0620498
4 1   0.162168
4 2   0.12217
4 3   0.192648
;

l [*,1,*]
:      1            2            3        :=
1   0.964941    0.221224     -0.145106
2   1.05528     0.449378      0.451157
3   0.965229    0.221951     -0.143209
4   0.874745   -0.00656532   -0.740419

 [*,2,*]
:       1            2           3         :=
1   -0.511318    -0.829717   -0.0652639
2    0.0627653   -1.06274    -0.292155
3   -0.509491    -0.830459   -0.065986
4   -1.08449     -0.597062    0.161265

 [*,3,*]
:       1            2          3        :=
1   -0.0946854   0.476055    0.703952
2    0.227224    0.0582952   1.08586
3   -0.0936608   0.474726    0.705167
4   -0.416081    0.893149    0.322649
;

W[i,j,k] :=
1 1 1    0.964941
1 1 2    0.221224
1 1 3   -0.145106
2 1 1    1.05528
2 1 2    0.449378
2 1 3    0.451157
3 1 1    0.965229
3 1 2    0.221951
3 1 3   -0.143209
4 1 1    0.874745
4 1 2   -0.00656532
4 1 3   -0.740419
;

W[i,j,k] :=
1 1 4   -0.00355855
1 1 5    0.018558
1 1 6    0.00462897
2 1 4   -0.0163162
2 1 5    0.0399428
2 1 6   -0.00162076
3 1 4   -0.00359915
3 1 5    0.0186261
3 1 6    0.00460908
4 1 4    0.00917877
4 1 5   -0.00279268
4 1 6    0.0108687
;

W[i,j,k] :=
1 2 1   -0.511318
1 2 2   -0.829717
1 2 3   -0.0652639
2 2 1    0.0627653
2 2 2   -1.06274
2 2 3   -0.292155
3 2 1   -0.509491
3 2 2   -0.830459
3 2 3   -0.065986
4 2 1   -1.08449
4 2 2   -0.597062
4 2 3    0.161265
;

W[i,j,k] :=
1 2 4   -0.0193428
1 2 5    0.0116157
1 2 6    0.00387037
2 2 4   -0.0314745
2 2 5    0.00311582
2 2 6   -0.018096
3 2 4   -0.0193814
3 2 5    0.0115886
3 2 6    0.00380045
4 2 4   -0.00723033
4 2 5    0.0201019
4 2 6    0.0258017
;

W[i,j,k] :=
1 3 1   -0.0946854
1 3 2    0.476055
1 3 3    0.703952
2 3 1    0.227224
2 3 2    0.0582952
2 3 3    1.08586
3 3 1   -0.0936608
3 3 2    0.474726
3 3 3    0.705167
4 3 1   -0.416081
4 3 2    0.893149
4 3 3    0.322649
;

W[i,j,k] :=
1 3 4    0.00605137
1 3 5    0.00551153
1 3 6   -0.00291329
2 3 4   -0.0316888
2 3 5   -0.0141497
2 3 6    0.00739072
3 3 4    0.00593126
3 3 5    0.00544896
3 3 6   -0.0028805
4 3 4    0.0437314
4 3 5    0.0251414
4 3 6   -0.0132009
;

f11 = 3.41027

f12 = 15

f13 = 7.52013

f21 = 7.91691

f22 = 15

f23 = 2.34629

f31 = -5.35144

f32 = 15

f33 = 6.28845

