solve_message = ' \
Ipopt 3.9.1: Converged to a locally infeasible point. Problem may be infeasible.'

Solve time:
_solve_time = 9.99966

Objective:
torque = 8.247

cnh1 = -1.03191

cnh2 = 0.91208

cnh3 = 0.275784

snh1 = 0.0457187

snh2 = -0.219339

snh3 = -1.02271

Hx = 0.0109463

Hy = 0.065384

Hz = 0.00347758

cnf11 = 0.932738

cnf21 = 0.394409

cnf31 = 0.465037

cnf12 = 0.932738

cnf22 = 1

cnf32 = 0.742687

cnt1 = 0.17888

cnt2 = 0.31972

snf11 = 0

snf21 = 0.851141

snf31 = 0.866725

snf12 = 0

snf22 = 0.0238511

snf32 = 0.679428

snt1 = 0.998532

snt2 = 0.981681

p :=
1 1   -0.0195999
1 2   -0.0264631
1 3    0.0550791
2 1   -0.0239185
2 2    0.0261372
2 3    0.0397393
3 1    0.018596
3 2   -0.0289919
3 3    0.0243888
;

mf :=
1 1    0.656897
1 2    0.57805
1 3   -0.221531
2 1    0.641255
2 2   -0.863946
2 3   -0.0258355
;

mt [*] :=
1  -0.480208
2   0.997327
3  -0.12364
;

phi :=
1 1   0.0250279
1 2   0.0972207
1 3   0.102977
2 1   0.0189316
2 2   0.0389295
2 3   0.0490138
3 1   0.0250076
3 2   0.0969604
3 3   0.102745
4 1   0.0317341
4 2   0.230506
4 3   0.212526
;

l [*,1,*]
:      1          2           3        :=
1   0.657154   0.57784    -0.221126
2   0.334279   0.841465   -0.72945
3   0.656126   0.578679   -0.222744
4   0.979514   0.314635    0.286387

 [*,2,*]
:      1           2           3         :=
1   0.641126   -0.864136   -0.0253326
2   0.803294   -0.625317   -0.657334
3   0.641642   -0.863376   -0.0273441
4   0.479217   -1.10257     0.605661

 [*,3,*]
:       1           2           3        :=
1   -0.480648    0.997024   -0.123881
2    0.0723404   1.37705     0.179291
3   -0.478888    0.998234   -0.122916
4   -1.03275     0.617603   -0.426569
;

W[i,j,k] :=
1 1 1    0.657154
1 1 2    0.57784
1 1 3   -0.221126
2 1 1    0.334279
2 1 2    0.841465
2 1 3   -0.72945
3 1 1    0.656126
3 1 2    0.578679
3 1 3   -0.222744
4 1 1    0.979514
4 1 2    0.314635
4 1 3    0.286387
;

W[i,j,k] :=
1 1 4   -0.0259752
1 1 5    0.0318614
1 1 6    0.00606469
2 1 4   -0.0270436
2 1 5    0.00411459
2 1 6   -0.00764662
3 1 4   -0.0259786
3 1 5    0.0317731
3 1 6    0.00602105
4 1 4   -0.0249085
4 1 5    0.0595639
4 1 6    0.0197541
;

W[i,j,k] :=
1 2 1    0.641126
1 2 2   -0.864136
1 2 3   -0.0253326
2 2 1    0.803294
2 2 2   -0.625317
2 2 3   -0.657334
3 2 1    0.641642
3 2 2   -0.863376
3 2 3   -0.0273441
4 2 1    0.479217
4 2 2   -1.10257
4 2 3    0.605661
;

W[i,j,k] :=
1 2 4    0.0336781
1 2 5    0.024872
1 2 6    0.00391158
2 2 4    0.00766884
2 2 5    0.0162
2 2 6   -0.00603922
3 2 4    0.0335953
3 2 5    0.0248444
3 2 6    0.0038799
4 2 4    0.0596458
4 2 5    0.0335302
4 2 6    0.0138465
;

W[i,j,k] :=
1 3 1   -0.480648
1 3 2    0.997024
1 3 3   -0.123881
2 3 1    0.0723404
2 3 2    1.37705
2 3 3    0.179291
3 3 1   -0.478888
3 3 2    0.998234
3 3 3   -0.122916
4 3 1   -1.03275
4 3 2    0.617603
4 3 3   -0.426569
;

W[i,j,k] :=
1 3 4   -0.0207246
1 3 5   -0.00941871
1 3 6    0.00460577
2 3 4   -0.0387826
2 3 5   -0.00156979
2 3 6    0.0277049
3 3 4   -0.0207821
3 3 5   -0.00939373
3 3 6    0.00467929
4 3 4   -0.00269553
4 3 5   -0.0172551
4 3 6   -0.0184565
;

f11 = 0.334369

f12 = 13.8716

f13 = -2.66033

f21 = 7.59942

f22 = 15

f23 = -3.22976

f31 = 6.4442

f32 = 15

f33 = -5.16282

