solve_message = ' \
Ipopt 3.9.1: Converged to a locally infeasible point. Problem may be infeasible.'

Solve time:
_solve_time = 15.9433

Objective:
torque = 7.63152

cnh1 = -0.180963

cnh2 = 0.909559

cnh3 = 0.421313

snh1 = 1.04367

snh2 = 0.229571

snh3 = 0.971851

Hx = -0.0617053

Hy = -0.00831037

Hz = -0.0392619

cnf11 = 0.0144754

cnf21 = 0.072778

cnf31 = 0.390013

cnf12 = 0.0144754

cnf22 = 0.415759

cnf32 = 0.471245

cnt1 = 0.766

cnt2 = 0.7431

snf11 = 1

snf21 = 0.935256

snf31 = 0.878928

snf12 = 1

snf22 = 0.840919

snf32 = 0.864195

snt1 = 0

snt2 = 0.6691

p :=
1 1    0.0342776
1 2    0.00910134
1 3   -0.0368053
2 1   -0.00287032
2 2    0.0297572
2 3    0.0609369
3 1   -0.0202345
3 2   -0.0278753
3 3    0.00161044
;

mf :=
1 1   -1.00807
1 2   -0.154467
1 3    0.0986872
2 1   -0.143093
2 2   -0.282644
2 3   -0.908293
;

mt [*] :=
1  0.636296
2  0.648119
3  0.165831
;

phi :=
1 1   0.0653356
1 2   0.0767031
1 3   0.104379
2 1   0.0234047
2 2   0.090952
2 3   0.0581098
3 1   0.0651694
3 2   0.0767466
3 3   0.104202
4 1   0.131298
4 2   0.0636086
4 3   0.171044
;

l [*,1,*]
:       1           2           3         :=
1   -1.00799    -0.154773    0.0991412
2   -1.11156     0.229672   -0.471471
3   -1.00832    -0.153549    0.0973251
4   -0.904585   -0.538604    0.668843

 [*,2,*]
:       1           2           3        :=
1   -0.142752   -0.282199   -0.908476
2   -0.571559   -0.841131   -0.677499
3   -0.144117   -0.283978   -0.907741
4    0.285371    0.275842   -1.13909

 [*,3,*]
:      1          2           3        :=
1   0.63634    0.647963    0.166321
2   0.581232   0.844355   -0.449179
3   0.636165   0.648588    0.164362
4   0.69136    0.451884    0.78084
;

W[i,j,k] :=
1 1 1   -1.00799
1 1 2   -0.154773
1 1 3    0.0991412
2 1 1   -1.11156
2 1 2    0.229672
2 1 3   -0.471471
3 1 1   -1.00832
3 1 2   -0.153549
3 1 3    0.0973251
4 1 1   -0.904585
4 1 2   -0.538604
4 1 3    0.668843
;

W[i,j,k] :=
1 1 4   -0.00479415
1 1 5    0.033701
1 1 6    0.00386881
2 1 4    0.00416212
2 1 5    0.0570721
2 1 6    0.0179893
3 1 4   -0.00476564
3 1 5    0.0337754
3 1 6    0.00391375
4 1 4   -0.0137361
4 1 5    0.0103672
4 1 6   -0.0102291
;

W[i,j,k] :=
1 2 1   -0.142752
1 2 2   -0.282199
1 2 3   -0.908476
2 2 1   -0.571559
2 2 2   -0.841131
2 2 3   -0.677499
3 2 1   -0.144117
3 2 2   -0.283978
3 2 3   -0.907741
4 2 1    0.285371
4 2 2    0.275842
4 2 3   -1.13909
;

W[i,j,k] :=
1 2 4   -0.00983741
1 2 5   -0.0113065
1 2 6    0.00505791
2 2 4    0.0310955
2 2 5   -0.0367737
2 2 6    0.0194223
3 2 4   -0.00970713
3 2 5   -0.0113876
3 2 6    0.00510363
4 2 4   -0.050705
4 2 5    0.0141201
4 2 6   -0.00928361
;

W[i,j,k] :=
1 3 1    0.63634
1 3 2    0.647963
1 3 3    0.166321
2 3 1    0.581232
2 3 2    0.844355
2 3 3   -0.449179
3 3 1    0.636165
3 3 2    0.648588
3 3 3    0.164362
4 3 1    0.69136
4 3 2    0.451884
4 3 3    0.78084
;

W[i,j,k] :=
1 3 4   -0.00567977
1 3 5    0.00439022
1 3 6    0.00462699
2 3 4    0.0111612
2 3 5   -0.00815287
2 3 6   -0.000883061
3 3 4   -0.00562617
3 3 5    0.00435029
3 3 6    0.00460946
4 3 4   -0.0224939
4 3 5    0.0169133
4 3 6    0.0101283
;

f11 = 7.28526

f12 = 15

f13 = -3.88683

f21 = -3.05554

f22 = 12.8935

f23 = -5.68721

f31 = 7.63108

f32 = 15

f33 = -3.15422

