solve_message = ' \
Ipopt 3.9.1: Converged to a locally infeasible point. Problem may be infeasible.'

Solve time:
_solve_time = 6.50524

Objective:
torque = 7.21814

cnh1 = -0.946049

cnh2 = -0.458918

cnh3 = -0.96555

snh1 = 0.476423

snh2 = 0.95467

snh3 = 0.198802

Hx = -0.0710808

Hy = 0.00414053

Hz = -0.0694488

cnf11 = 0.316848

cnf21 = 0.945947

cnf31 = 0.628365

cnf12 = 0.316848

cnf22 = 0.229473

cnf32 = 0.395723

cnt1 = 0.752555

cnt2 = 0.590215

snf11 = 0.882956

snf21 = 0.476638

snf31 = 0.787636

snf12 = 0.882956

snf22 = 0.954703

snf32 = 0.908589

snt1 = 0.560055

snt2 = 0.796352

p :=
1 1   -0.00650946
1 2   -0.0335721
1 3   -0.0557153
2 1    0.0314254
2 2    0.0139317
2 3   -0.0382014
3 1   -0.0302643
3 2    0.00398657
3 3    0.0630847
;

mf :=
1 1    0.32668
1 2    0.943257
1 3    0.328855
2 1   -0.976648
2 2   -0.284068
2 3   -0.119554
;

mt [*] :=
1   0.401934
2  -0.202841
3  -0.888512
;

phi :=
1 1   0.0515788
1 2   0.0805077
1 3   0.0644587
2 1   0.00456526
2 2   0.0264488
2 3   0.0699782
3 1   0.051318
3 2   0.0802751
3 3   0.0644748
4 1   0.291987
4 2   0.193468
4 3   0.0598284
;

l [*,1,*]
:       1          2           3        :=
1   0.326884    0.943019    0.329367
2   0.0699125   1.24154    -0.314191
3   0.326067    0.943969    0.327319
4   0.583446    0.644973    0.971898

 [*,2,*]
:       1           2            3         :=
1   -0.976425   -0.284583   -0.119656
2   -1.25772     0.362389    0.00882317
3   -0.97732    -0.282524   -0.119247
4   -0.695581   -0.930523   -0.24793

 [*,3,*]
:       1           2           3        :=
1    0.402404   -0.202534   -0.888385
2   -0.188164   -0.587844   -1.04803
3    0.400524   -0.20376    -0.888894
4    0.992029    0.182161   -0.728991
;

W[i,j,k] :=
1 1 1    0.326884
1 1 2    0.943019
1 1 3    0.329367
2 1 1    0.0699125
2 1 2    1.24154
2 1 3   -0.314191
3 1 1    0.326067
3 1 2    0.943969
3 1 3    0.327319
4 1 1    0.583446
4 1 2    0.644973
4 1 3    0.971898
;

W[i,j,k] :=
1 1 4    0.0414831
1 1 5   -0.0160684
1 1 6    0.00483563
2 1 4    0.0797208
2 1 5   -0.00594039
2 1 6   -0.00573467
3 1 4    0.0416048
3 1 5   -0.0160362
3 1 6    0.00480199
4 1 4    0.00330627
4 1 5   -0.0261803
4 1 6    0.0153891
;

W[i,j,k] :=
1 2 1   -0.976425
1 2 2   -0.284583
1 2 3   -0.119656
2 2 1   -1.25772
2 2 2    0.362389
2 2 3    0.00882317
3 2 1   -0.97732
3 2 2   -0.282524
3 2 3   -0.119247
4 2 1   -0.695581
4 2 2   -0.930523
4 2 3   -0.24793
;

W[i,j,k] :=
1 2 4   -0.0125385
1 2 5    0.041061
1 2 6    0.00466015
2 2 4    0.0139666
2 2 5    0.0477692
2 2 6    0.0289103
3 2 4   -0.0124541
3 2 5    0.0410823
3 2 6    0.00473733
4 2 4   -0.0390013
4 2 5    0.0343635
4 2 6   -0.0195513
;

W[i,j,k] :=
1 3 1    0.402404
1 3 2   -0.202534
1 3 3   -0.888385
2 3 1   -0.188164
2 3 2   -0.587844
2 3 3   -1.04803
3 3 1    0.400524
3 3 2   -0.20376
3 3 3   -0.888894
4 3 1    0.992029
4 3 2    0.182161
4 3 3   -0.728991
;

W[i,j,k] :=
1 3 4    0.00923523
1 3 5   -0.0015008
1 3 6    0.0045253
2 3 4    0.032906
2 3 5   -0.0435883
2 3 6    0.0185408
3 3 4    0.00931057
3 3 5   -0.00163475
3 3 6    0.00456991
4 3 4   -0.0143977
4 3 5    0.0405196
4 3 6   -0.00946781
;

f11 = 8.06251

f12 = 15

f13 = -1.7828

f21 = -2.05821

f22 = 15

f23 = -7.99663

f31 = 3.04034

f32 = 12.3587

f33 = -5.39079

