solve_message = ' \
Ipopt 3.9.1: Converged to a locally infeasible point. Problem may be infeasible.'

Solve time:
_solve_time = 6.31804

Objective:
torque = 8.1781

cnh1 = 1.02299

cnh2 = 1.04856

cnh3 = 0.791467

snh1 = 0.274741

snh2 = 0.150088

snh3 = 0.703974

Hx = -0.0325398

Hy = 0.0789878

Hz = -0.0653226

cnf11 = 0.50418

cnf21 = 0.338933

cnf31 = 0.449512

cnf12 = 0.50418

cnf22 = 0.446589

cnf32 = 0.480437

cnt1 = 0.766

cnt2 = 0.649802

snf11 = 0.931559

snf21 = 0.874714

snf31 = 0.87244

snf12 = 0.931559

snf22 = 0.824959

snf32 = 0.860221

snt1 = 0.360616

snt2 = 0.750167

p :=
1 1    0.0219321
1 2   -0.0278955
1 3   -0.0340301
2 1    0.0161117
2 2    0.0273609
2 3    0.0617471
3 1   -0.0350761
3 2   -0.00551624
3 3    0.0122155
;

mf :=
1 1   -0.635102
1 2    0.858097
1 3    0.0189509
2 1   -0.498516
2 2   -0.382783
2 3   -0.888518
;

mt [*] :=
1  1.04024
2  0.0537577
3  0.109828
;

phi :=
1 1   0.0516337
1 2   0.0716115
1 3   0.0807785
2 1   0.00167603
2 2   0.0452203
2 3   0.0303454
3 1   0.0514774
3 2   0.0715082
3 3   0.0805461
4 1   0.186487
4 2   0.115234
4 3   0.223411
;

l [*,1,*]
:       1           2           3         :=
1   -0.635548    0.857788    0.0192717
2   -0.0752485   1.24628    -0.383838
3   -0.633764    0.859025    0.0179886
4   -1.19495     0.469918    0.421738

 [*,2,*]
:       1            2           3        :=
1   -0.498085    -0.383241   -0.888585
2   -1.03996      0.192129   -0.80491
3   -0.49981     -0.38141    -0.888318
4    0.0429223   -0.957693   -0.972126

 [*,3,*]
:      1           2            3        :=
1   1.04018     0.0538161    0.110431
2   1.11244    -0.0196228   -0.647983
3   1.04041     0.0535823    0.108017
4   0.968032    0.127138     0.867636
;

W[i,j,k] :=
1 1 1   -0.635548
1 1 2    0.857788
1 1 3    0.0192717
2 1 1   -0.0752485
2 1 2    1.24628
2 1 3   -0.383838
3 1 1   -0.633764
3 1 2    0.859025
3 1 3    0.0179886
4 1 1   -1.19495
4 1 2    0.469918
4 1 3    0.421738
;

W[i,j,k] :=
1 1 4    0.028653
1 1 5    0.0212051
1 1 6    0.00108412
2 1 4    0.0531183
2 1 5    0.0109791
2 1 6    0.0252343
3 1 4    0.0287309
3 1 5    0.0211725
3 1 6    0.00116098
4 1 4    0.00422673
4 1 5    0.0314148
4 1 6   -0.0230276
;

W[i,j,k] :=
1 2 1   -0.498085
1 2 2   -0.383241
1 2 3   -0.888585
2 2 1   -1.03996
2 2 2    0.192129
2 2 3   -0.80491
3 2 1   -0.49981
3 2 2   -0.38141
3 2 3   -0.888318
4 2 1    0.0429223
4 2 2   -0.957693
4 2 3   -0.972126
;

W[i,j,k] :=
1 2 4   -0.00064842
1 2 5   -0.0164388
1 2 6    0.0074534
2 2 4   -0.0338864
2 2 5   -0.0512459
2 2 6    0.0315496
3 2 4   -0.000754209
3 2 5   -0.0165495
3 2 6    0.00753009
4 2 4    0.0325366
4 2 5    0.0183129
4 2 6   -0.0166044
;

W[i,j,k] :=
1 3 1    1.04018
1 3 2    0.0538161
1 3 3    0.110431
2 3 1    1.11244
2 3 2   -0.0196228
2 3 3   -0.647983
3 3 1    1.04041
3 3 2    0.0535823
3 3 3    0.108017
4 3 1    0.968032
4 3 2    0.127138
4 3 3    0.867636
;

W[i,j,k] :=
1 3 4   -0.00126655
1 3 5    0.0165798
1 3 6    0.00385021
2 3 4    0.00381413
2 3 5   -0.00913976
2 3 6    0.00682478
3 3 4   -0.00125038
3 3 5    0.0164979
3 3 6    0.00385968
4 3 4   -0.00633913
4 3 5    0.0422583
4 3 6    0.00088039
;

f11 = 3.27584

f12 = 15

f13 = -7.57967

f21 = 2.50189

f22 = 15

f23 = -7.86912

f31 = 7.11986

f32 = 15

f33 = -4.18211

