solve_message = ' \
Ipopt 3.9.1: Converged to a locally infeasible point. Problem may be infeasible.'

Solve time:
_solve_time = 6.78604

Objective:
torque = 8.44293

cnh1 = -0.17781

cnh2 = -0.408134

cnh3 = -0.398146

snh1 = -1.04421

snh2 = -0.844647

snh3 = 0.98157

Hx = 0.0967736

Hy = 0.0151812

Hz = -0.0342244

cnf11 = 0.8533

cnf21 = 0.721666

cnf31 = 0.524128

cnf12 = 0.8533

cnf22 = 1

cnf32 = 0.699243

cnt1 = 0.513133

cnt2 = 0.442053

snf11 = 0.38972

snf21 = 0.775369

snf31 = 0.864173

snf12 = 0.38972

snf22 = 0.209676

snf32 = 0.72429

snt1 = 0.926656

snt2 = 0.916047

p :=
1 1    0.0012545
1 2   -0.0271346
1 3    0.0626872
2 1    0.0157898
2 2    0.0296382
2 3    0.0517624
3 1   -0.0228383
3 2   -0.023436
3 3   -0.0558269
;

mf :=
1 1    0.145044
1 2    0.0529077
1 3   -0.95062
2 1   -0.584488
2 2   -0.756193
2 3   -0.414082
;

mt [*] :=
1  0.738594
2  0.484771
3  0.641946
;

phi :=
1 1   0.051594
1 2   0.0919749
1 3   0.101931
2 1   0.0474294
2 2   0.0599143
2 3   0.0464768
3 1   0.05158
3 2   0.0918425
3 3   0.101772
4 1   0.0562201
4 2   0.140297
4 3   0.193712
;

l [*,1,*]
:       1           2            3        :=
1    0.144659    0.0524511   -0.95065
2    0.627668    0.626297    -0.912704
3    0.146197    0.0542775   -0.950529
4   -0.337578   -0.520479    -0.988535

 [*,2,*]
:       1           2           3        :=
1   -0.584784   -0.756342   -0.413627
2   -0.213466   -0.569479   -0.984687
3   -0.583602   -0.755747   -0.415445
4   -0.955508   -0.942907    0.156522

 [*,3,*]
:      1           2           3        :=
1   0.738125    0.485188    0.642053
2   1.32731    -0.0383529   0.508082
3   0.740001    0.483521    0.641626
4   0.149876    1.00789     0.77581
;

W[i,j,k] :=
1 1 1    0.144659
1 1 2    0.0524511
1 1 3   -0.95065
2 1 1    0.627668
2 1 2    0.626297
2 1 3   -0.912704
3 1 1    0.146197
3 1 2    0.0542775
3 1 3   -0.950529
4 1 1   -0.337578
4 1 2   -0.520479
4 1 3   -0.988535
;

W[i,j,k] :=
1 1 4    0.0225075
1 1 5    0.0102609
1 1 6    0.00399107
2 1 4   -0.0144949
2 1 5    0.0404917
2 1 6    0.0178172
3 1 4    0.0223897
3 1 5    0.0103571
3 1 6    0.00403508
4 1 4    0.0594509
4 1 5   -0.0199217
4 1 6   -0.00981299
;

W[i,j,k] :=
1 2 1   -0.584784
1 2 2   -0.756342
1 2 3   -0.413627
2 2 1   -0.213466
2 2 2   -0.569479
2 2 3   -0.984687
3 2 1   -0.583602
3 2 2   -0.755747
3 2 3   -0.415445
4 2 1   -0.955508
4 2 2   -0.942907
4 2 3    0.156522
;

W[i,j,k] :=
1 2 4    0.0268909
1 2 5   -0.0237387
1 2 6    0.00538946
2 2 4    0.000293309
2 2 5    0.00449843
2 2 6   -0.00266519
3 2 4    0.0268063
3 2 5   -0.0236489
3 2 6    0.00536382
4 2 4    0.0534462
4 2 5   -0.0519309
4 2 6    0.0134313
;

W[i,j,k] :=
1 3 1    0.738125
1 3 2    0.485188
1 3 3    0.642053
2 3 1    1.32731
2 3 2   -0.0383529
2 3 3    0.508082
3 3 1    0.740001
3 3 2    0.483521
3 3 3    0.641626
4 3 1    0.149876
4 3 2    1.00789
4 3 3    0.77581
;

W[i,j,k] :=
1 3 4    0.0120394
1 3 5   -0.0265439
1 3 6    0.00621786
2 3 4   -0.0140485
2 3 5   -0.0624961
2 3 6    0.0319829
3 3 4    0.0119563
3 3 5   -0.0266583
3 3 6    0.00629986
4 3 4    0.0380856
4 3 5    0.00935104
4 3 6   -0.019506
;

f11 = -8.24877

f12 = 15

f13 = 0.374522

f21 = 7.65739

f22 = 15

f23 = -3.08979

f31 = 6.87926

f32 = 15

f33 = -2.25433

