solve_message = ' \
Ipopt 3.9.1: Converged to a locally infeasible point. Problem may be infeasible.'

Solve time:
_solve_time = 4.04043

Objective:
torque = 5.90926

cnh1 = 1.05654

cnh2 = 1.03244

cnh3 = -0.557385

snh1 = -0.0756084

snh2 = -0.236776

snh3 = 0.900734

Hx = 0.00240101

Hy = 0.0669926

Hz = 0.037406

cnf11 = 0.979316

cnf21 = 0.570477

cnf31 = 0.506406

cnf12 = 0.979316

cnf22 = 0.130221

cnf32 = 0.400291

cnt1 = 0.766

cnt2 = 0.649802

snf11 = 0.403659

snf21 = 0.786245

snf31 = 0.85568

snf12 = 0.403659

snf22 = 0.929001

snf32 = 0.881045

snt1 = 0.360616

snt2 = 0.750167

p :=
1 1    0.0346585
1 2   -0.00347481
1 3   -0.0516809
2 1    0.0134522
2 2   -0.0317094
2 3    0.0198482
3 1   -0.034498
3 2    0.00833514
3 3   -0.0327863
;

mf :=
1 1   -1.06988
1 2    0.231992
1 3    0.348101
2 1   -0.521946
2 2    0.886674
2 3    0.145523
;

mt [*] :=
1   0.985101
2  -0.350002
3   0.0411487
;

phi :=
1 1   0.0663001
1 2   0.0482505
1 3   0.123327
2 1   0.0231183
2 2   0.0185529
2 3   0.0907314
3 1   0.0661162
3 2   0.0481335
3 3   0.123204
4 1   0.156138
4 2   0.0960467
4 3   0.174084
;

l [*,1,*]
:       1           2           3        :=
1   -1.0701     0.231865     0.347519
2   -0.786538   0.391631     1.07872
3   -1.0692     0.232373     0.349846
4   -1.35322    0.0723528   -0.38252

 [*,2,*]
:       1          2           3        :=
1   -0.521946   0.886792    0.144902
2   -0.522467   0.738046    0.925799
3   -0.521947   0.886319    0.147387
4   -0.521426   1.0353     -0.634749

 [*,3,*]
:      1           2           3         :=
1   0.984892   -0.35056     0.0412889
2   1.24668     0.350013   -0.134886
3   0.985725   -0.34833     0.0407282
4   0.723521   -1.05002     0.217183
;

W[i,j,k] :=
1 1 1   -1.0701
1 1 2    0.231865
1 1 3    0.347519
2 1 1   -0.786538
2 1 2    0.391631
2 1 3    1.07872
3 1 1   -1.0692
3 1 2    0.232373
3 1 3    0.349846
4 1 1   -1.35322
4 1 2    0.0723528
4 1 3   -0.38252
;

W[i,j,k] :=
1 1 4    0.0107754
1 1 5    0.0432595
1 1 6    0.00431766
2 1 4    0.0164915
2 1 5    0.00326209
2 1 6    0.0108403
3 1 4    0.0107936
3 1 5    0.0431322
3 1 6    0.00433842
4 1 4    0.00506845
4 1 5    0.0831931
4 1 6   -0.00219454
;

W[i,j,k] :=
1 2 1   -0.521946
1 2 2    0.886792
1 2 3    0.144902
2 2 1   -0.522467
2 2 2    0.738046
2 2 3    0.925799
3 2 1   -0.521947
3 2 2    0.886319
3 2 3    0.147387
4 2 1   -0.521426
4 2 2    1.0353
4 2 3   -0.634749
;

W[i,j,k] :=
1 2 4   -0.022196
1 2 5   -0.0123089
1 2 6   -0.0046213
2 2 4   -0.0440054
2 2 5   -0.022824
2 2 6   -0.00663878
3 2 4   -0.0222654
3 2 5   -0.0123424
3 2 6   -0.00462772
4 2 4   -0.000421385
4 2 5   -0.00181062
4 2 6   -0.00260705
;

W[i,j,k] :=
1 3 1    0.984892
1 3 2   -0.35056
1 3 3    0.0412889
2 3 1    1.24668
2 3 2    0.350013
2 3 3   -0.134886
3 3 1    0.985725
3 3 2   -0.34833
3 3 3    0.0407282
4 3 1    0.723521
4 3 2   -1.05002
4 3 3    0.217183
;

W[i,j,k] :=
1 3 4   -0.0111494
1 3 5   -0.0308666
1 3 6    0.0038844
2 3 4    0.0103514
2 3 5   -0.0455274
2 3 6   -0.022466
3 3 4   -0.011081
3 3 5   -0.0309133
3 3 6    0.00380053
4 3 4   -0.0326159
4 3 5   -0.0162292
4 3 6    0.0301928
;

f11 = -5.77714

f12 = 15

f13 = 5.89976

f21 = 1.08376

f22 = 2.71792

f23 = 0.890076

f31 = 7.14949

f32 = 15

f33 = 4.13126

