solve_message = ' \
Ipopt 3.9.1: Converged to a locally infeasible point. Problem may be infeasible.'

Solve time:
_solve_time = 2.55842

Objective:
torque = 7.71493

cnh1 = 0.225057

cnh2 = -0.503593

cnh3 = 0.246034

snh1 = -0.976648

snh2 = -0.79145

snh3 = 1.03028

Hx = 0.0924104

Hy = 0.0123043

Hz = 0.0152633

cnf11 = 0.817707

cnf21 = 0.543171

cnf31 = 0.45397

cnf12 = 0.817707

cnf22 = 1

cnf32 = 0.690545

cnt1 = 0.661217

cnt2 = 0.552851

snf11 = 0.459734

snf21 = 0.909377

snf31 = 0.908658

snf12 = 0.459734

snf22 = 0.244981

snf32 = 0.732674

snt1 = 0.665427

snt2 = 0.82119

p :=
1 1   -0.0280646
1 2   -0.0129407
1 3    0.0597602
2 1    0.0143217
2 2    0.0312215
2 3    0.0549624
3 1    0.00495245
3 2   -0.0318544
3 3   -0.0610303
;

mf :=
1 1    0.716397
1 2    0.0145629
1 3   -0.73096
2 1   -0.497233
2 2   -0.755779
2 3   -0.443607
;

mt [*] :=
1  0.0867037
2  0.455537
3  0.743318
;

phi :=
1 1   0.0670937
1 2   0.0768983
1 3   0.108653
2 1   0.0570587
2 2   0.0545279
2 3   0.0788911
3 1   0.0670535
3 2   0.0768206
3 3   0.108541
4 1   0.0832477
4 2   0.103612
4 3   0.151921
;

l [*,1,*]
:      1           2            3        :=
1   0.716048    0.0141781   -0.731185
2   1.155       0.497824    -0.448277
3   0.717445    0.0157174   -0.730285
4   0.277798   -0.468697    -1.01364

 [*,2,*]
:       1            2           3        :=
1   -0.497673    -0.755814   -0.443252
2    0.0549739   -0.712522   -0.889136
3   -0.495914    -0.755676   -0.444671
4   -1.04944     -0.799036    0.001921

 [*,3,*]
:       1            2           3        :=
1    0.0863374   0.455896     0.743123
2    0.54679     0.00417177   0.987584
3    0.0878029   0.454458     0.743901
4   -0.37338     0.9069       0.499052
;

W[i,j,k] :=
1 1 1    0.716048
1 1 2    0.0141781
1 1 3   -0.731185
2 1 1    1.155
2 1 2    0.497824
2 1 3   -0.448277
3 1 1    0.717445
3 1 2    0.0157174
3 1 3   -0.730285
4 1 1    0.277798
4 1 2   -0.468697
4 1 3   -1.01364
;

W[i,j,k] :=
1 1 4    0.00861478
1 1 5    0.0222707
1 1 6    0.00886827
2 1 4   -0.0239491
2 1 5    0.0564422
2 1 6    0.000975255
3 1 4    0.00851113
3 1 5    0.0223795
3 1 6    0.00884315
4 1 4    0.0411267
4 1 5   -0.0118463
4 1 6    0.0167487
;

W[i,j,k] :=
1 2 1   -0.497673
1 2 2   -0.755814
1 2 3   -0.443252
2 2 1    0.0549739
2 2 2   -0.712522
2 2 3   -0.889136
3 2 1   -0.495914
3 2 2   -0.755676
3 2 3   -0.444671
4 2 1   -1.04944
4 2 2   -0.799036
4 2 3    0.001921
;

W[i,j,k] :=
1 2 4    0.0277023
1 2 5   -0.0210052
1 2 6    0.00471357
2 2 4    0.0114018
2 2 5    0.0157554
2 2 6   -0.0119209
3 2 4    0.0276505
3 2 5   -0.0208882
3 2 6    0.00466062
4 2 4    0.0439769
4 2 5   -0.0577071
4 2 6    0.0213215
;

W[i,j,k] :=
1 3 1    0.0863374
1 3 2    0.455896
1 3 3    0.743123
2 3 1    0.54679
2 3 2    0.00417177
2 3 3    0.987584
3 3 1    0.0878029
3 3 2    0.454458
3 3 3    0.743901
4 3 1   -0.37338
4 3 2    0.9069
4 3 3    0.499052
;

W[i,j,k] :=
1 3 4    0.00415174
1 3 5   -0.00894948
1 3 6    0.00500803
2 3 4   -0.0312043
2 3 5   -0.0382617
2 3 6    0.0174383
3 3 4    0.00403921
3 3 5   -0.00904277
3 3 6    0.00504759
4 3 4    0.0394514
4 3 5    0.020316
4 3 6   -0.00740245
;

f11 = -7.75948

f12 = 15

f13 = 2.82365

f21 = 8.2555

f22 = 15

f23 = 0.170941

f31 = 0.514601

f32 = 15

f33 = 4.47167

