solve_message = ' \
Ipopt 3.9.1: Converged to a locally infeasible point. Problem may be infeasible.'

Solve time:
_solve_time = 11.4661

Objective:
torque = 8.44193

cnh1 = -1.04421

cnh2 = 0.408102

cnh3 = 0.397994

snh1 = 0.177818

snh2 = -0.844661

snh3 = -0.981632

Hx = -0.0151726

Hy = 0.0967717

Hz = -0.0342126

cnf11 = 0.853278

cnf21 = 0.721632

cnf31 = 0.524114

cnf12 = 0.853278

cnf22 = 1

cnf32 = 0.699225

cnt1 = 0.513157

cnt2 = 0.442062

snf11 = 0.389766

snf21 = 0.775401

snf31 = 0.864183

snf12 = 0.389766

snf22 = 0.209748

snf32 = 0.724307

snt1 = 0.926644

snt2 = 0.916042

p :=
1 1    0.0271366
1 2    0.00123645
1 3    0.0626866
2 1   -0.0296381
2 2    0.0157893
2 3    0.0517641
3 1    0.0234288
3 2   -0.0228458
3 3   -0.0558265
;

mf :=
1 1   -0.0529773
1 2    0.145191
1 3   -0.950603
2 1    0.756154
2 2   -0.584468
2 3   -0.414148
;

mt [*] :=
1  -0.484654
2   0.738588
3   0.642029
;

phi :=
1 1   0.0655023
1 2   0.0785235
1 3   0.0971076
2 1   0.0376491
2 2   0.0406511
2 3   0.0536543
3 1   0.0654019
3 2   0.0783915
3 3   0.0969421
4 1   0.101488
4 2   0.124606
4 3   0.16698
;

l [*,1,*]
:       1            2           3        :=
1   -0.0525207    0.144806   -0.950634
2   -0.626286     0.627905   -0.91259
3   -0.0543469    0.146344   -0.950513
4    0.52033     -0.337522   -0.988617

 [*,2,*]
:      1           2           3        :=
1   0.756303   -0.584764   -0.413694
2   0.569472   -0.213336   -0.98471
3   0.755708   -0.583582   -0.415511
4   0.942836   -0.955599    0.156411

 [*,3,*]
:       1           2          3        :=
1   -0.485071    0.738119   0.642136
2    0.0385378   1.32725    0.508201
3   -0.483404    0.739995   0.641709
4   -1.00784     0.149925   0.775856
;

W[i,j,k] :=
1 1 1   -0.0525207
1 1 2    0.144806
1 1 3   -0.950634
2 1 1   -0.626286
2 1 2    0.627905
2 1 3   -0.91259
3 1 1   -0.0543469
3 1 2    0.146344
3 1 3   -0.950513
4 1 1    0.52033
4 1 2   -0.337522
4 1 3   -0.988617
;

W[i,j,k] :=
1 1 4   -0.0102528
1 1 5    0.0225046
1 1 6    0.00399449
2 1 4   -0.0404896
2 1 5   -0.0144952
2 1 6    0.0178136
3 1 4   -0.0103491
3 1 5    0.0223869
3 1 6    0.00403847
4 1 4    0.0199357
4 1 5    0.0594454
4 1 6   -0.00980257
;

W[i,j,k] :=
1 2 1    0.756303
1 2 2   -0.584764
1 2 3   -0.413694
2 2 1    0.569472
2 2 2   -0.213336
2 2 3   -0.98471
3 2 1    0.755708
3 2 2   -0.583582
3 2 3   -0.415511
4 2 1    0.942836
4 2 2   -0.955599
4 2 3    0.156411
;

W[i,j,k] :=
1 2 4    0.0237378
1 2 5    0.0268883
1 2 6    0.0053898
2 2 4   -0.0045047
2 2 5    0.000293311
2 2 6   -0.00266868
3 2 4    0.023648
3 2 5    0.0268036
3 2 6    0.00536416
4 2 4    0.0519353
4 2 5    0.0534408
4 2 6    0.0134354
;

W[i,j,k] :=
1 3 1   -0.485071
1 3 2    0.738119
1 3 3    0.642136
2 3 1    0.0385378
2 3 2    1.32725
2 3 3    0.508201
3 3 1   -0.483404
3 3 2    0.739995
3 3 3    0.641709
4 3 1   -1.00784
4 3 2    0.149925
4 3 3    0.775856
;

W[i,j,k] :=
1 3 4    0.0265365
1 3 5    0.0120353
1 3 6    0.00621145
2 3 4    0.0624856
2 3 5   -0.014058
2 3 6    0.0319764
3 3 4    0.0266509
3 3 5    0.0119523
3 3 6    0.00629346
4 3 4   -0.00935522
4 3 5    0.038087
4 3 6   -0.0195124
;

f11 = -8.24898

f12 = 15

f13 = 0.369872

f21 = 7.65922

f22 = 15

f23 = -3.08526

f31 = 6.87957

f32 = 15

f33 = -2.25578

