solve_message = ' \
Ipopt 3.9.1: Converged to a locally infeasible point. Problem may be infeasible.'

Solve time:
_solve_time = 22.9633

Objective:
torque = 7.59098

cnh1 = 0.801421

cnh2 = -0.549374

cnh3 = -1.00345

snh1 = -0.606812

snh2 = 0.905642

snh3 = 0.339261

Hx = 0.0682969

Hy = 0.00118924

Hz = -0.0750967

cnf11 = 0.466894

cnf21 = 0.941128

cnf31 = 0.62559

cnf12 = 0.466894

cnf22 = 0.205774

cnf32 = 0.398415

cnt1 = 0.751798

cnt2 = 0.589879

snf11 = 0.81364

snf21 = 0.486084

snf31 = 0.789904

snf12 = 0.81364

snf22 = 0.946626

snf32 = 0.900333

snt1 = 0.56107

snt2 = 0.796589

p :=
1 1    0.00526639
1 2    0.0339681
1 3   -0.0548327
2 1   -0.0329537
2 2   -0.00965518
2 3   -0.0402137
3 1    0.0307794
3 2   -0.00744529
3 3    0.0618599
;

mf :=
1 1   -0.285086
1 2   -0.950075
1 3    0.396971
2 1    1.00116
2 2    0.150433
2 3   -0.101539
;

mt [*] :=
1  -0.406146
2   0.309007
3  -0.844014
;

phi :=
1 1   0.0574936
1 2   0.0708595
1 3   0.0729755
2 1   0.0102709
2 2   0.0206997
2 3   0.0578815
3 1   0.0572605
3 2   0.0706313
3 3   0.0729144
4 1   0.245199
4 2   0.196472
4 3   0.100775
;

l [*,1,*]
:       1            2           3        :=
1   -0.285258    -0.949804    0.397506
2   -0.0687646   -1.2906     -0.275925
3   -0.284569    -0.950888    0.395363
4   -0.501406    -0.609548    1.06986

 [*,2,*]
:      1           2           3         :=
1   1.00102     0.150987   -0.101498
2   1.16548    -0.545545   -0.152898
3   1.00155     0.14877    -0.101662
4   0.836832    0.846408   -0.0501804

 [*,3,*]
:       1           2            3        :=
1   -0.406637    0.308716    -0.843886
2    0.210264    0.673768    -1.00555
3   -0.404673    0.309878    -0.8444
4   -1.02255    -0.0557537   -0.682483
;

W[i,j,k] :=
1 1 1   -0.285258
1 1 2   -0.949804
1 1 3    0.397506
2 1 1   -0.0687646
2 1 2   -1.2906
2 1 3   -0.275925
3 1 1   -0.284569
3 1 2   -0.950888
3 1 3    0.395363
4 1 1   -0.501406
4 1 2   -0.609548
4 1 3    1.06986
;

W[i,j,k] :=
1 1 4   -0.0385778
1 1 5    0.013548
1 1 6    0.00468765
2 1 4   -0.08014
2 1 5    0.00522367
2 1 6   -0.00446102
3 1 4   -0.0387101
3 1 5    0.0135215
3 1 6    0.00465853
4 1 4    0.0029181
4 1 5    0.0218591
4 1 6    0.0138217
;

W[i,j,k] :=
1 2 1    1.00102
1 2 2    0.150987
1 2 3   -0.101498
2 2 1    1.16548
2 2 2   -0.545545
2 2 3   -0.152898
3 2 1    1.00155
3 2 2    0.14877
3 2 3   -0.101662
4 2 1    0.836832
4 2 2    0.846408
4 2 3   -0.0501804
;

W[i,j,k] :=
1 2 4    0.00705173
1 2 5   -0.0435996
1 2 6    0.00468949
2 2 4   -0.0204621
2 2 5   -0.0519068
2 2 6    0.0292306
3 2 4    0.00696416
3 2 5   -0.0436261
3 2 6    0.0047676
4 2 4    0.0345217
4 2 5   -0.0353057
4 2 6   -0.0198125
;

W[i,j,k] :=
1 3 1   -0.406637
1 3 2    0.308716
1 3 3   -0.843886
2 3 1    0.210264
2 3 2    0.673768
2 3 3   -1.00555
3 3 1   -0.404673
3 3 2    0.309878
3 3 3   -0.8444
4 3 1   -1.02255
4 3 2   -0.0557537
4 3 3   -0.682483
;

W[i,j,k] :=
1 3 4   -0.0128142
1 3 5    0.000819824
1 3 6    0.00647458
2 3 4   -0.0341926
2 3 5    0.043957
2 3 6    0.0223037
3 3 4   -0.0128822
3 3 5    0.00095712
3 3 6    0.00652496
4 3 4    0.0085302
4 3 5   -0.0422486
4 3 6   -0.00932927
;

f11 = 7.95077

f12 = 15

f13 = -2.22886

f21 = -1.10224

f22 = 15

f23 = -8.18337

f31 = 2.66306

f32 = 15

f33 = -7.03042

