solve_message = ' \
Ipopt 3.9.1: Converged to a locally infeasible point. Problem may be infeasible.'

Solve time:
_solve_time = 15.4753

Objective:
torque = 6.51661

cnh1 = -0.211116

cnh2 = -0.49622

cnh3 = -0.975997

snh1 = -1.03799

snh2 = 0.917238

snh3 = 0.0384685

Hx = -0.004155

Hy = -0.0764228

Hz = -0.0763288

cnf11 = 0.180595

cnf21 = 0.926849

cnf31 = 0.617616

cnf12 = 0.180595

cnf22 = 0.34527

cnf32 = 0.45124

cnt1 = 0.766

cnt2 = 0.565711

snf11 = 0.963593

snf21 = 0.512788

snf31 = 0.796341

snf12 = 0.963593

snf22 = 0.872232

snf32 = 0.871852

snt1 = 0.670237

snt2 = 0.835582

p :=
1 1    0.0348565
1 2   -0.00365791
1 3   -0.0493829
2 1   -0.024807
2 2    0.0237868
2 3   -0.0386185
3 1    0.000802705
3 2   -0.0312428
3 3    0.0623611
;

mf :=
1 1   -1.03275
1 2    0.227888
1 3    0.23479
2 1    0.579786
2 2   -0.74479
2 3   -0.165004
;

mt [*] :=
1   0.0972064
2   0.458303
3  -1.02293
;

phi :=
1 1   0.0711013
1 2   0.0822509
1 3   0.0503199
2 1   0.00644814
2 2   0.0397256
2 3   0.0272266
3 1   0.0708153
3 2   0.0820439
3 3   0.0502243
4 1   0.230815
4 2   0.206936
4 3   0.091096
;

l [*,1,*]
:      1           2            3        :=
1   -1.03259   0.228067      0.235337
2   -1.23528   0.00275122   -0.452197
3   -1.03324   0.22735       0.233149
4   -0.83023   0.453024      0.921774

 [*,2,*]
:       1           2           3         :=
1   0.580173    -0.744407   -0.165176
2   0.0938092   -1.22572     0.0513505
3   0.578625    -0.745938   -0.164487
4   1.06576     -0.263861   -0.381357

 [*,3,*]
:       1            2           3        :=
1    0.0968673    0.458787   -1.02277
2    0.523097    -0.15006    -1.22713
3    0.0982239    0.45685    -1.02342
4   -0.328683     1.06666    -0.818737
;

W[i,j,k] :=
1 1 1   -1.03259
1 1 2    0.228067
1 1 3    0.235337
2 1 1   -1.23528
2 1 2    0.00275122
2 1 3   -0.452197
3 1 1   -1.03324
3 1 2    0.22735
3 1 3    0.233149
4 1 1   -0.83023
4 1 2    0.453024
4 1 3    0.921774
;

W[i,j,k] :=
1 1 4    0.0104018
1 1 5    0.0427893
1 1 6    0.0041725
2 1 4    0.00178996
2 1 5    0.0767636
2 1 6   -0.00442263
3 1 4    0.0103744
3 1 5    0.0428975
3 1 6    0.00414515
4 1 4    0.0189999
4 1 5    0.00886932
4 1 6    0.0127539
;

W[i,j,k] :=
1 2 1    0.580173
1 2 2   -0.744407
1 2 3   -0.165176
2 2 1    0.0938092
2 2 2   -1.22572
2 2 3    0.0513505
3 2 1    0.578625
3 2 2   -0.745938
3 2 3   -0.164487
4 2 1    1.06576
4 2 2   -0.263861
4 2 3   -0.381357
;

W[i,j,k] :=
1 2 4   -0.0326769
1 2 5   -0.0265029
1 2 6    0.00466603
2 2 4   -0.046114
2 2 5   -0.00234892
2 2 6    0.028175
3 2 4   -0.0327196
3 2 5   -0.026426
3 2 6    0.00474085
4 2 4   -0.0192612
4 2 5   -0.0506184
4 2 6   -0.0188055
;

W[i,j,k] :=
1 3 1    0.0968673
1 3 2    0.458787
1 3 3   -1.02277
2 3 1    0.523097
2 3 2   -0.15006
2 3 3   -1.22713
3 3 1    0.0982239
3 3 2    0.45685
3 3 3   -1.02342
4 3 1   -0.328683
4 3 2    1.06666
4 3 3   -0.818737
;

W[i,j,k] :=
1 3 4    0.00334374
1 3 5    0.00686173
1 3 6    0.00339467
2 3 4    0.0476969
2 3 5    0.0336059
2 3 6    0.0162226
3 3 4    0.00348491
3 3 5    0.00694685
3 3 6    0.0034355
4 3 4   -0.0409387
4 3 5   -0.0198398
4 3 6   -0.00941274
;

f11 = 7.71953

f12 = 15

f13 = -2.93111

f21 = -2.44034

f22 = 15

f23 = -7.88842

f31 = 2.05679

f32 = 7.98534

f33 = -3.43963

