solve_message = ' \
Ipopt 3.9.1: Converged to a locally infeasible point. Problem may be infeasible.'

Solve time:
_solve_time = 24.0086

Objective:
torque = 7.59206

cnh1 = 0.85087

cnh2 = 0.607723

cnh3 = -0.571921

snh1 = 0.394993

snh2 = -0.714614

snh3 = -0.891575

Hx = 0.0125154

Hy = -0.0633975

Hz = 0.032529

cnf11 = 0.469949

cnf21 = 0.226984

cnf31 = 0.359154

cnf12 = 0.469949

cnf22 = 1

cnf32 = 0.678784

cnt1 = 0.685255

cnt2 = 0.562153

snf11 = 0.811879

snf21 = 0.992672

snf31 = 0.948651

snf12 = 0.811879

snf22 = 0.291635

snf32 = 0.743722

snt1 = 0.640644

snt2 = 0.815295

p :=
1 1   -0.0121833
1 2    0.0322167
1 3    0.024077
2 1    0.0321216
2 2   -0.0151306
2 3   -0.0207868
3 1   -0.0324409
3 2   -0.000332196
3 3   -0.0606824
;

mf :=
1 1    0.221405
1 2   -0.965005
1 3   -0.144632
2 1   -0.829902
2 2    0.510864
2 3   -0.06544
;

mt [*] :=
1  0.475724
2  0.0944255
3  0.704255
;

phi :=
1 1   0.0719485
1 2   0.0872109
1 3   0.0597694
2 1   0.0308492
2 2   0.0613687
2 3   0.0149033
3 1   0.0717642
3 2   0.0871123
3 3   0.0595572
4 1   0.171976
4 2   0.125989
4 3   0.192398
;

l [*,1,*]
:        1            2           3        :=
1    0.221223     -0.964934   -0.145107
2    0.449377     -1.05527     0.451153
3    0.221949     -0.965221   -0.143209
4   -0.00656733   -0.874737   -0.740416

 [*,2,*]
:       1           2            3         :=
1   -0.829717    0.511321    -0.0652595
2   -1.06275    -0.0627623   -0.29215
3   -0.830458    0.509494    -0.0659816
4   -0.597059    1.08449      0.161269

 [*,3,*]
:       1           2           3        :=
1   0.476056     0.0946817   0.703951
2   0.0582954   -0.227227    1.08586
3   0.474727     0.0936571   0.705167
4   0.893151     0.416077    0.322649
;

W[i,j,k] :=
1 1 1    0.221223
1 1 2   -0.964934
1 1 3   -0.145107
2 1 1    0.449377
2 1 2   -1.05527
2 1 3    0.451153
3 1 1    0.221949
3 1 2   -0.965221
3 1 3   -0.143209
4 1 1   -0.00656733
4 1 2   -0.874737
4 1 3   -0.740416
;

W[i,j,k] :=
1 1 4    0.0185578
1 1 5    0.00355851
1 1 6    0.00462898
2 1 4    0.0399425
2 1 5    0.0163162
2 1 6   -0.00162076
3 1 4    0.0186259
3 1 5    0.00359911
3 1 6    0.00460909
4 1 4   -0.00279274
4 1 5   -0.00917882
4 1 6    0.0108688
;

W[i,j,k] :=
1 2 1   -0.829717
1 2 2    0.511321
1 2 3   -0.0652595
2 2 1   -1.06275
2 2 2   -0.0627623
2 2 3   -0.29215
3 2 1   -0.830458
3 2 2    0.509494
3 2 3   -0.0659816
4 2 1   -0.597059
4 2 2    1.08449
4 2 3    0.161269
;

W[i,j,k] :=
1 2 4    0.0116161
1 2 5    0.0193434
1 2 6    0.00387037
2 2 4    0.00311577
2 2 5    0.0314754
2 2 6   -0.018096
3 2 4    0.0115891
3 2 5    0.019382
3 2 6    0.00380045
4 2 4    0.0201029
4 2 5    0.00723072
4 2 6    0.0258017
;

W[i,j,k] :=
1 3 1    0.476056
1 3 2    0.0946817
1 3 3    0.703951
2 3 1    0.0582954
2 3 2   -0.227227
2 3 3    1.08586
3 3 1    0.474727
3 3 2    0.0936571
3 3 3    0.705167
4 3 1    0.893151
4 3 2    0.416077
4 3 3    0.322649
;

W[i,j,k] :=
1 3 4    0.00551166
1 3 5   -0.00605143
1 3 6   -0.00291341
2 3 4   -0.0141494
2 3 5    0.0316888
2 3 6    0.00739081
3 3 4    0.00544908
3 3 5   -0.00593131
3 3 6   -0.00288061
4 3 4    0.0251414
4 3 5   -0.0437315
4 3 6   -0.0132012
;

f11 = 3.41046

f12 = 15

f13 = 7.52006

f21 = 7.91691

f22 = 15

f23 = 2.34628

f31 = -5.35162

f32 = 15

f33 = 6.2883

