solve_message = ' \
Ipopt 3.9.1: Converged to a locally infeasible point. Problem may be infeasible.'

Solve time:
_solve_time = 3.55682

Objective:
torque = 7.87022

cnh1 = 0.294215

cnh2 = -0.518878

cnh3 = -0.427532

snh1 = 0.909309

snh2 = -0.781515

snh3 = 0.969132

Hx = -0.0678334

Hy = 0.00520409

Hz = -0.0548135

cnf11 = 0.819508

cnf21 = 0.759621

cnf31 = 0.587276

cnf12 = 0.819508

cnf22 = 1

cnf32 = 0.725432

cnt1 = 0.289025

cnt2 = 0.365546

snf11 = 0.456516

snf21 = 0.573506

snf31 = 0.800883

snf12 = 0.456516

snf22 = 0.0994602

snf32 = 0.697872

snt1 = 0.992877

snt2 = 0.955082

p :=
1 1   -0.00523896
1 2    0.0257567
1 3    0.0630006
2 1   -0.0225842
2 2   -0.0260082
2 3    0.00968089
3 1    0.0301381
3 2    0.0157632
3 3   -0.04775
;

mf :=
1 1    0.176907
1 2    0.0137729
1 3   -0.825252
2 1    0.721264
2 2    0.625936
2 3   -0.177734
;

mt [*] :=
1  -0.922938
2  -0.317233
3   0.312451
;

phi :=
1 1   0.0541566
1 2   0.0863611
1 3   0.0960228
2 1   0.05555
2 2   0.0443528
2 3   0.049875
3 1   0.0541609
3 2   0.0861934
3 3   0.0958363
4 1   0.0528546
4 2   0.16436
4 3   0.194465
;

l [*,1,*]
:       1           2            3        :=
1    0.177251    0.0141316   -0.825151
2   -0.254196   -0.436593    -0.952007
3    0.175878    0.012697    -0.825555
4    0.60801     0.464137    -0.698497

 [*,2,*]
:      1          2           3        :=
1   0.721483   0.625912   -0.177243
2   0.44548    0.656145   -0.794713
3   0.720605   0.626008   -0.179208
4   0.997046   0.595726    0.439243

 [*,3,*]
:       1           2          3        :=
1   -0.922674   -0.317711   0.312569
2   -1.25454     0.282824   0.163743
3   -0.92373    -0.315799   0.312096
4   -0.59134    -0.917288   0.461158
;

W[i,j,k] :=
1 1 1    0.177251
1 1 2    0.0141316
1 1 3   -0.825151
2 1 1   -0.254196
2 1 2   -0.436593
2 1 3   -0.952007
3 1 1    0.175878
3 1 2    0.012697
3 1 3   -0.825555
4 1 1    0.60801
4 1 2    0.464137
4 1 3   -0.698497
;

W[i,j,k] :=
1 1 4   -0.0221434
1 1 5    0.00684397
1 1 6   -0.00463942
2 1 4    0.00298512
2 1 5   -0.0210021
2 1 6    0.00883454
3 1 4   -0.0220634
3 1 5    0.00675534
3 1 6   -0.00459654
4 1 4   -0.0472319
4 1 5    0.0346456
4 1 6   -0.0180919
;

W[i,j,k] :=
1 2 1    0.721483
1 2 2    0.625912
1 2 3   -0.177243
2 2 1    0.44548
2 2 2    0.656145
2 2 3   -0.794713
3 2 1    0.720605
3 2 2    0.626008
3 2 3   -0.179208
4 2 1    0.997046
4 2 2    0.595726
4 2 3    0.439243
;

W[i,j,k] :=
1 2 4   -0.00144961
1 2 5    0.0029817
1 2 6    0.00462878
2 2 4    0.014317
2 2 5   -0.0136353
2 2 6   -0.00323238
3 2 4   -0.00139943
3 2 5    0.00292882
3 2 6    0.00460376
4 2 4   -0.0171911
4 2 5    0.0195722
4 2 6    0.0124774
;

W[i,j,k] :=
1 3 1   -0.922674
1 3 2   -0.317711
1 3 3    0.312569
2 3 1   -1.25454
2 3 2    0.282824
2 3 3    0.163743
3 3 1   -0.92373
3 3 2   -0.315799
3 3 3    0.312096
4 3 1   -0.59134
4 3 2   -0.917288
4 3 3    0.461158
;

W[i,j,k] :=
1 3 4   -0.0102436
1 3 5    0.0346374
1 3 6    0.0049691
2 3 4    0.016086
2 3 5    0.0549693
2 3 6    0.0282993
3 3 4   -0.0101598
3 3 5    0.0347022
3 3 6    0.00504335
4 3 4   -0.0365312
4 3 5    0.0143381
4 3 6   -0.0183239
;

f11 = -7.19904

f12 = 15

f13 = -4.04428

f21 = 7.9552

f22 = 15

f23 = -2.21298

f31 = 4.78296

f32 = 15

f33 = -6.7309

