solve_message = ' \
Ipopt 3.9.1: Converged to a locally infeasible point. Problem may be infeasible.'

Solve time:
_solve_time = 10.8733

Objective:
torque = 6.96487

cnh1 = 0.980564

cnh2 = -0.690638

cnh3 = 0.484898

snh1 = -0.400616

snh2 = 0.634838

snh3 = 0.94174

Hx = 0.0104643

Hy = 0.0756914

Hz = 0.0722943

cnf11 = 0.817942

cnf21 = 1

cnf31 = 0.695584

cnf12 = 0.817942

cnf22 = 0.794044

cnf32 = 0.609552

cnt1 = 0.309494

cnt2 = 0.32521

snf11 = 0.459315

snf21 = 0.224611

snf31 = 0.72784

snf12 = 0.459315

snf22 = 0.499494

snf32 = 0.782274

snt1 = 0.994975

snt2 = 1

p :=
1 1   -0.028987
1 2    0.0204696
1 3    0.033838
2 1    0.0028328
2 2    0.0311724
2 3   -0.059159
3 1    0.0145545
3 2   -0.0304462
3 3    0.0505173
;

mf :=
1 1    0.788011
1 2   -0.689855
1 3    0.014215
2 1    0.173862
2 2   -0.407431
2 3    0.725928
;

mt [*] :=
1  -0.36184
2   1.1161
3  -0.101814
;

phi :=
1 1   0.0741917
1 2   0.0540969
1 3   0.0973172
2 1   0.0342685
2 2   0.00724871
2 3   0.0403816
3 1   0.0740318
3 2   0.053891
3 3   0.0970758
4 1   0.140454
4 2   0.152692
4 3   0.204858
;

l [*,1,*]
:      1           2            3         :=
1   0.787651   -0.690336     0.0143727
2   1.23989    -0.0865283   -0.183891
3   0.789091   -0.688414     0.0137417
4   0.336131   -1.29318      0.21232

 [*,2,*]
:       1           2           3        :=
1    0.173449   -0.40783     0.72587
2    0.69261     0.0943757   0.798867
3    0.175101   -0.406232    0.726102
4   -0.344884   -0.909235    0.65299

 [*,3,*]
:       1          2          3        :=
1   -0.361791   1.11603   -0.102385
2   -0.4239     1.20584    0.614831
3   -0.361989   1.11632   -0.100102
4   -0.299781   1.02637   -0.818457
;

W[i,j,k] :=
1 1 1    0.787651
1 1 2   -0.690336
1 1 3    0.0143727
2 1 1    1.23989
2 1 2   -0.0865283
2 1 3   -0.183891
3 1 1    0.789091
3 1 2   -0.688414
3 1 3    0.0137417
4 1 1    0.336131
4 1 2   -1.29318
4 1 3    0.21232
;

W[i,j,k] :=
1 1 4    0.0236538
1 1 5    0.0270691
1 1 6    0.00388785
2 1 4   -0.000836226
2 1 5    0.036625
2 1 6   -0.0228719
3 1 4    0.0235758
3 1 5    0.0270996
3 1 6    0.00380268
4 1 4    0.0481047
4 1 5    0.0175285
4 1 6    0.0306049
;

W[i,j,k] :=
1 2 1    0.173449
1 2 2   -0.40783
1 2 3    0.72587
2 2 1    0.69261
2 2 2    0.0943757
2 2 3    0.798867
3 2 1    0.175101
3 2 2   -0.406232
3 2 3    0.726102
4 2 1   -0.344884
4 2 2   -0.909235
4 2 3    0.65299
;

W[i,j,k] :=
1 2 4   -0.00149972
1 2 5   -0.0123173
1 2 6   -0.00656212
2 2 4    0.0304858
2 2 5   -0.0432372
2 2 6   -0.021323
3 2 4   -0.00139791
3 2 5   -0.0124157
3 2 6   -0.0066091
4 2 4   -0.0334342
4 2 5    0.0185532
4 2 6    0.00817519
;

W[i,j,k] :=
1 3 1   -0.361791
1 3 2    1.11603
1 3 3   -0.102385
2 3 1   -0.4239
2 3 2    1.20584
2 3 3    0.614831
3 3 1   -0.361989
3 3 2    1.11632
3 3 3   -0.100102
4 3 1   -0.299781
4 3 2    1.02637
4 3 3   -0.818457
;

W[i,j,k] :=
1 3 4   -0.0532615
1 3 5   -0.0167865
1 3 6    0.00522812
2 3 4   -0.0796349
2 3 5   -0.0303629
2 3 6    0.00464423
3 3 4   -0.0533455
3 3 5   -0.0168297
3 3 6    0.00522626
4 3 4   -0.0269303
4 3 5   -0.00323186
4 3 6    0.00581108
;

f11 = 8.02764

f12 = 15

f13 = 1.93379

f21 = -1.47826

f22 = 11.4117

f23 = 5.52191

f31 = 1.90183

f32 = 15

f33 = 8.03527

