solve_message = ' \
Ipopt 3.9.1: Converged to a locally infeasible point. Problem may be infeasible.'

Solve time:
_solve_time = 15.2101

Objective:
torque = 8.36608

cnh1 = 1.03194

cnh2 = -0.912077

cnh3 = -0.275796

snh1 = -0.0457658

snh2 = -0.219355

snh3 = 1.02271

Hx = 0.0109488

Hy = 0.0653859

Hz = 0.00347623

cnf11 = 0.932738

cnf21 = 0.394406

cnf31 = 0.465036

cnf12 = 0.932738

cnf22 = 1

cnf32 = 0.742675

cnt1 = 0.178871

cnt2 = 0.319722

snf11 = 0

snf21 = 0.851143

snf31 = 0.866726

snf12 = 0

snf22 = 0.0239083

snf32 = 0.679442

snt1 = 0.998533

snt2 = 0.981676

p :=
1 1   -0.019601
1 2   -0.0264623
1 3    0.0550791
2 1   -0.023919
2 2    0.0261367
2 3    0.0397416
3 1    0.0185946
3 2   -0.0289927
3 3    0.0243882
;

mf :=
1 1    0.656937
1 2    0.578043
1 3   -0.221548
2 1    0.641288
2 2   -0.863949
2 3   -0.025868
;

mt [*] :=
1  -0.480178
2   0.997377
3  -0.123643
;

phi :=
1 1   0.028353
1 2   0.0907007
1 3   0.0975509
2 1   0.0241743
2 2   0.0357378
2 3   0.0453223
3 1   0.0283386
3 2   0.0904299
3 3   0.097308
4 1   0.0332852
4 2   0.241013
4 3   0.220133
;

l [*,1,*]
:      1          2           3        :=
1   0.657194   0.577833   -0.221143
2   0.334308   0.841473   -0.729464
3   0.656166   0.578673   -0.222761
4   0.979564   0.314614    0.286367

 [*,2,*]
:      1           2           3         :=
1   0.641159   -0.864139   -0.0253651
2   0.803308   -0.625295   -0.65737
3   0.641675   -0.863379   -0.0273766
4   0.479268   -1.1026      0.605632

 [*,3,*]
:       1           2           3        :=
1   -0.480618    0.997075   -0.123884
2    0.0724096   1.37709     0.179276
3   -0.478858    0.998284   -0.122919
4   -1.03276     0.617663   -0.426561
;

W[i,j,k] :=
1 1 1    0.657194
1 1 2    0.577833
1 1 3   -0.221143
2 1 1    0.334308
2 1 2    0.841473
2 1 3   -0.729464
3 1 1    0.656166
3 1 2    0.578673
3 1 3   -0.222761
4 1 1    0.979564
4 1 2    0.314614
4 1 3    0.286367
;

W[i,j,k] :=
1 1 4   -0.0259746
1 1 5    0.031863
1 1 6    0.00606469
2 1 4   -0.0270443
2 1 5    0.00411512
2 1 6   -0.00764721
3 1 4   -0.025978
3 1 5    0.0317746
3 1 6    0.00602105
4 1 4   -0.0249066
4 1 5    0.0595665
4 1 6    0.0197547
;

W[i,j,k] :=
1 2 1    0.641159
1 2 2   -0.864139
1 2 3   -0.0253651
2 2 1    0.803308
2 2 2   -0.625295
2 2 3   -0.65737
3 2 1    0.641675
3 2 2   -0.863379
3 2 3   -0.0273766
4 2 1    0.479268
4 2 2   -1.1026
4 2 3    0.605632
;

W[i,j,k] :=
1 2 4    0.0336793
1 2 5    0.024874
1 2 6    0.00391159
2 2 4    0.00766875
2 2 5    0.0162011
2 2 6   -0.00603935
3 2 4    0.0335965
3 2 5    0.0248463
3 2 6    0.00387992
4 2 4    0.0596484
4 2 5    0.033533
4 2 6    0.0138467
;

W[i,j,k] :=
1 3 1   -0.480618
1 3 2    0.997075
1 3 3   -0.123884
2 3 1    0.0724096
2 3 2    1.37709
2 3 3    0.179276
3 3 1   -0.478858
3 3 2    0.998284
3 3 3   -0.122919
4 3 1   -1.03276
4 3 2    0.617663
4 3 3   -0.426561
;

W[i,j,k] :=
1 3 4   -0.0207252
1 3 5   -0.00941784
1 3 6    0.00460578
2 3 4   -0.0387825
2 3 5   -0.00156762
2 3 6    0.0277058
3 3 4   -0.0207826
3 3 5   -0.00939286
3 3 6    0.0046793
4 3 4   -0.00269656
4 3 5   -0.0172555
4 3 6   -0.0184574
;

f11 = 0.334233

f12 = 14.6898

f13 = -2.65822

f21 = 7.5993

f22 = 15

f23 = -3.23005

f31 = 6.44543

f32 = 15

f33 = -5.16129

