solve_message = ' \
Ipopt 3.9.1: Converged to a locally infeasible point. Problem may be infeasible.'

Solve time:
_solve_time = 24.8042

Objective:
torque = 7.87029

cnh1 = -0.294207

cnh2 = -0.518872

cnh3 = -0.427522

snh1 = -0.909309

snh2 = -0.781519

snh3 = 0.969136

Hx = 0.0678328

Hy = -0.00520414

Hz = -0.0548128

cnf11 = 0.819509

cnf21 = 0.75962

cnf31 = 0.587276

cnf12 = 0.819509

cnf22 = 1

cnf32 = 0.725434

cnt1 = 0.289018

cnt2 = 0.36555

snf11 = 0.456514

snf21 = 0.573506

snf31 = 0.800883

snf12 = 0.456514

snf22 = 0.0994511

snf32 = 0.69787

snt1 = 0.992873

snt2 = 0.955076

p :=
1 1    0.00523759
1 2   -0.0257569
1 3    0.0630006
2 1    0.0225845
2 2    0.026008
2 3    0.00968219
3 1   -0.0301381
3 2   -0.0157633
3 3   -0.0477503
;

mf :=
1 1   -0.176901
1 2   -0.0137716
1 3   -0.825252
2 1   -0.721271
2 2   -0.625926
2 3   -0.177738
;

mt [*] :=
1  0.922926
2  0.317228
3  0.312456
;

phi :=
1 1   0.0543944
1 2   0.0861805
1 3   0.0975417
2 1   0.0548631
2 2   0.0433236
2 3   0.0481119
3 1   0.0543959
3 2   0.0860026
3 3   0.0973312
4 1   0.0539279
4 2   0.164691
4 3   0.193623
;

l [*,1,*]
:       1           2            3        :=
1   -0.177244   -0.0141302   -0.825151
2    0.254203    0.436594    -0.952003
3   -0.175871   -0.0126957   -0.825555
4   -0.608003   -0.464135    -0.698502

 [*,2,*]
:       1           2           3        :=
1   -0.72149    -0.625902   -0.177247
2   -0.445487   -0.656135   -0.794717
3   -0.720612   -0.625999   -0.179212
4   -0.997054   -0.595718    0.439238

 [*,3,*]
:      1           2          3        :=
1   0.922662    0.317706   0.312575
2   1.25452    -0.282825   0.163752
3   0.923718    0.315795   0.312101
4   0.59133     0.917279   0.46116
;

W[i,j,k] :=
1 1 1   -0.177244
1 1 2   -0.0141302
1 1 3   -0.825151
2 1 1    0.254203
2 1 2    0.436594
2 1 3   -0.952003
3 1 1   -0.175871
3 1 2   -0.0126957
3 1 3   -0.825555
4 1 1   -0.608003
4 1 2   -0.464135
4 1 3   -0.698502
;

W[i,j,k] :=
1 1 4    0.0221436
1 1 5   -0.00684467
1 1 6   -0.00463927
2 1 4   -0.00298499
2 1 5    0.0210011
2 1 6    0.00883419
3 1 4    0.0220636
3 1 5   -0.00675605
3 1 6   -0.00459639
4 1 4    0.0472321
4 1 5   -0.0346461
4 1 6   -0.0180912
;

W[i,j,k] :=
1 2 1   -0.72149
1 2 2   -0.625902
1 2 3   -0.177247
2 2 1   -0.445487
2 2 2   -0.656135
2 2 3   -0.794717
3 2 1   -0.720612
3 2 2   -0.625999
3 2 3   -0.179212
4 2 1   -0.997054
4 2 2   -0.595718
4 2 3    0.439238
;

W[i,j,k] :=
1 2 4    0.00145027
1 2 5   -0.00298258
1 2 6    0.00462884
2 2 4   -0.0143161
2 2 5    0.0136349
2 2 6   -0.00323225
3 2 4    0.00140009
3 2 5   -0.00292969
3 2 6    0.00460382
4 2 4    0.0171915
4 2 5   -0.0195736
4 2 6    0.0124774
;

W[i,j,k] :=
1 3 1    0.922662
1 3 2    0.317706
1 3 3    0.312575
2 3 1    1.25452
2 3 2   -0.282825
2 3 3    0.163752
3 3 1    0.923718
3 3 2    0.315795
3 3 3    0.312101
4 3 1    0.59133
4 3 2    0.917279
4 3 3    0.46116
;

W[i,j,k] :=
1 3 4    0.0102433
1 3 5   -0.0346369
1 3 6    0.00496913
2 3 4   -0.0160862
2 3 5   -0.0549686
2 3 6    0.0282992
3 3 4    0.0101595
3 3 5   -0.0347016
3 3 6    0.00504338
4 3 4    0.0365309
4 3 5   -0.0143377
4 3 6   -0.0183237
;

f11 = -7.19925

f12 = 15

f13 = -4.04392

f21 = 7.95516

f22 = 15

f23 = -2.21313

f31 = 4.78317

f32 = 15

f33 = -6.73079

