solve_message = ' \
Ipopt 3.9.1: Converged to a locally infeasible point. Problem may be infeasible.'

Solve time:
_solve_time = 37.8302

Objective:
torque = 7.87029

cnh1 = -0.909309

cnh2 = 0.518872

cnh3 = 0.427525

snh1 = 0.294211

snh2 = -0.781519

snh3 = -0.969135

Hx = 0.00520428

Hy = 0.0678328

Hz = -0.0548129

cnf11 = 0.819509

cnf21 = 0.759619

cnf31 = 0.587276

cnf12 = 0.819509

cnf22 = 1

cnf32 = 0.725433

cnt1 = 0.289016

cnt2 = 0.365551

snf11 = 0.456513

snf21 = 0.573506

snf31 = 0.800883

snf12 = 0.456513

snf22 = 0.0994535

snf32 = 0.69787

snt1 = 0.992872

snt2 = 0.955075

p :=
1 1    0.025757
1 2    0.00523765
1 3    0.0630006
2 1   -0.026008
2 2    0.0225844
2 3    0.00968236
3 1    0.0157632
3 2   -0.0301381
3 3   -0.0477501
;

mf :=
1 1    0.0137716
1 2   -0.176902
1 3   -0.825251
2 1    0.625927
2 2   -0.721271
2 3   -0.17774
;

mt [*] :=
1  -0.317225
2   0.922926
3   0.312454
;

phi :=
1 1   0.0550762
1 2   0.0822135
1 3   0.092293
2 1   0.05456
2 2   0.044459
2 3   0.0530581
3 1   0.0550744
3 2   0.0820552
3 3   0.0921265
4 1   0.0556593
4 2   0.168994
4 3   0.198986
;

l [*,1,*]
:       1            2           3        :=
1    0.0141302   -0.177245   -0.82515
2   -0.436593     0.254202   -0.952002
3    0.0126956   -0.175872   -0.825554
4    0.464135    -0.608005   -0.6985

 [*,2,*]
:      1           2           3        :=
1   0.625903   -0.721491   -0.177248
2   0.656135   -0.445486   -0.794718
3   0.625999   -0.720612   -0.179214
4   0.595719   -0.997054    0.439236

 [*,3,*]
:       1          2          3        :=
1   -0.317703   0.922662   0.312572
2    0.282829   1.25452    0.16375
3   -0.315792   0.923718   0.312099
4   -0.917277   0.591332   0.461158
;

W[i,j,k] :=
1 1 1    0.0141302
1 1 2   -0.177245
1 1 3   -0.82515
2 1 1   -0.436593
2 1 2    0.254202
2 1 3   -0.952002
3 1 1    0.0126956
3 1 2   -0.175872
3 1 3   -0.825554
4 1 1    0.464135
4 1 2   -0.608005
4 1 3   -0.6985
;

W[i,j,k] :=
1 1 4    0.00684472
1 1 5    0.0221436
1 1 6   -0.00463931
2 1 4   -0.0210011
2 1 5   -0.00298497
2 1 6    0.0088342
3 1 4    0.00675609
3 1 5    0.0220636
3 1 6   -0.00459643
4 1 4    0.0346462
4 1 5    0.047232
4 1 6   -0.0180913
;

W[i,j,k] :=
1 2 1    0.625903
1 2 2   -0.721491
1 2 3   -0.177248
2 2 1    0.656135
2 2 2   -0.445486
2 2 3   -0.794718
3 2 1    0.625999
3 2 2   -0.720612
3 2 3   -0.179214
4 2 1    0.595719
4 2 2   -0.997054
4 2 3    0.439236
;

W[i,j,k] :=
1 2 4    0.00298268
1 2 5    0.00145035
1 2 6    0.00462886
2 2 4   -0.0136349
2 2 5   -0.0143161
2 2 6   -0.00323222
3 2 4    0.00292979
3 2 5    0.00140016
3 2 6    0.00460384
4 2 4    0.0195737
4 2 5    0.0171916
4 2 6    0.0124774
;

W[i,j,k] :=
1 3 1   -0.317703
1 3 2    0.922662
1 3 3    0.312572
2 3 1    0.282829
2 3 2    1.25452
2 3 3    0.16375
3 3 1   -0.315792
3 3 2    0.923718
3 3 3    0.312099
4 3 1   -0.917277
4 3 2    0.591332
4 3 3    0.461158
;

W[i,j,k] :=
1 3 4    0.0346369
1 3 5    0.0102432
1 3 6    0.00496913
2 3 4    0.0549685
2 3 5   -0.0160863
2 3 6    0.0282992
3 3 4    0.0347016
3 3 5    0.0101594
3 3 6    0.00504338
4 3 4    0.0143378
4 3 5    0.0365308
4 3 6   -0.0183237
;

f11 = -7.19925

f12 = 15

f13 = -4.04393

f21 = 7.95515

f22 = 15

f23 = -2.21315

f31 = 4.78323

f32 = 15

f33 = -6.73077

