solve_message = ' \
Ipopt 3.9.1: Converged to a locally infeasible point. Problem may be infeasible.'

Solve time:
_solve_time = 6.72364

Objective:
torque = 7.87029

cnh1 = -0.294211

cnh2 = 0.518872

cnh3 = 0.427525

snh1 = -0.909309

snh2 = -0.781519

snh3 = -0.969135

Hx = -0.0678327

Hy = 0.00520429

Hz = -0.0548128

cnf11 = 0.819509

cnf21 = 0.759619

cnf31 = 0.587276

cnf12 = 0.819509

cnf22 = 1

cnf32 = 0.725433

cnt1 = 0.289015

cnt2 = 0.365551

snf11 = 0.456513

snf21 = 0.573505

snf31 = 0.800883

snf12 = 0.456513

snf22 = 0.0994534

snf32 = 0.69787

snt1 = 0.992872

snt2 = 0.955074

p :=
1 1   -0.00523765
1 2    0.025757
1 3    0.0630006
2 1   -0.0225844
2 2   -0.026008
2 3    0.00968241
3 1    0.0301381
3 2    0.0157632
3 3   -0.0477501
;

mf :=
1 1    0.176902
1 2    0.0137716
1 3   -0.82525
2 1    0.721271
2 2    0.625927
2 3   -0.17774
;

mt [*] :=
1  -0.922926
2  -0.317225
3   0.312454
;

phi :=
1 1   0.0554973
1 2   0.0845902
1 3   0.0939434
2 1   0.0560244
2 2   0.042636
2 3   0.0469364
3 1   0.055499
3 2   0.0844129
3 3   0.0937389
4 1   0.0549655
4 2   0.168559
4 3   0.197755
;

l [*,1,*]
:       1           2            3        :=
1    0.177246    0.0141302   -0.825149
2   -0.254202   -0.436593    -0.952002
3    0.175872    0.0126957   -0.825553
4    0.608005    0.464135    -0.698499

 [*,2,*]
:      1          2           3        :=
1   0.721491   0.625903   -0.177248
2   0.445487   0.656135   -0.794718
3   0.720612   0.625999   -0.179214
4   0.997055   0.595719    0.439236

 [*,3,*]
:       1           2          3        :=
1   -0.922662   -0.317703   0.312572
2   -1.25452     0.282829   0.16375
3   -0.923718   -0.315792   0.312099
4   -0.591332   -0.917277   0.461157
;

W[i,j,k] :=
1 1 1    0.177246
1 1 2    0.0141302
1 1 3   -0.825149
2 1 1   -0.254202
2 1 2   -0.436593
2 1 3   -0.952002
3 1 1    0.175872
3 1 2    0.0126957
3 1 3   -0.825553
4 1 1    0.608005
4 1 2    0.464135
4 1 3   -0.698499
;

W[i,j,k] :=
1 1 4   -0.0221435
1 1 5    0.00684473
1 1 6   -0.00463932
2 1 4    0.00298497
2 1 5   -0.0210011
2 1 6    0.00883419
3 1 4   -0.0220636
3 1 5    0.0067561
3 1 6   -0.00459643
4 1 4   -0.047232
4 1 5    0.0346462
4 1 6   -0.0180913
;

W[i,j,k] :=
1 2 1    0.721491
1 2 2    0.625903
1 2 3   -0.177248
2 2 1    0.445487
2 2 2    0.656135
2 2 3   -0.794718
3 2 1    0.720612
3 2 2    0.625999
3 2 3   -0.179214
4 2 1    0.997055
4 2 2    0.595719
4 2 3    0.439236
;

W[i,j,k] :=
1 2 4   -0.00145037
1 2 5    0.00298272
1 2 6    0.00462887
2 2 4    0.014316
2 2 5   -0.0136349
2 2 6   -0.00323221
3 2 4   -0.00140019
3 2 5    0.00292983
3 2 6    0.00460385
4 2 4   -0.0171916
4 2 5    0.0195738
4 2 6    0.0124774
;

W[i,j,k] :=
1 3 1   -0.922662
1 3 2   -0.317703
1 3 3    0.312572
2 3 1   -1.25452
2 3 2    0.282829
2 3 3    0.16375
3 3 1   -0.923718
3 3 2   -0.315792
3 3 3    0.312099
4 3 1   -0.591332
4 3 2   -0.917277
4 3 3    0.461157
;

W[i,j,k] :=
1 3 4   -0.0102432
1 3 5    0.0346369
1 3 6    0.00496913
2 3 4    0.0160863
2 3 5    0.0549685
2 3 6    0.0282992
3 3 4   -0.0101594
3 3 5    0.0347016
3 3 6    0.00504338
4 3 4   -0.0365308
4 3 5    0.0143377
4 3 6   -0.0183237
;

f11 = -7.19925

f12 = 15

f13 = -4.04392

f21 = 7.95515

f22 = 15

f23 = -2.21316

f31 = 4.78324

f32 = 15

f33 = -6.73076

