solve_message = ' \
Ipopt 3.9.1: Converged to a locally infeasible point. Problem may be infeasible.'

Solve time:
_solve_time = 13.0729

Objective:
torque = 6.36873

cnh1 = -0.939428

cnh2 = -0.936418

cnh3 = -0.0537452

snh1 = -0.126248

snh2 = 0.055866

snh3 = 1.05788

Hx = -0.0903721

Hy = -0.0737901

Hz = -0.00823734

cnf11 = 0.932738

cnf21 = 0.937206

cnf31 = 0.728897

cnf12 = 0.932738

cnf22 = 0.938448

cnf32 = 0.73178

cnt1 = 0.359028

cnt2 = 0.333648

snf11 = 0

snf21 = 0.0405561

snf31 = 0.674508

snf12 = 0

snf22 = 0.0281053

snf32 = 0.671516

snt1 = 0.996543

snt2 = 1

p :=
1 1    0.0289593
1 2   -0.0205456
1 3   -0.00436455
2 1    0.0285952
2 2   -0.021047
2 3   -0.0240888
3 1   -0.0264552
3 2    0.023683
3 3   -0.00199903
;

mf :=
1 1   -0.624564
1 2    0.576142
1 3    0.133035
2 1   -0.625326
2 2    0.595021
2 3    0.00305725
;

mt [*] :=
1   0.725329
2  -0.794951
3  -0.0831318
;

phi :=
1 1   0.0760653
1 2   0.0773277
1 3   0.120362
2 1   0.0619078
2 2   0.0675796
2 3   0.113883
3 1   0.0760363
3 2   0.077313
3 3   0.120357
4 1   0.0749584
4 2   0.0589101
4 3   0.107888
;

l [*,1,*]
:       1          2           3        :=
1   -0.624328   0.576423    0.133375
2   -0.921348   0.2238     -0.29325
3   -0.625273   0.5753      0.132017
4   -0.327782   0.928483    0.559318

 [*,2,*]
:       1          2           3         :=
1   -0.625152   0.595286    0.0034529
2   -0.843941   0.262132   -0.493784
3   -0.625848   0.594226    0.0018703
4   -0.406711   0.927909    0.499897

 [*,3,*]
:      1           2           3         :=
1   0.725577   -0.794618   -0.0835319
2   0.413836   -1.2133      0.419366
3   0.724585   -0.795951   -0.0819313
4   1.03682    -0.3766     -0.585628
;

W[i,j,k] :=
1 1 1   -0.624328
1 1 2    0.576423
1 1 3    0.133375
2 1 1   -0.921348
2 1 2    0.2238
2 1 3   -0.29325
3 1 1   -0.625273
3 1 2    0.5753
3 1 3    0.132017
4 1 1   -0.327782
4 1 2    0.928483
4 1 3    0.559318
;

W[i,j,k] :=
1 1 4   -0.000224443
1 1 5   -0.00113753
1 1 6    0.00386559
2 1 4    0.00700179
2 1 5    0.0125136
2 1 6   -0.0124486
3 1 4   -0.000201443
3 1 5   -0.00109408
3 1 6    0.00381366
4 1 4   -0.00743915
4 1 5   -0.0147669
4 1 6    0.0201537
;

W[i,j,k] :=
1 2 1   -0.625152
1 2 2    0.595286
1 2 3    0.0034529
2 2 1   -0.843941
2 2 2    0.262132
2 2 3   -0.493784
3 2 1   -0.625848
3 2 2    0.594226
3 2 3    0.0018703
4 2 1   -0.406711
4 2 2    0.927909
4 2 3    0.499897
;

W[i,j,k] :=
1 2 4    0.014267
1 2 5    0.0149604
1 2 6    0.00386477
2 2 4    0.0167071
2 2 5    0.0344494
2 2 6   -0.0102667
3 2 4    0.0142748
3 2 5    0.0150224
3 2 6    0.00381979
4 2 4    0.0118308
4 2 5   -0.00449749
4 2 6    0.0179737
;

W[i,j,k] :=
1 3 1    0.725577
1 3 2   -0.794618
1 3 3   -0.0835319
2 3 1    0.413836
2 3 2   -1.2133
2 3 3    0.419366
3 3 1    0.724585
3 3 2   -0.795951
3 3 3   -0.0819313
4 3 1    1.03682
4 3 2   -0.3766
4 3 3   -0.585628
;

W[i,j,k] :=
1 3 4   -0.00356676
1 3 5   -0.00366031
1 3 6    0.00383792
2 3 4    0.00750643
2 3 5    0.0102671
2 3 6    0.0222973
3 3 4   -0.00353151
3 3 5   -0.00361598
3 3 6    0.00389667
4 3 4   -0.0146223
4 3 5   -0.0175655
4 3 6   -0.014592
;

f11 = 8.23245

f12 = 15

f13 = 0.639745

f21 = 3.43586

f22 = 6.93325

f23 = -0.57652

f31 = -8.25723

f32 = 15

f33 = -0.0256229

