solve_message = ' \
Ipopt 3.9.1: Converged to a locally infeasible point. Problem may be infeasible.'

Solve time:
_solve_time = 10.3897

Objective:
torque = 7.59214

cnh1 = -0.395019

cnh2 = -0.607701

cnh3 = 0.571931

snh1 = 0.850876

snh2 = -0.714633

snh3 = 0.891554

Hx = -0.0633995

Hy = -0.0125158

Hz = 0.0325322

cnf11 = 0.469939

cnf21 = 0.227012

cnf31 = 0.359133

cnf12 = 0.469939

cnf22 = 1

cnf32 = 0.678779

cnt1 = 0.685275

cnt2 = 0.56216

snf11 = 0.811886

snf21 = 0.992688

snf31 = 0.948681

snf12 = 0.811886

snf22 = 0.291656

snf32 = 0.743727

snt1 = 0.640624

snt2 = 0.81529

p :=
1 1    0.0322167
1 2    0.0121835
1 3    0.0240788
2 1   -0.0151295
2 2   -0.0321221
2 3   -0.0207791
3 1   -0.000336018
3 2    0.0324406
3 3   -0.0606824
;

mf :=
1 1   -0.96505
1 2   -0.22143
1 3   -0.144626
2 1    0.510839
2 2    0.829923
2 3   -0.065451
;

mt [*] :=
1   0.0944654
2  -0.475713
3   0.704265
;

phi :=
1 1   0.0664618
1 2   0.08569
1 3   0.0607751
2 1   0.0304939
2 2   0.0614035
2 3   0.0199833
3 1   0.0662956
3 2   0.0855942
3 3   0.0605842
4 1   0.180847
4 2   0.126054
4 3   0.190367
;

l [*,1,*]
:       1            2            3        :=
1   -0.964978   -0.221248     -0.145101
2   -1.05532    -0.449376      0.451188
3   -0.965265   -0.221974     -0.143203
4   -0.874783    0.00651534   -0.740438

 [*,2,*]
:       1           2           3         :=
1    0.511296    0.829738   -0.0652705
2   -0.0627981   1.06275    -0.292169
3    0.509469    0.83048    -0.0659926
4    1.08447     0.597094    0.161267

 [*,3,*]
:       1            2           3        :=
1    0.0947215   -0.476045    0.703961
2   -0.227192    -0.0582811   1.08587
3    0.093697    -0.474715    0.705177
4    0.416121    -0.893143    0.322666
;

W[i,j,k] :=
1 1 1   -0.964978
1 1 2   -0.221248
1 1 3   -0.145101
2 1 1   -1.05532
2 1 2   -0.449376
2 1 3    0.451188
3 1 1   -0.965265
3 1 2   -0.221974
3 1 3   -0.143203
4 1 1   -0.874783
4 1 2    0.00651534
4 1 3   -0.740438
;

W[i,j,k] :=
1 1 4    0.00355955
1 1 5   -0.0185608
1 1 6    0.00462887
2 1 4    0.0163174
2 1 5   -0.0399465
2 1 6   -0.00162002
3 1 4    0.00360016
3 1 5   -0.0186289
3 1 6    0.00460898
4 1 4   -0.00917799
4 1 5    0.00279082
4 1 6    0.0108678
;

W[i,j,k] :=
1 2 1    0.511296
1 2 2    0.829738
1 2 3   -0.0652705
2 2 1   -0.0627981
2 2 2    1.06275
2 2 3   -0.292169
3 2 1    0.509469
3 2 2    0.83048
3 2 3   -0.0659926
4 2 1    1.08447
4 2 2    0.597094
4 2 3    0.161267
;

W[i,j,k] :=
1 2 4    0.0193378
1 2 5   -0.0116118
1 2 6    0.00387034
2 2 4    0.0314681
2 2 5   -0.00311544
2 2 6   -0.0180962
3 2 4    0.0193764
3 2 5   -0.0115847
3 2 6    0.00380043
4 2 4    0.00722688
4 2 5   -0.0200945
4 2 6    0.0258018
;

W[i,j,k] :=
1 3 1    0.0947215
1 3 2   -0.476045
1 3 3    0.703961
2 3 1   -0.227192
2 3 2   -0.0582811
2 3 3    1.08587
3 3 1    0.093697
3 3 2   -0.474715
3 3 3    0.705177
4 3 1    0.416121
4 3 2   -0.893143
4 3 3    0.322666
;

W[i,j,k] :=
1 3 4   -0.00605066
1 3 5   -0.0055114
1 3 6   -0.00291288
2 3 4    0.0316895
2 3 5    0.0141514
2 3 6    0.00738981
3 3 4   -0.00593054
3 3 5   -0.00544881
3 3 6   -0.00288009
4 3 4   -0.0437306
4 3 5   -0.0251428
4 3 6   -0.0131991
;

f11 = 3.40922

f12 = 15

f13 = 7.52044

f21 = 7.91709

f22 = 15

f23 = 2.34564

f31 = -5.3506

f32 = 15

f33 = 6.28911

