solve_message = ' \
Ipopt 3.9.1: Converged to a locally infeasible point. Problem may be infeasible.'

Solve time:
_solve_time = 37.2686

Objective:
torque = 7.2499

cnh1 = 0.488546

cnh2 = 0.466242

cnh3 = 0.966253

snh1 = 0.939852

snh2 = 0.951114

snh3 = -0.206382

Hx = -0.00373508

Hy = -0.0708643

Hz = -0.0697802

cnf11 = 0.326955

cnf21 = 0.944562

cnf31 = 0.627563

cnf12 = 0.326955

cnf22 = 0.226945

cnf32 = 0.395999

cnt1 = 0.751536

cnt2 = 0.589763

snf11 = 0.879261

snf21 = 0.479378

snf31 = 0.788293

snf12 = 0.879261

snf22 = 0.953889

snf32 = 0.907724

snt1 = 0.561421

snt2 = 0.796671

p :=
1 1    0.0336187
1 2   -0.00634813
1 3   -0.055643
2 1   -0.0136043
2 2    0.0315676
2 3   -0.0382501
3 1   -0.00407559
3 2   -0.0304656
3 3    0.0628924
;

mf :=
1 1   -0.945975
1 2    0.321827
1 3    0.333455
2 1    0.273969
2 2   -0.979737
2 3   -0.118678
;

mt [*] :=
1   0.210768
2   0.403554
3  -0.886197
;

phi :=
1 1   0.0723895
1 2   0.0740051
1 3   0.0719551
2 1   0.0105988
2 2   0.0261276
2 3   0.060583
3 1   0.0721187
3 2   0.0738004
3 3   0.0719157
4 1   0.218477
4 2   0.174479
4 3   0.0855625
;

l [*,1,*]
:       1          2           3        :=
1   -0.945736   0.322028    0.333969
2   -1.24612    0.069063   -0.31158
3   -0.946692   0.321223    0.331914
4   -0.645828   0.57459     0.978488

 [*,2,*]
:       1           2           3         :=
1    0.274489   -0.979519   -0.118771
2   -0.37837    -1.2532     -0.0012429
3    0.272411   -0.98039    -0.118397
4    0.926306   -0.70627    -0.236112

 [*,3,*]
:       1           2           3        :=
1    0.210463    0.404026   -0.88607
2    0.593764   -0.18956    -1.04561
3    0.211683    0.402137   -0.886578
4   -0.172227    0.996666   -0.726783
;

W[i,j,k] :=
1 1 1   -0.945736
1 1 2    0.322028
1 1 3    0.333969
2 1 1   -1.24612
2 1 2    0.069063
2 1 3   -0.31158
3 1 1   -0.946692
3 1 2    0.321223
3 1 3    0.331914
4 1 1   -0.645828
4 1 2    0.57459
4 1 3    0.978488
;

W[i,j,k] :=
1 1 4    0.0157985
1 1 5    0.041396
1 1 6    0.00482251
2 1 4    0.00582083
2 1 5    0.0798129
2 1 6   -0.00558874
3 1 4    0.0157668
3 1 5    0.0415183
3 1 6    0.00478938
4 1 4    0.0257604
4 1 5    0.00304036
4 1 6    0.0152172
;

W[i,j,k] :=
1 2 1    0.274489
1 2 2   -0.979519
1 2 3   -0.118771
2 2 1   -0.37837
2 2 2   -1.2532
2 2 3   -0.0012429
3 2 1    0.272411
3 2 2   -0.98039
3 2 3   -0.118397
4 2 1    0.926306
4 2 2   -0.70627
4 2 3   -0.236112
;

W[i,j,k] :=
1 2 4   -0.041216
1 2 5   -0.012115
1 2 6    0.00466072
2 2 4   -0.0479744
2 2 5    0.0144558
2 2 6    0.0289932
3 2 4   -0.0412375
3 2 5   -0.0120304
3 2 6    0.00473817
4 2 4   -0.0344683
4 2 5   -0.0386434
4 2 6   -0.019633
;

W[i,j,k] :=
1 3 1    0.210463
1 3 2    0.404026
1 3 3   -0.88607
2 3 1    0.593764
2 3 2   -0.18956
2 3 3   -1.04561
3 3 1    0.211683
3 3 2    0.402137
3 3 3   -0.886578
4 3 1   -0.172227
4 3 2    0.996666
4 3 3   -0.726783
;

W[i,j,k] :=
1 3 4    0.00158451
1 3 5    0.00962523
1 3 6    0.00476523
2 3 4    0.0437771
2 3 5    0.0330817
2 3 6    0.018862
3 3 4    0.00171879
3 3 5    0.00969989
3 3 6    0.0048101
4 3 4   -0.0405408
4 3 5   -0.0137939
4 3 6   -0.00930902
;

f11 = 8.05697

f12 = 15

f13 = -1.80768

f21 = -1.95868

f22 = 15

f23 = -8.0216

f31 = 3.04264

f32 = 12.5587

f33 = -5.50385

