solve_message = ' \
Ipopt 3.9.1: Converged to a locally infeasible point. Problem may be infeasible.'

Solve time:
_solve_time = 10.3741

Objective:
torque = 6.5551

cnh1 = 0.185067

cnh2 = -0.903573

cnh3 = -0.109778

snh1 = -0.919647

snh2 = 0.252103

snh3 = 0.985921

Hx = 0.0716555

Hy = 0.0201482

Hz = 0.0359779

cnf11 = 0.932609

cnf21 = 1

cnf31 = 0.7431

cnf12 = 0.932609

cnf22 = 0.382397

cnf32 = 0.407042

cnt1 = 0.52568

cnt2 = 0.505278

snf11 = 0.101191

snf21 = 0

snf31 = 0.6691

snf12 = 0.101191

snf22 = 0.961623

snf32 = 0.928661

snt1 = 0.776956

snt2 = 0.84828

p :=
1 1    0.0241796
1 2    0.0244728
1 3    0.0358535
2 1   -0.0272401
2 2    0.0210818
2 3    0.0137568
3 1   -0.00484182
3 2    0.0298045
3 3    0.060631
;

mf :=
1 1   -0.708236
1 2   -0.623144
1 3    0.174928
2 1    0.792926
2 2   -0.443967
2 3    0.169678
;

mt [*] :=
1   0.218552
2   0.758546
3  -0.250418
;

phi :=
1 1   0.0862934
1 2   0.0480641
1 3   0.119708
2 1   0.0609698
2 2   0.0392544
2 3   0.0843681
3 1   0.0861984
3 2   0.0480346
3 3   0.119574
4 1   0.122372
4 2   0.057812
4 3   0.172579
;

l [*,1,*]
:       1           2           3        :=
1   -0.708482   -0.622844    0.175242
2   -0.399778   -1.00032    -0.219773
3   -0.707499   -0.624045    0.173985
4   -1.01669    -0.245971    0.569628

 [*,2,*]
:      1           2           3        :=
1   0.792716   -0.444108    0.170123
2   1.05657    -0.267033   -0.389919
3   0.793556   -0.443544    0.168341
4   0.529287   -0.620901    0.729272

 [*,3,*]
:       1          2           3        :=
1    0.218199   0.758525   -0.250779
2    0.66121    0.785344    0.203017
3    0.219609   0.75861    -0.249335
4   -0.224105   0.731748   -0.703851
;

W[i,j,k] :=
1 1 1   -0.708482
1 1 2   -0.622844
1 1 3    0.175242
2 1 1   -0.399778
2 1 2   -1.00032
2 1 3   -0.219773
3 1 1   -0.707499
3 1 2   -0.624045
3 1 3    0.173985
4 1 1   -1.01669
4 1 2   -0.245971
4 1 3    0.569628
;

W[i,j,k] :=
1 1 4    0.0266198
1 1 5   -0.0296389
1 1 6    0.00227845
2 1 4    0.0304865
2 1 5   -0.00901945
2 1 6   -0.0144036
3 1 4    0.0266321
3 1 5   -0.0295732
3 1 6    0.00222536
4 1 4    0.0227593
4 1 5   -0.0502254
4 1 6    0.0189339
;

W[i,j,k] :=
1 2 1    0.792716
1 2 2   -0.444108
1 2 3    0.170123
2 2 1    1.05657
2 2 2   -0.267033
2 2 3   -0.389919
3 2 1    0.793556
3 2 2   -0.443544
3 2 3    0.168341
4 2 1    0.529287
4 2 2   -0.620901
4 2 3    0.729272
;

W[i,j,k] :=
1 2 4    0.00969603
1 2 5    0.0155394
1 2 6   -0.00461436
2 2 4   -0.00454668
2 2 5    0.00391356
2 2 6   -0.0150004
3 2 4    0.0096507
3 2 5    0.0155024
3 2 6   -0.00464742
4 2 4    0.023916
4 2 5    0.0271468
4 2 6    0.00575507
;

W[i,j,k] :=
1 3 1    0.218199
1 3 2    0.758525
1 3 3   -0.250779
2 3 1    0.66121
2 3 2    0.785344
2 3 3    0.203017
3 3 1    0.219609
3 3 2    0.75861
3 3 3   -0.249335
4 3 1   -0.224105
4 3 2    0.731748
4 3 3   -0.703851
;

W[i,j,k] :=
1 3 4   -0.0534644
1 3 5    0.0120154
1 3 6   -0.010176
2 3 4   -0.0415654
2 3 5    0.0410728
2 3 6   -0.0235095
3 3 4   -0.0534266
3 3 5    0.0121079
3 3 6   -0.0102184
4 3 4   -0.0653445
4 3 5   -0.0169956
4 3 6    0.00313635
;

f11 = 8.25676

f12 = 15

f13 = 0.0913177

f21 = 4.23122

f22 = 9.09184

f23 = -1.6977

f31 = -7.47147

f32 = 14.9507

f33 = -0.42187

