solve_message = ' \
Ipopt 3.9.1: Converged to a locally infeasible point. Problem may be infeasible.'

Solve time:
_solve_time = 12.9481

Objective:
torque = 8.11415

cnh1 = -0.201901

cnh2 = -0.424193

cnh3 = 0.344166

snh1 = -1.03983

snh2 = 0.836696

snh3 = 1.00177

Hx = 0.0886134

Hy = 0.00710656

Hz = 0.0274135

cnf11 = 0.838273

cnf21 = 1

cnf31 = 0.713011

cnf12 = 0.838273

cnf22 = 0.621496

cnf32 = 0.534208

cnt1 = 0.472034

cnt2 = 0.488227

snf11 = 0.421068

snf21 = 0.152447

snf31 = 0.710628

snf12 = 0.421068

snf22 = 0.715509

snf32 = 0.834483

snt1 = 0.810669

snt2 = 0.856657

p :=
1 1    0.0209458
1 2    0.0277842
1 3   -0.0520055
2 1    0.000353396
2 2   -0.0275977
2 3   -0.0624977
3 1   -0.0202266
3 2   -0.0253587
3 3    0.0576635
;

mf :=
1 1   -0.696321
1 2   -0.715944
1 3    0.35266
2 1    0.155295
2 2    0.0496248
2 3    0.831734
;

mt [*] :=
1   0.578848
2   0.398029
3  -0.60175
;

phi :=
1 1   0.0158529
1 2   0.0139176
1 3   0.0931066
2 1   0.21395
2 2   0
2 3   0.0684325
3 1   0.0158146
3 2   0.0138427
3 3   0.0930181
4 1   0.0308689
4 2   0.289243
4 3   0.190854
;

l [*,1,*]
:       1           2          3        :=
1   -0.696774   -0.715542   0.352759
2   -0.12739    -1.22079    0.227643
3   -0.694962   -0.71715    0.352361
4   -1.26525    -0.211097   0.477675

 [*,2,*]
:       1           2           3        :=
1    0.154836    0.0499808   0.831776
2    0.73176    -0.397408    0.778863
3    0.156672    0.0485568   0.831607
4   -0.421167    0.496656    0.884604

 [*,3,*]
:      1            2            3        :=
1   0.578588    0.397704     -0.602121
2   0.904668    0.805095     -0.136753
3   0.579626    0.399001     -0.600639
4   0.253029   -0.00903647   -1.06675
;

W[i,j,k] :=
1 1 1   -0.696774
1 1 2   -0.715542
1 1 3    0.352759
2 1 1   -0.12739
2 1 2   -1.22079
2 1 3    0.227643
3 1 1   -0.694962
3 1 2   -0.71715
3 1 3    0.352361
4 1 1   -1.26525
4 1 2   -0.211097
4 1 3    0.477675
;

W[i,j,k] :=
1 1 4   -0.027411
1 1 5    0.0288473
1 1 6    0.00437171
2 1 4   -0.0571631
2 1 5    0.00185683
2 1 6   -0.0220311
3 1 4   -0.0275057
3 1 5    0.0287614
3 1 6    0.00428767
4 1 4    0.00229359
4 1 5    0.0557947
4 1 6    0.0307324
;

W[i,j,k] :=
1 2 1    0.154836
1 2 2    0.0499808
1 2 3    0.831776
2 2 1    0.73176
2 2 2   -0.397408
2 2 3    0.778863
3 2 1    0.156672
3 2 2    0.0485568
3 2 3    0.831607
4 2 1   -0.421167
4 2 2    0.496656
4 2 3    0.884604
;

W[i,j,k] :=
1 2 4   -0.0198314
1 2 5   -0.00997084
1 2 6    0.00429079
2 2 4   -0.0463319
2 2 5   -0.0460085
2 2 6    0.0200545
3 2 4   -0.0199158
3 2 5   -0.0100855
3 2 6    0.00434096
4 2 4    0.00662679
4 2 5    0.0260093
4 2 6   -0.0114477
;

W[i,j,k] :=
1 3 1    0.578588
1 3 2    0.397704
1 3 3   -0.602121
2 3 1    0.904668
2 3 2    0.805095
2 3 3   -0.136753
3 3 1    0.579626
3 3 2    0.399001
3 3 3   -0.600639
4 3 1    0.253029
4 3 2   -0.00903647
4 3 3   -1.06675
;

W[i,j,k] :=
1 3 4   -0.007664
1 3 5    0.0211846
1 3 6    0.00662807
2 3 4   -0.0429567
2 3 5    0.0494002
2 3 6    0.00665691
3 3 4   -0.00777633
3 3 5    0.0212744
3 3 6    0.00662816
4 3 4    0.0275724
4 3 5   -0.00698607
4 3 6    0.00659927
;

f11 = 7.98475

f12 = 15

f13 = 2.10387

f21 = -8.24332

f22 = 15

f23 = 0.479844

f31 = 5.92992

f32 = 15

f33 = 5.50864

