solve_message = ' \
Ipopt 3.9.1: Converged to a locally infeasible point. Problem may be infeasible.'

Solve time:
_solve_time = 11.9653

Objective:
torque = 6.92519

cnh1 = -0.923887

cnh2 = 0.58743

cnh3 = -0.0960852

snh1 = -0.162579

snh2 = -0.731388

snh3 = -0.933149

Hx = 0.00120576

Hy = 0.084361

Hz = -0.0530962

cnf11 = 0.805996

cnf21 = 0.858555

cnf31 = 0.606109

cnf12 = 0.805996

cnf22 = 1

cnf32 = 0.7431

cnt1 = -0.0800878

cnt2 = 0.371367

snf11 = 0.687292

snf21 = 0.534851

snf31 = 0.797403

snf12 = 0.687292

snf22 = 0

snf32 = 0.6691

snt1 = 0.934658

snt2 = 0.861444

p :=
1 1    0.0258907
1 2   -0.000342664
1 3    0.0631155
2 1   -0.0243891
2 2    0.0242993
2 3   -0.0320696
3 1    0.00426798
3 2    0.0301264
3 3   -0.0603709
;

mf :=
1 1    0.00141224
1 2   -0.0197443
1 3   -0.980037
2 1    0.631908
2 2   -0.691642
2 3   -0.182981
;

mt [*] :=
1  -0.223392
2   0.702765
3   0.250531
;

phi :=
1 1   0.0406599
1 2   0.0839801
1 3   0.116752
2 1   0.0545524
2 2   0.0262311
2 3   0.0704875
3 1   0.0407006
3 2   0.0837359
3 3   0.116579
4 1   0.0288703
4 2   0.188112
4 3   0.181927
;

l [*,1,*]
:        1             2            3        :=
1    0.00180323    -0.0200642   -0.980048
2   -0.489582       0.382008    -0.966495
3    0.000239263   -0.0187845   -0.980005
4    0.492405      -0.421495    -0.99358

 [*,2,*]
:      1           2           3        :=
1   0.631688   -0.691912   -0.182546
2   0.908976   -0.351999   -0.728706
3   0.63257    -0.690831   -0.184285
4   0.354842   -1.03128     0.362742

 [*,3,*]
:       1          2          3        :=
1   -0.22382    0.702627   0.25055
2    0.314182   0.875198   0.227143
3   -0.222107   0.703177   0.250475
4   -0.760963   0.530332   0.273919
;

W[i,j,k] :=
1 1 1    0.00180323
1 1 2   -0.0200642
1 1 3   -0.980048
2 1 1   -0.489582
2 1 2    0.382008
2 1 3   -0.966495
3 1 1    0.000239263
3 1 2   -0.0187845
3 1 3   -0.980005
4 1 1    0.492405
4 1 2   -0.421495
4 1 3   -0.99358
;

W[i,j,k] :=
1 1 4    0.00160219
1 1 5    0.0254879
1 1 6   -0.000518858
2 1 4   -0.0237794
2 1 5   -0.00587698
2 1 6    0.00972268
3 1 4    0.0015214
3 1 5    0.0253881
3 1 6   -0.000486262
4 1 4    0.0269433
4 1 5    0.0568028
4 1 6   -0.0107441
;

W[i,j,k] :=
1 2 1    0.631688
1 2 2   -0.691912
1 2 3   -0.182546
2 2 1    0.908976
2 2 2   -0.351999
2 2 3   -0.728706
3 2 1    0.63257
3 2 2   -0.690831
3 2 3   -0.184285
4 2 1    0.354842
4 2 2   -1.03128
4 2 3    0.362742
;

W[i,j,k] :=
1 2 4   -0.0266251
1 2 5   -0.0247101
1 2 6    0.00152552
2 2 4   -0.0289956
2 2 5   -0.046923
2 2 6   -0.0135026
3 2 4   -0.0266327
3 2 5   -0.0247808
3 2 6    0.00147769
4 2 4   -0.0242585
4 2 5   -0.00253271
4 2 6    0.0165296
;

W[i,j,k] :=
1 3 1   -0.22382
1 3 2    0.702627
1 3 3    0.25055
2 3 1    0.314182
2 3 2    0.875198
2 3 3    0.227143
3 3 1   -0.222107
3 3 2    0.703177
3 3 3    0.250475
4 3 1   -0.760963
4 3 2    0.530332
4 3 3    0.273919
;

W[i,j,k] :=
1 3 4    0.0499664
1 3 5    0.0124429
1 3 6    0.00974168
2 3 4    0.0596794
2 3 5   -0.0199369
2 3 6   -0.00572985
3 3 4    0.0499973
3 3 5    0.0123398
3 3 6    0.00969244
4 3 4    0.0402688
4 3 5    0.0447709
4 3 6    0.0251885
;

f11 = -7.63503

f12 = 15

f13 = -3.14464

f21 = 7.69209

f22 = 15

f23 = 3.00237

f31 = 5.31625

f32 = 15

f33 = -6.31823

