solve_message = ' \
Ipopt 3.9.1: Converged to a locally infeasible point. Problem may be infeasible.'

Solve time:
_solve_time = 40.1547

Objective:
torque = 7.24973

cnh1 = 0.939882

cnh2 = 0.466205

cnh3 = 0.966248

snh1 = -0.488489

snh2 = 0.951132

snh3 = -0.206347

Hx = -0.0708652

Hy = 0.00373692

Hz = -0.0697787

cnf11 = 0.326903

cnf21 = 0.944569

cnf31 = 0.627567

cnf12 = 0.326903

cnf22 = 0.226957

cnf32 = 0.395998

cnt1 = 0.751542

cnt2 = 0.589766

snf11 = 0.879281

snf21 = 0.479363

snf31 = 0.78829

snf12 = 0.879281

snf22 = 0.953892

snf32 = 0.907727

snt1 = 0.561413

snt2 = 0.796669

p :=
1 1   -0.00634899
1 2   -0.0336184
1 3   -0.0556434
2 1    0.0315669
2 2    0.013606
2 3   -0.0382502
3 1   -0.0304647
3 2    0.00407519
3 3    0.0628933
;

mf :=
1 1    0.321853
1 2    0.94596
1 3    0.33343
2 1   -0.979717
2 2   -0.27402
2 3   -0.11868
;

mt [*] :=
1   0.403549
2  -0.21073
3  -0.886207
;

phi :=
1 1   0.0745678
1 2   0.0807153
1 3   0.0654358
2 1   0.00169637
2 2   0.0264855
2 3   0.0560864
3 1   0.0742189
3 2   0.0804813
3 3   0.0654014
4 1   0.232839
4 2   0.192006
4 3   0.0782747
;

l [*,1,*]
:       1          2           3        :=
1   0.322054    0.945721    0.333944
2   0.0690695   1.2461     -0.311595
3   0.321249    0.946677    0.331889
4   0.574635    0.645824    0.978453

 [*,2,*]
:       1           2            3         :=
1   -0.979499   -0.274539   -0.118774
2   -1.25322     0.378289   -0.00118967
3   -0.98037    -0.272461   -0.118399
4   -0.706211   -0.926326   -0.23617

 [*,3,*]
:       1           2           3        :=
1    0.404021   -0.210425   -0.886081
2   -0.189549   -0.593736   -1.04562
3    0.402132   -0.211645   -0.886588
4    0.996644    0.172275   -0.726792
;

W[i,j,k] :=
1 1 1    0.322054
1 1 2    0.945721
1 1 3    0.333944
2 1 1    0.0690695
2 1 2    1.2461
2 1 3   -0.311595
3 1 1    0.321249
3 1 2    0.946677
3 1 3    0.331889
4 1 1    0.574635
4 1 2    0.645824
4 1 3    0.978453
;

W[i,j,k] :=
1 1 4    0.0413965
1 1 5   -0.0158
1 1 6    0.00482258
2 1 4    0.0798124
2 1 5   -0.00582157
2 1 6   -0.00558945
3 1 4    0.0415187
3 1 5   -0.0157682
3 1 6    0.00478944
4 1 4    0.00304178
4 1 5   -0.0257625
4 1 6    0.015218
;

W[i,j,k] :=
1 2 1   -0.979499
1 2 2   -0.274539
1 2 3   -0.118774
2 2 1   -1.25322
2 2 2    0.378289
2 2 3   -0.00118967
3 2 1   -0.98037
3 2 2   -0.272461
3 2 3   -0.118399
4 2 1   -0.706211
4 2 2   -0.926326
4 2 3   -0.23617
;

W[i,j,k] :=
1 2 4   -0.0121172
1 2 5    0.0412154
1 2 6    0.00466073
2 2 4    0.0144535
2 2 5    0.0479736
2 2 6    0.0289928
3 2 4   -0.0120326
3 2 5    0.0412369
3 2 6    0.00473817
4 2 4   -0.0386455
4 2 5    0.0344679
4 2 6   -0.0196325
;

W[i,j,k] :=
1 3 1    0.404021
1 3 2   -0.210425
1 3 3   -0.886081
2 3 1   -0.189549
2 3 2   -0.593736
2 3 3   -1.04562
3 3 1    0.402132
3 3 2   -0.211645
3 3 3   -0.886588
4 3 1    0.996644
4 3 2    0.172275
4 3 3   -0.726792
;

W[i,j,k] :=
1 3 4    0.00962337
1 3 5   -0.00158399
1 3 6    0.00476407
2 3 4    0.0330809
2 3 5   -0.043776
2 3 6    0.0188605
3 3 4    0.00969803
3 3 5   -0.00171828
3 3 6    0.00480894
4 3 4   -0.0137967
4 3 5    0.0405407
4 3 6   -0.00930982
;

f11 = 8.057

f12 = 15

f13 = -1.80753

f21 = -1.95925

f22 = 15

f23 = -8.02146

f31 = 3.04256

f32 = 12.5576

f33 = -5.5033

