solve_message = ' \
Ipopt 3.9.1: Converged to a locally infeasible point. Problem may be infeasible.'

Solve time:
_solve_time = 20.5921

Objective:
torque = 7.34047

cnh1 = 0.910781

cnh2 = 0.523414

cnh3 = 0.357824

snh1 = -0.224682

snh2 = -0.778485

snh3 = -0.996973

Hx = -0.000451381

Hy = -0.0767321

Hz = -0.0406688

cnf11 = 0.771835

cnf21 = 0.666469

cnf31 = 0.554837

cnf12 = 0.771835

cnf22 = 1

cnf32 = 0.710601

cnt1 = 0.416646

cnt2 = 0.471499

snf11 = 0.533174

snf21 = 0.660233

snf31 = 0.819957

snf12 = 0.533174

snf22 = 0.16258

snf32 = 0.713055

snt1 = 0.840496

snt2 = 0.864093

p :=
1 1   -0.0271576
1 2   -0.00551793
1 3    0.0624452
2 1    0.0288027
2 2   -0.0188916
2 3    0.00730557
3 1   -0.0247763
3 2    0.019978
3 3   -0.0581878
;

mf :=
1 1    0.0523901
1 2   -0.00994477
1 3   -0.834565
2 1   -0.697553
2 2    0.618004
2 3   -0.160483
;

mt [*] :=
1   0.376285
2  -0.603192
3   0.48955
;

phi :=
1 1   0.0669115
1 2   0.0809183
1 3   0.106225
2 1   0.0654858
2 2   0.0507032
2 3   0.0753699
3 1   0.0669051
3 2   0.0808133
3 3   0.106114
4 1   0.0699915
4 2   0.116938
4 3   0.146602
;

l [*,1,*]
:       1             2            3        :=
1    0.0520397   -0.00960188   -0.834561
2    0.492413    -0.440526     -0.838475
3    0.0534413   -0.0109734    -0.834574
4   -0.387631     0.420635     -0.830654

 [*,2,*]
:       1          2           3        :=
1   -0.697507   0.618263   -0.160012
2   -0.755292   0.292689   -0.751393
3   -0.697691   0.617227   -0.161894
4   -0.639814   0.943317    0.430425

 [*,3,*]
:       1           2          3        :=
1    0.37669    -0.602864   0.489563
2   -0.132407   -1.01484    0.473412
3    0.37507    -0.604175   0.489511
4    0.884975   -0.191546   0.505688
;

W[i,j,k] :=
1 1 1    0.0520397
1 1 2   -0.00960188
1 1 3   -0.834561
2 1 1    0.492413
2 1 2   -0.440526
2 1 3   -0.838475
3 1 1    0.0534413
3 1 2   -0.0109734
3 1 3   -0.834574
4 1 1   -0.387631
4 1 2    0.420635
4 1 3   -0.830654
;

W[i,j,k] :=
1 1 4    0.00520465
1 1 5   -0.0194151
1 1 6    0.000547917
2 1 4    0.0321354
2 1 5    0.00797787
2 1 6    0.0146807
3 1 4    0.00529036
3 1 5   -0.0193279
3 1 6    0.000592899
4 1 4   -0.0216832
4 1 5   -0.0467643
4 1 6   -0.0135624
;

W[i,j,k] :=
1 2 1   -0.697507
1 2 2    0.618263
1 2 3   -0.160012
2 2 1   -0.755292
2 2 2    0.292689
2 2 3   -0.751393
3 2 1   -0.697691
3 2 2    0.617227
3 2 3   -0.161894
4 2 1   -0.639814
4 2 2    0.943317
4 2 3    0.430425
;

W[i,j,k] :=
1 2 4   -0.00149389
1 2 5   -0.000486911
1 2 6    0.00463063
2 2 4    0.0120567
2 2 5    0.0161243
2 2 6   -0.00583843
3 2 4   -0.00145076
3 2 5   -0.000434041
3 2 6    0.00459731
4 2 4   -0.0150229
4 2 5   -0.0170716
4 2 6    0.015083
;

W[i,j,k] :=
1 3 1    0.37669
1 3 2   -0.602864
1 3 3    0.489563
2 3 1   -0.132407
2 3 2   -1.01484
2 3 3    0.473412
3 3 1    0.37507
3 3 2   -0.604175
3 3 3    0.489511
4 3 1    0.884975
4 3 2   -0.191546
4 3 3    0.505688
;

W[i,j,k] :=
1 3 4   -0.0252988
1 3 5   -0.0097892
1 3 6    0.00741125
2 3 4   -0.0495934
2 3 5    0.0194339
2 3 6    0.0277892
3 3 4   -0.0253762
3 3 5   -0.00969619
3 3 6    0.00747611
4 3 4   -0.001043
4 3 5   -0.0389657
4 3 6   -0.0129342
;

f11 = -6.77621

f12 = 15

f13 = -4.71842

f21 = 8.22406

f22 = 15

f23 = -0.739541

f31 = -0.473262

f32 = 15

f33 = -4.63221

