solve_message = ' \
Ipopt 3.9.1: Converged to a locally infeasible point. Problem may be infeasible.'

Solve time:
_solve_time = 36.2702

Objective:
torque = 7.341

cnh1 = 0.22473

cnh2 = -0.52341

cnh3 = -0.358028

snh1 = 0.910767

snh2 = -0.778487

snh3 = 0.996903

Hx = -0.0767437

Hy = 0.000438691

Hz = -0.0406665

cnf11 = 0.771849

cnf21 = 0.666375

cnf31 = 0.554821

cnf12 = 0.771849

cnf22 = 1

cnf32 = 0.710591

cnt1 = 0.416779

cnt2 = 0.471545

snf11 = 0.53315

snf21 = 0.660261

snf31 = 0.819958

snf12 = 0.53315

snf22 = 0.162623

snf32 = 0.713065

snt1 = 0.840414

snt2 = 0.864069

p :=
1 1   -0.00554494
1 2    0.0271533
1 3    0.062444
2 1   -0.0188868
2 2   -0.0288055
2 3    0.00732215
3 1    0.0199679
3 2    0.0247827
3 3   -0.0581902
;

mf :=
1 1   -0.00994482
1 2   -0.0523943
1 3   -0.834516
2 1    0.617892
2 2    0.697635
2 3   -0.160477
;

mt [*] :=
1  -0.60304
2  -0.37638
3   0.489609
;

phi :=
1 1   0.0634835
1 2   0.0816811
1 3   0.106585
2 1   0.0667599
2 2   0.0532305
2 3   0.0725709
3 1   0.0634938
3 2   0.0815738
3 3   0.106455
4 1   0.060341
4 2   0.122618
4 3   0.15697
;

l [*,1,*]
:        1            2            3        :=
1   -0.00960201   -0.0520438   -0.834513
2   -0.440438     -0.492464    -0.838429
3   -0.0109733    -0.0534456   -0.834525
4    0.420547      0.387674    -0.830603

 [*,2,*]
:      1          2           3        :=
1   0.618151   0.697589   -0.160006
2   0.292618   0.755288   -0.751423
3   0.617115   0.697773   -0.161888
4   0.943164   0.639983    0.430467

 [*,3,*]
:       1           2          3        :=
1   -0.602712   -0.376785   0.489622
2   -1.01481     0.132228   0.473468
3   -0.604023   -0.375165   0.48957
4   -0.191272   -0.884985   0.50575
;

W[i,j,k] :=
1 1 1   -0.00960201
1 1 2   -0.0520438
1 1 3   -0.834513
2 1 1   -0.440438
2 1 2   -0.492464
2 1 3   -0.838429
3 1 1   -0.0109733
3 1 2   -0.0534456
3 1 3   -0.834525
4 1 1    0.420547
4 1 2    0.387674
4 1 3   -0.830603
;

W[i,j,k] :=
1 1 4   -0.0194099
1 1 5   -0.00522691
1 1 6    0.000549306
2 1 4    0.00798537
2 1 5   -0.0321518
2 1 6    0.01469
3 1 4   -0.0193227
3 1 5   -0.00531261
3 1 6    0.000594312
4 1 4   -0.0467615
4 1 5    0.021655
4 1 6   -0.0135688
;

W[i,j,k] :=
1 2 1    0.618151
1 2 2    0.697589
1 2 3   -0.160006
2 2 1    0.292618
2 2 2    0.755288
2 2 3   -0.751423
3 2 1    0.617115
3 2 2    0.697773
3 2 3   -0.161888
4 2 1    0.943164
4 2 2    0.639983
4 2 3    0.430467
;

W[i,j,k] :=
1 2 4   -0.00049879
1 2 5    0.00150419
1 2 6    0.00463094
2 2 4    0.0161148
2 2 5   -0.0120494
2 2 6   -0.00583594
3 2 4   -0.000445913
3 2 5    0.00146105
3 2 6    0.00459763
4 2 4   -0.0170859
4 2 5    0.0150361
4 2 6    0.0150811
;

W[i,j,k] :=
1 3 1   -0.602712
1 3 2   -0.376785
1 3 3    0.489622
2 3 1   -1.01481
2 3 2    0.132228
2 3 3    0.473468
3 3 1   -0.604023
3 3 2   -0.375165
3 3 3    0.48957
4 3 1   -0.191272
4 3 2   -0.884985
4 3 3    0.50575
;

W[i,j,k] :=
1 3 4   -0.00979101
1 3 5    0.0252952
1 3 6    0.00741326
2 3 4    0.0194282
2 3 5    0.0495978
2 3 6    0.02779
3 3 4   -0.00969802
3 3 5    0.0253726
3 3 6    0.00747811
4 3 4   -0.0389636
4 3 5    0.00103139
4 3 6   -0.012931
;

f11 = -6.77714

f12 = 15

f13 = -4.7173

f21 = 8.22385

f22 = 15

f23 = -0.742129

f31 = -0.473497

f32 = 15

f33 = -4.63185

