solve_message = ' \
Ipopt 3.9.1: Converged to a locally infeasible point. Problem may be infeasible.'

Solve time:
_solve_time = 83.7101

Objective:
torque = 7.71493

cnh1 = -0.225061

cnh2 = 0.503594

cnh3 = -0.246038

snh1 = 0.976648

snh2 = -0.79145

snh3 = -1.03027

Hx = 0.0924106

Hy = 0.0123044

Hz = 0.0152634

cnf11 = 0.817707

cnf21 = 0.543172

cnf31 = 0.453971

cnf12 = 0.817707

cnf22 = 1

cnf32 = 0.690545

cnt1 = 0.661216

cnt2 = 0.552851

snf11 = 0.459733

snf21 = 0.909376

snf31 = 0.908658

snf12 = 0.459733

snf22 = 0.244981

snf32 = 0.732674

snt1 = 0.665428

snt2 = 0.82119

p :=
1 1   -0.0280646
1 2   -0.0129407
1 3    0.0597602
2 1    0.0143216
2 2    0.0312215
2 3    0.0549624
3 1    0.00495273
3 2   -0.0318544
3 3   -0.0610303
;

mf :=
1 1    0.716397
1 2    0.0145625
1 3   -0.73096
2 1   -0.497231
2 2   -0.75578
2 3   -0.443609
;

mt [*] :=
1  0.0867035
2  0.455537
3  0.743318
;

phi :=
1 1   0.0596118
1 2   0.0747893
1 3   0.116221
2 1   0.0626556
2 2   0.0543319
2 3   0.0997995
3 1   0.0596154
3 2   0.0747071
3 3   0.116147
4 1   0.0604614
4 2   0.108091
4 3   0.154234
;

l [*,1,*]
:      1           2            3        :=
1   0.716048    0.0141777   -0.731185
2   1.155       0.497825    -0.448277
3   0.717445    0.015717    -0.730285
4   0.277798   -0.468698    -1.01364

 [*,2,*]
:       1           2            3         :=
1   -0.497671   -0.755815   -0.443254
2    0.054977   -0.712521   -0.889137
3   -0.495912   -0.755677   -0.444673
4   -1.04944    -0.799039    0.00191787

 [*,3,*]
:       1            2           3        :=
1    0.0863372   0.455896     0.743123
2    0.546789    0.00417175   0.987585
3    0.0878027   0.454459     0.743901
4   -0.373381    0.9069       0.499052
;

W[i,j,k] :=
1 1 1    0.716048
1 1 2    0.0141777
1 1 3   -0.731185
2 1 1    1.155
2 1 2    0.497825
2 1 3   -0.448277
3 1 1    0.717445
3 1 2    0.015717
3 1 3   -0.730285
4 1 1    0.277798
4 1 2   -0.468698
4 1 3   -1.01364
;

W[i,j,k] :=
1 1 4    0.00861478
1 1 5    0.0222707
1 1 6    0.00886827
2 1 4   -0.0239491
2 1 5    0.0564422
2 1 6    0.000975209
3 1 4    0.00851114
3 1 5    0.0223795
3 1 6    0.00884315
4 1 4    0.0411267
4 1 5   -0.0118462
4 1 6    0.0167487
;

W[i,j,k] :=
1 2 1   -0.497671
1 2 2   -0.755815
1 2 3   -0.443254
2 2 1    0.054977
2 2 2   -0.712521
2 2 3   -0.889137
3 2 1   -0.495912
3 2 2   -0.755677
3 2 3   -0.444673
4 2 1   -1.04944
4 2 2   -0.799039
4 2 3    0.00191787
;

W[i,j,k] :=
1 2 4    0.0277023
1 2 5   -0.0210051
1 2 6    0.00471357
2 2 4    0.0114017
2 2 5    0.0157555
2 2 6   -0.0119209
3 2 4    0.0276505
3 2 5   -0.0208881
3 2 6    0.00466063
4 2 4    0.043977
4 2 5   -0.0577071
4 2 6    0.0213215
;

W[i,j,k] :=
1 3 1    0.0863372
1 3 2    0.455896
1 3 3    0.743123
2 3 1    0.546789
2 3 2    0.00417175
2 3 3    0.987585
3 3 1    0.0878027
3 3 2    0.454459
3 3 3    0.743901
4 3 1   -0.373381
4 3 2    0.9069
4 3 3    0.499052
;

W[i,j,k] :=
1 3 4    0.00415179
1 3 5   -0.00894967
1 3 6    0.00500815
2 3 4   -0.0312043
2 3 5   -0.038262
2 3 6    0.0174383
3 3 4    0.00403926
3 3 5   -0.00904297
3 3 6    0.00504771
4 3 4    0.0394515
4 3 5    0.0203159
4 3 6   -0.00740217
;

f11 = -7.75949

f12 = 15

f13 = 2.82362

f21 = 8.2555

f22 = 15

f23 = 0.170984

f31 = 0.514632

f32 = 15

f33 = 4.47167

