solve_message = ' \
Ipopt 3.9.1: Converged to a locally infeasible point. Problem may be infeasible.'

Solve time:
_solve_time = 5.99044

Objective:
torque = 8.1781

cnh1 = -1.02299

cnh2 = 1.04856

cnh3 = 0.791468

snh1 = -0.274742

snh2 = 0.150088

snh3 = 0.703973

Hx = 0.03254

Hy = -0.0789879

Hz = -0.0653228

cnf11 = 0.504179

cnf21 = 0.338935

cnf31 = 0.449512

cnf12 = 0.504179

cnf22 = 0.446591

cnf32 = 0.480437

cnt1 = 0.766

cnt2 = 0.649802

snf11 = 0.931558

snf21 = 0.874714

snf31 = 0.87244

snf12 = 0.931558

snf22 = 0.824959

snf32 = 0.860221

snt1 = 0.360617

snt2 = 0.750167

p :=
1 1   -0.0219321
1 2    0.0278955
1 3   -0.0340301
2 1   -0.0161114
2 2   -0.027361
2 3    0.0617471
3 1    0.0350761
3 2    0.00551616
3 3    0.0122154
;

mf :=
1 1    0.635103
1 2   -0.858096
1 3    0.0189514
2 1    0.498514
2 2    0.382787
2 3   -0.888516
;

mt [*] :=
1  -1.04024
2  -0.0537596
3   0.109828
;

phi :=
1 1   0.046368
1 2   0.0815233
1 3   0.0850282
2 1   0
2 2   0.05345
2 3   0.0255724
3 1   0.0461323
3 2   0.0814168
3 3   0.0847633
4 1   0.18456
4 2   0.12275
4 3   0.223677
;

l [*,1,*]
:      1           2           3         :=
1   0.635549   -0.857787    0.0192721
2   0.075252   -1.24628    -0.383837
3   0.633766   -0.859023    0.0179891
4   1.19495    -0.469916    0.421739

 [*,2,*]
:       1            2           3        :=
1    0.498083     0.383245   -0.888582
2    1.03996     -0.192123   -0.804911
3    0.499808     0.381414   -0.888316
4   -0.0429251    0.957696   -0.972121

 [*,3,*]
:       1           2            3        :=
1   -1.04018    -0.053818     0.110431
2   -1.11244     0.0196222   -0.647982
3   -1.04041    -0.0535843    0.108017
4   -0.968031   -0.127141     0.867635
;

W[i,j,k] :=
1 1 1    0.635549
1 1 2   -0.857787
1 1 3    0.0192721
2 1 1    0.075252
2 1 2   -1.24628
2 1 3   -0.383837
3 1 1    0.633766
3 1 2   -0.859023
3 1 3    0.0179891
4 1 1    1.19495
4 1 2   -0.469916
4 1 3    0.421739
;

W[i,j,k] :=
1 1 4   -0.028653
1 1 5   -0.0212051
1 1 6    0.00108415
2 1 4   -0.0531183
2 1 5   -0.0109792
2 1 6    0.0252343
3 1 4   -0.0287308
3 1 5   -0.0211726
3 1 6    0.00116102
4 1 4   -0.00422668
4 1 5   -0.0314147
4 1 6   -0.0230275
;

W[i,j,k] :=
1 2 1    0.498083
1 2 2    0.383245
1 2 3   -0.888582
2 2 1    1.03996
2 2 2   -0.192123
2 2 3   -0.804911
3 2 1    0.499808
3 2 2    0.381414
3 2 3   -0.888316
4 2 1   -0.0429251
4 2 2    0.957696
4 2 3   -0.972121
;

W[i,j,k] :=
1 2 4    0.000648224
1 2 5    0.0164389
1 2 6    0.00745343
2 2 4    0.0338862
2 2 5    0.051246
2 2 6    0.0315496
3 2 4    0.000754013
3 2 5    0.0165496
3 2 6    0.00753012
4 2 4   -0.0325367
4 2 5   -0.0183127
4 2 6   -0.0166043
;

W[i,j,k] :=
1 3 1   -1.04018
1 3 2   -0.053818
1 3 3    0.110431
2 3 1   -1.11244
2 3 2    0.0196222
2 3 3   -0.647982
3 3 1   -1.04041
3 3 2   -0.0535843
3 3 3    0.108017
4 3 1   -0.968031
4 3 2   -0.127141
4 3 3    0.867635
;

W[i,j,k] :=
1 3 4    0.00126656
1 3 5   -0.0165797
1 3 6    0.00385006
2 3 4   -0.00381406
2 3 5    0.00913982
2 3 6    0.00682467
3 3 4    0.00125039
3 3 5   -0.0164978
3 3 6    0.00385952
4 3 4    0.00633908
4 3 5   -0.0422581
4 3 6    0.00088019
;

f11 = 3.27583

f12 = 15

f13 = -7.57966

f21 = 2.50185

f22 = 15

f23 = -7.86912

f31 = 7.11985

f32 = 15

f33 = -4.18213

