solve_message = ' \
Ipopt 3.9.1: Converged to a locally infeasible point. Problem may be infeasible.'

Solve time:
_solve_time = 20.8573

Objective:
torque = 7.32748

cnh1 = -1.03793

cnh2 = 0.924232

cnh3 = -0.160571

snh1 = -0.211447

snh2 = 0.160608

snh3 = 1.047

Hx = 0.00834825

Hy = -0.069974

Hz = 0.0337197

cnf11 = 0.580404

cnf21 = 0.52195

cnf31 = 0.504064

cnf12 = 0.580404

cnf22 = 0.126678

cnf32 = 0.399609

cnt1 = 0.766

cnt2 = 0.7431

snf11 = 0.886076

snf21 = 0.779467

snf31 = 0.848902

snf12 = 0.886076

snf22 = 0.929491

snf32 = 0.880979

snt1 = 0

snt2 = 0.6691

p :=
1 1   -0.0271999
1 2    0.016744
1 3   -0.0614846
2 1   -0.0219665
2 2    0.0246964
2 3    0.0545903
3 1    0.0260629
3 2   -0.0222744
3 3    0.055296
;

mf :=
1 1    0.388592
1 2   -0.243393
1 3    0.853883
2 1    0.507687
2 2   -0.84037
2 3   -0.255131
;

mt [*] :=
1  -0.593959
2   0.690032
3  -0.182438
;

phi :=
1 1   0.0622969
1 2   0.0808382
1 3   0.114576
2 1   0.0503746
2 2   0.062097
2 3   0.121649
3 1   0.0622569
3 2   0.0807731
3 3   0.114598
4 1   0.0756031
4 2   0.103279
4 3   0.107762
;

l [*,1,*]
:       1           2          3        :=
1    0.388973   -0.242954   0.853818
2   -0.089707   -0.794201   0.936119
3    0.387449   -0.244709   0.85408
4    0.866888    0.307413   0.771648

 [*,2,*]
:      1           2           3        :=
1   0.507586   -0.84026    -0.255674
2   0.634359   -0.978465    0.426237
3   0.50799    -0.8407     -0.253504
4   0.381015   -0.702276   -0.936497

 [*,3,*]
:       1          2           3        :=
1   -0.593805   0.690346   -0.182035
2   -0.787313   0.295733   -0.688663
3   -0.594421   0.68909    -0.183648
4   -0.400606   1.08433     0.323784
;

W[i,j,k] :=
1 1 1    0.388973
1 1 2   -0.242954
1 1 3    0.853818
2 1 1   -0.089707
2 1 2   -0.794201
2 1 3    0.936119
3 1 1    0.387449
3 1 2   -0.244709
3 1 3    0.85408
4 1 1    0.866888
4 1 2    0.307413
4 1 3    0.771648
;

W[i,j,k] :=
1 1 4   -0.000641621
1 1 5   -0.000692035
1 1 6    9.53835e-05
2 1 4   -0.0331568
2 1 5    0.030978
2 1 6    0.0231043
3 1 4   -0.000745109
3 1 5   -0.000591237
3 1 6    0.000168616
4 1 4    0.0318216
4 1 5   -0.0323115
4 1 6   -0.0228768
;

W[i,j,k] :=
1 2 1    0.507586
1 2 2   -0.84026
1 2 3   -0.255674
2 2 1    0.634359
2 2 2   -0.978465
2 2 3    0.426237
3 2 1    0.50799
3 2 2   -0.8407
3 2 3   -0.253504
4 2 1    0.381015
4 2 2   -0.702276
4 2 3   -0.936497
;

W[i,j,k] :=
1 2 4   0.0395558
1 2 5   0.022093
1 2 6   0.00592204
2 2 4   0.0639412
2 2 5   0.0439928
2 2 6   0.00582707
3 2 4   0.0396334
3 2 5   0.0221627
3 2 6   0.00592173
4 2 4   0.0152094
4 2 5   0.000228165
4 2 6   0.00601685
;

W[i,j,k] :=
1 3 1   -0.593805
1 3 2    0.690346
1 3 3   -0.182035
2 3 1   -0.787313
2 3 2    0.295733
2 3 3   -0.688663
3 3 1   -0.594421
3 3 2    0.68909
3 3 3   -0.183648
4 3 1   -0.400606
4 3 2    1.08433
4 3 3    0.323784
;

W[i,j,k] :=
1 3 4   -0.0341187
1 3 5   -0.0280907
1 3 6    0.00476578
2 3 4   -0.00101331
2 3 5   -0.0255867
2 3 6   -0.00982926
3 3 4   -0.0340133
3 3 5   -0.0280827
3 3 6    0.00471933
4 3 4   -0.0671712
4 3 5   -0.0305907
4 3 6    0.0193375
;

f11 = 1.98636

f12 = 14.8292

f13 = -1.75882

f21 = -0.771622

f22 = 15

f23 = 7.99979

f31 = 8.24166

f32 = 15

f33 = 0.507509

