solve_message = ' \
Ipopt 3.9.1: Converged to a locally infeasible point. Problem may be infeasible.'

Solve time:
_solve_time = 56.4412

Objective:
torque = 6.89039

cnh1 = 0.974069

cnh2 = -0.686404

cnh3 = 0.440207

snh1 = -0.416158

snh2 = 0.639414

snh3 = 0.96344

Hx = 0.0128269

Hy = 0.0781237

Hz = 0.0647074

cnf11 = 0.751997

cnf21 = 1

cnf31 = 0.684694

cnf12 = 0.751997

cnf22 = 0.757346

cnf32 = 0.592353

cnt1 = 0.297421

cnt2 = 0.384006

snf11 = 0.560804

snf21 = 0.268349

snf31 = 0.738211

snf12 = 0.560804

snf22 = 0.553559

snf32 = 0.794837

snt1 = 0.978504

snt2 = 0.936382

p :=
1 1   -0.0300102
1 2    0.0186228
1 3    0.0443257
2 1    0.0151635
2 2    0.0225597
2 3   -0.0626795
3 1    0.0148254
3 2   -0.0304882
3 3    0.0490505
;

mf :=
1 1    0.821857
1 2   -0.642541
1 3   -0.0487437
2 1    0.0579849
2 2   -0.298767
2 3    0.789365
;

mt [*] :=
1  -0.335763
2   1.03352
3  -0.175993
;

phi :=
1 1   0.0677151
1 2   0.0475421
1 3   0.110779
2 1   0.0249802
2 2   0
2 3   0.0429026
3 1   0.0675401
3 2   0.047303
3 3   0.1105
4 1   0.141443
4 2   0.160184
4 3   0.230788
;

l [*,1,*]
:      1           2            3         :=
1   0.821535   -0.643028    -0.0485381
2   1.22563    -0.0311271   -0.30696
3   0.822822   -0.64108     -0.0493606
4   0.418081   -1.25395      0.209472

 [*,2,*]
:       1            2          3        :=
1    0.057554    -0.299144   0.789305
2    0.599179     0.175405   0.864165
3    0.0592778   -0.297634   0.789543
4   -0.483207    -0.772937   0.714565

 [*,3,*]
:       1          2           3        :=
1   -0.335697   1.0334     -0.176539
2   -0.417799   1.17807     0.509924
3   -0.335959   1.03387    -0.174354
4   -0.253727   0.888972   -0.861907
;

W[i,j,k] :=
1 1 1    0.821535
1 1 2   -0.643028
1 1 3   -0.0485381
2 1 1    1.22563
2 1 2   -0.0311271
2 1 3   -0.30696
3 1 1    0.822822
3 1 2   -0.64108
3 1 3   -0.0493606
4 1 1    0.418081
4 1 2   -1.25395
4 1 3    0.209472
;

W[i,j,k] :=
1 1 4    0.0275987
1 1 5    0.0349585
1 1 6    0.00399815
2 1 4   -0.0043367
2 1 5    0.0451152
2 1 6   -0.0218906
3 1 4    0.0274971
3 1 5    0.0349908
3 1 6    0.00391576
4 1 4    0.0594833
4 1 5    0.024818
4 1 6    0.0298456
;

W[i,j,k] :=
1 2 1    0.057554
1 2 2   -0.299144
1 2 3    0.789305
2 2 1    0.599179
2 2 2    0.175405
2 2 3    0.864165
3 2 1    0.0592778
3 2 2   -0.297634
3 2 3    0.789543
4 2 1   -0.483207
4 2 2   -0.772937
4 2 3    0.714565
;

W[i,j,k] :=
1 2 4   -0.000943728
1 2 5   -0.0155761
1 2 6   -0.00583447
2 2 4    0.0304896
2 2 5   -0.05066
2 2 6   -0.0108576
3 2 4   -0.000843683
3 2 5   -0.0156877
3 2 6   -0.00585046
4 2 4   -0.0323269
4 2 5    0.0194519
4 2 6   -0.00081939
;

W[i,j,k] :=
1 3 1   -0.335697
1 3 2    1.0334
1 3 3   -0.176539
2 3 1   -0.417799
2 3 2    1.17807
2 3 3    0.509924
3 3 1   -0.335959
3 3 2    1.03387
3 3 3   -0.174354
4 3 1   -0.253727
4 3 2    0.888972
4 3 3   -0.861907
;

W[i,j,k] :=
1 3 4   -0.0453067
1 3 5   -0.0138489
1 3 6    0.0050858
2 3 4   -0.0733314
2 3 5   -0.028053
2 3 6    0.00472736
3 3 4   -0.0453958
3 3 5   -0.0138941
3 3 6    0.00508466
4 3 4   -0.0173266
4 3 5    0.000332637
4 3 6    0.00544366
;

f11 = 8.21273

f12 = 15

f13 = 0.856498

f21 = -1.23314

f22 = 12.9961

f23 = 6.38939

f31 = 0.5466

f32 = 15

f33 = 8.23913

