solve_message = ' \
Ipopt 3.9.1: Converged to a locally infeasible point. Problem may be infeasible.'

Solve time:
_solve_time = 17.7061

Objective:
torque = 7.71501

cnh1 = -0.225007

cnh2 = -0.503585

cnh3 = 0.245984

snh1 = 0.976648

snh2 = -0.791456

snh3 = 1.03029

Hx = -0.0924076

Hy = -0.0123031

Hz = 0.0152621

cnf11 = 0.817697

cnf21 = 0.543154

cnf31 = 0.453965

cnf12 = 0.817697

cnf22 = 1

cnf32 = 0.690547

cnt1 = 0.661226

cnt2 = 0.552855

snf11 = 0.459752

snf21 = 0.909384

snf31 = 0.908661

snf12 = 0.459752

snf22 = 0.244974

snf32 = 0.732673

snt1 = 0.665418

snt2 = 0.821188

p :=
1 1    0.0280643
1 2    0.0129415
1 3    0.0597602
2 1   -0.0143226
2 2   -0.0312211
2 3    0.0549618
3 1   -0.00494863
3 2    0.0318547
3 3   -0.0610307
;

mf :=
1 1   -0.716387
1 2   -0.0145775
1 3   -0.730965
2 1    0.497255
2 2    0.75577
2 3   -0.443581
;

mt [*] :=
1  -0.0867096
2  -0.455529
3   0.743319
;

phi :=
1 1   0.0652888
1 2   0.0801971
1 3   0.108332
2 1   0.0668528
2 2   0.0613912
2 3   0.0768498
3 1   0.0652927
3 2   0.0801294
3 3   0.108214
4 1   0.0647744
4 2   0.104848
4 3   0.153744
;

l [*,1,*]
:       1           2            3        :=
1   -0.716038   -0.0141927   -0.73119
2   -1.15498    -0.497822    -0.448273
3   -0.717435   -0.015732    -0.730289
4   -0.277791    0.468666    -1.01366

 [*,2,*]
:       1           2           3         :=
1    0.497695    0.755804   -0.443226
2   -0.0549306   0.712531   -0.889126
3    0.495936    0.755666   -0.444645
4    1.04944     0.799008    0.0019633

 [*,3,*]
:       1             2           3        :=
1   -0.0863432   -0.455888     0.743124
2   -0.546797    -0.00416836   0.987578
3   -0.0878087   -0.454451     0.743902
4    0.373376    -0.906888     0.499061
;

W[i,j,k] :=
1 1 1   -0.716038
1 1 2   -0.0141927
1 1 3   -0.73119
2 1 1   -1.15498
2 1 2   -0.497822
2 1 3   -0.448273
3 1 1   -0.717435
3 1 2   -0.015732
3 1 3   -0.730289
4 1 1   -0.277791
4 1 2    0.468666
4 1 3   -1.01366
;

W[i,j,k] :=
1 1 4   -0.00861452
1 1 5   -0.0222703
1 1 6    0.00886829
2 1 4    0.0239487
2 1 5   -0.0564417
2 1 6    0.000976198
3 1 4   -0.00851088
3 1 5   -0.022379
3 1 6    0.00884317
4 1 4   -0.0411258
4 1 5    0.0118466
4 1 6    0.0167478
;

W[i,j,k] :=
1 2 1    0.497695
1 2 2    0.755804
1 2 3   -0.443226
2 2 1   -0.0549306
2 2 2    0.712531
2 2 3   -0.889126
3 2 1    0.495936
3 2 2    0.755666
3 2 3   -0.444645
4 2 1    1.04944
4 2 2    0.799008
4 2 3    0.0019633
;

W[i,j,k] :=
1 2 4   -0.0277023
1 2 5    0.0210061
1 2 6    0.00471353
2 2 4   -0.0114024
2 2 5   -0.0157537
2 2 6   -0.0119203
3 2 4   -0.0276504
3 2 5    0.0208891
3 2 6    0.00466059
4 2 4   -0.0439762
4 2 5    0.0577072
4 2 6    0.0213208
;

W[i,j,k] :=
1 3 1   -0.0863432
1 3 2   -0.455888
1 3 3    0.743124
2 3 1   -0.546797
2 3 2   -0.00416836
2 3 3    0.987578
3 3 1   -0.0878087
3 3 2   -0.454451
3 3 3    0.743902
4 3 1    0.373376
4 3 2   -0.906888
4 3 3    0.499061
;

W[i,j,k] :=
1 3 4   -0.00415114
1 3 5    0.00894703
1 3 6    0.00500646
2 3 4    0.0312046
2 3 5    0.0382586
2 3 6    0.0174387
3 3 4   -0.00403861
3 3 5    0.00904033
3 3 6    0.00504603
4 3 4   -0.0394505
4 3 5   -0.0203177
4 3 6   -0.00740596
;

f11 = -7.75936

f12 = 15

f13 = 2.82394

f21 = 8.25551

f22 = 15

f23 = 0.170381

f31 = 0.514301

f32 = 15

f33 = 4.47156

