solve_message = ' \
Ipopt 3.9.1: Converged to a locally infeasible point. Problem may be infeasible.'

Solve time:
_solve_time = 30.2174

Objective:
torque = 8.7067

cnh1 = 0.314443

cnh2 = 0.101957

cnh3 = 0.646898

snh1 = -0.883813

snh2 = -0.932526

snh3 = 0.679355

Hx = 0.0542486

Hy = -0.0365272

Hz = 0.0352221

cnf11 = 0.519366

cnf21 = 0.228242

cnf31 = 0.421376

cnf12 = 0.519366

cnf22 = 0.394969

cnf32 = 0.389721

cnt1 = 0.766

cnt2 = 0.625877

snf11 = 0.781191

snf21 = 0.909893

snf31 = 0.879827

snf12 = 0.781191

snf22 = 0.982853

snf32 = 0.950485

snt1 = 0.445229

snt2 = 0.76972

p :=
1 1   -0.0310588
1 2   -0.0136106
1 3    0.048958
2 1   -0.00930267
2 2    0.0316925
2 3    0.0594996
3 1   -0.0112383
3 2   -0.00124668
3 3   -0.0659406
;

mf :=
1 1    0.716824
1 2    0.150636
1 3   -0.297797
2 1    0.383138
2 2   -0.666094
2 3   -0.459836
;

mt [*] :=
1  -0.108234
2  -0.0267545
3   0.864008
;

phi :=
1 1   0.0487916
1 2   0.0607369
1 3   0.0863365
2 1   0
2 2   0.0165511
2 3   0.0314612
3 1   0.0485476
3 2   0.0605453
3 3   0.086086
4 1   0.205603
4 2   0.155386
4 3   0.232523
;

l [*,1,*]
:      1           2           3        :=
1   0.716513    0.150836   -0.298452
2   1.10632    -0.100256    0.525364
3   0.717754    0.150037   -0.29583
4   0.327333    0.401528   -1.12095

 [*,2,*]
:       1           2           3        :=
1    0.382496   -0.66651    -0.459631
2    1.18934    -0.143508   -0.717768
3    0.385064   -0.664845   -0.460453
4   -0.423064   -1.18868    -0.201905

 [*,3,*]
:       1           2           3        :=
1   -0.10846    -0.0260722   0.863987
2    0.176067   -0.883663    0.890226
3   -0.107555   -0.0288017   0.864071
4   -0.392534    0.830151    0.83779
;

W[i,j,k] :=
1 1 1    0.716513
1 1 2    0.150836
1 1 3   -0.298452
2 1 1    1.10632
2 1 2   -0.100256
2 1 3    0.525364
3 1 1    0.717754
3 1 2    0.150037
3 1 3   -0.29583
4 1 1    0.327333
4 1 2    0.401528
4 1 3   -1.12095
;

W[i,j,k] :=
1 1 4   -0.00332252
1 1 5    0.0258095
1 1 6    0.00506739
2 1 4   -0.0022422
2 1 5    0.0704802
2 1 6    0.0181715
3 1 4   -0.00331909
3 1 5    0.0259517
3 1 6    0.0051091
4 1 4   -0.00440113
4 1 5   -0.01879
4 1 6   -0.00801579
;

W[i,j,k] :=
1 2 1    0.382496
1 2 2   -0.66651
1 2 3   -0.459631
2 2 1    1.18934
2 2 2   -0.143508
2 2 3   -0.717768
3 2 1    0.385064
3 2 2   -0.664845
3 2 3   -0.460453
4 2 1   -0.423064
4 2 2   -1.18868
4 2 3   -0.201905
;

W[i,j,k] :=
1 2 4    0.0250902
1 2 5    0.0184826
1 2 6   -0.00592194
2 2 4   -0.0142092
2 2 5    0.0640883
2 2 6   -0.0363583
3 2 4    0.0249651
3 2 5    0.0186277
3 2 6   -0.00601882
4 2 4    0.0643269
4 2 5   -0.0270504
4 2 6    0.0244658
;

W[i,j,k] :=
1 3 1   -0.10846
1 3 2   -0.0260722
1 3 3    0.863987
2 3 1    0.176067
2 3 2   -0.883663
2 3 3    0.890226
3 3 1   -0.107555
3 3 2   -0.0288017
3 3 3    0.864071
4 3 1   -0.392534
4 3 2    0.830151
4 3 3    0.83779
;

W[i,j,k] :=
1 3 4   -0.00279633
1 3 5    0.0168617
1 3 6    0.000157792
2 3 4   -0.0593791
2 3 5   -0.00160536
2 3 6    0.0101504
3 3 4   -0.00297642
3 3 5    0.0168029
3 3 6    0.000189596
4 3 4    0.0536962
4 3 5    0.0352992
4 3 6   -0.00981884
;

f11 = 11.9322

f12 = 15

f13 = -5.65539

f21 = 13.19

f22 = 15

f23 = 0.619979

f31 = 1.4023

f32 = 15

f33 = 3.071

