solve_message = ' \
Ipopt 3.9.1: Optimal Solution Found'

Solve time:
_solve_time = 30.1238

Objective:
torque = 4.19731

cnh1 = 0.781679

cnh2 = 0.937587

cnh3 = -0.213769

snh1 = 0.518631

snh2 = -0.0304966

snh3 = -0.913402

Hx = 0.0447848

Hy = -0.0530144

Hz = 0.0240631

cnf11 = 0.349213

cnf21 = 0.418163

cnf31 = 0.471952

cnf12 = 0.349213

cnf22 = 0.547231

cnf32 = 0.512382

cnt1 = 0.439964

cnt2 = 0.463441

snf11 = 0.870661

snf21 = 0.839727

snf31 = 0.863899

snf12 = 0.870661

snf22 = 0.761931

snf32 = 0.844572

snt1 = 0.866277

snt2 = 0.877763

p :=
1 1    0.00369953
1 2    0.0321035
1 3    0.0609003
2 1    0.0272893
2 2    0.0135598
2 3   -0.0631311
3 1   -0.0341011
3 2   -0.00485663
3 3    0.00309821
;

mf :=
1 1    0.141074
1 2   -0.608159
1 3   -0.467085
2 1   -0.146501
2 2   -0.291948
2 3    0.699403
;

mt [*] :=
1   0.838048
2  -0.0162021
3   0.135556
;

phi :=
1 1   0.0580408
1 2   0.0677092
1 3   0.0412161
2 1   0.00171063
2 2   0.0100762
2 3   0
3 1   0.0577627
3 2   0.0674302
3 3   0.0409905
4 1   0.253535
4 2   0.251398
4 3   0.183488
;

l [*,1,*]
:       1           2           3        :=
1    0.140364   -0.60815    -0.467263
2    1.03195    -0.618981   -0.244122
3    0.143202   -0.608184   -0.466552
4   -0.749803   -0.597336   -0.690047

 [*,2,*]
:       1           2          3        :=
1   -0.146464   -0.291263   0.699671
2   -0.192402   -1.15186    0.362108
3   -0.14661    -0.294002   0.698597
4   -0.1006      0.567959   1.0367

 [*,3,*]
:      1           2            3        :=
1   0.838157   -0.015767     0.134921
2   0.700947   -0.562589     0.933387
3   0.83772    -0.0175074    0.137462
4   0.975148    0.530183    -0.662272
;

W[i,j,k] :=
1 1 1    0.140364
1 1 2   -0.60815
1 1 3   -0.467263
2 1 1    1.03195
2 1 2   -0.618981
2 1 3   -0.244122
3 1 1    0.143202
3 1 2   -0.608184
3 1 3   -0.466552
4 1 1   -0.749803
4 1 2   -0.597336
4 1 3   -0.690047
;

W[i,j,k] :=
1 1 4    0.0220358
1 1 5    0.0102769
1 1 6   -0.00675605
2 1 4    0.029859
2 1 5    0.0637494
2 1 6   -0.0354192
3 1 4    0.0220607
3 1 5    0.0104471
3 1 6   -0.00684728
4 1 4    0.014225
4 1 5   -0.0431104
4 1 6    0.0218614
;

W[i,j,k] :=
1 2 1   -0.146464
1 2 2   -0.291263
1 2 3    0.699671
2 2 1   -0.192402
2 2 2   -1.15186
2 2 3    0.362108
3 2 1   -0.14661
3 2 2   -0.294002
3 2 3    0.698597
4 2 1   -0.1006
4 2 2    0.567959
4 2 3    1.0367
;

W[i,j,k] :=
1 2 4   -0.00890032
1 2 5   -0.00984712
1 2 6   -0.00596234
2 2 4   -0.0678079
2 2 5    0.00226484
2 2 6   -0.0288245
3 2 4   -0.00908781
3 2 5   -0.00980857
3 2 6   -0.0060351
4 2 4    0.0499132
4 2 5   -0.0219398
4 2 6    0.0168633
;

W[i,j,k] :=
1 3 1    0.838157
1 3 2   -0.015767
1 3 3    0.134921
2 3 1    0.700947
2 3 2   -0.562589
2 3 3    0.933387
3 3 1    0.83772
3 3 2   -0.0175074
3 3 3    0.137462
4 3 1    0.975148
4 3 2    0.530183
4 3 3   -0.662272
;

W[i,j,k] :=
1 3 4   -0.00060641
1 3 5    0.00719772
1 3 6    0.00460829
2 3 4   -0.00279009
2 3 5    0.0340012
2 3 6    0.0225891
3 3 4   -0.00061336
3 3 5    0.00728303
3 3 6    0.00466552
4 3 4    0.00157379
4 3 5   -0.019563
4 3 6   -0.0133439
;

f11 = 10.0064

f12 = 13.0833

f13 = -3.08902

f21 = 6.52539

f22 = 11.1595

f23 = 6.10259

f31 = -1.75652

f32 = 2.47767

f33 = -0.98157

