solve_message = ' \
Ipopt 3.9.1: Optimal Solution Found'

Solve time:
_solve_time = 2.30881

Objective:
torque = 2.64057

cnh1 = -1.01887

cnh2 = 0.139284

cnh3 = 1.03234

snh1 = 0.276886

snh2 = -0.933257

snh3 = 0.232879

Hx = -0.0814332

Hy = -8.13852e-05

Hz = -0.040207

cnf11 = 0.937792

cnf21 = 0.782644

cnf31 = 0.604037

cnf12 = 0.937792

cnf22 = 0.809229

cnf32 = 0.589233

cnt1 = 0.433877

cnt2 = 0.408706

snf11 = 0

snf21 = 0.517181

snf31 = 0.786376

snf12 = 0

snf22 = 0.582571

snf32 = 0.807523

snt1 = 0.966304

snt2 = 0.937324

p :=
1 1   -0.00639148
1 2    0.0262883
1 3    0.0627312
2 1   -0.000292856
2 2   -0.0241732
2 3    0.0637858
3 1    0.0334291
3 2   -0.00452019
3 3   -0.0575346
;

mf :=
1 1    0.193987
1 2   -0.011134
1 3   -0.803269
2 1    0.137814
2 2   -0.0624157
2 3   -0.870666
;

mt [*] :=
1  -0.875751
2   0.0523912
3   0.643377
;

phi :=
1 1   0.0644758
1 2   0.0610625
1 3   0.0936463
2 1   0.025775
2 2   0.0235244
2 3   0.0349645
3 1   0.0643149
3 2   0.0609069
3 3   0.0933787
4 1   0.13741
4 2   0.131215
4 3   0.24219
;

l [*,1,*]
:       1           2            3        :=
1    0.194636   -0.0104861   -0.803152
2   -0.621031   -0.824758    -0.949587
3    0.19204    -0.0130778   -0.803618
4    1.009       0.802487    -0.656951

 [*,2,*]
:       1           2            3        :=
1    0.138519   -0.0617704   -0.870605
2   -0.74666    -0.872753    -0.947821
3    0.135701   -0.0643516   -0.870851
4    1.02229     0.747918    -0.793513

 [*,3,*]
:       1           2            3         :=
1   -0.875324    0.0516856    0.643904
2   -1.41239     0.938424    -0.0186158
3   -0.877033    0.0545079    0.641796
4   -0.339113   -0.833639     1.30537
;

W[i,j,k] :=
1 1 1    0.194636
1 1 2   -0.0104861
1 1 3   -0.803152
2 1 1   -0.621031
2 1 2   -0.824758
2 1 3   -0.949587
3 1 1    0.19204
3 1 2   -0.0130778
3 1 3   -0.803618
4 1 1    1.009
4 1 2    0.802487
4 1 3   -0.656951
;

W[i,j,k] :=
1 1 4   -0.0204557
1 1 5    0.00707639
1 1 6   -0.00504966
2 1 4    0.0267751
2 1 5   -0.0450272
2 1 6    0.0215969
3 1 4   -0.0203053
3 1 5    0.00691056
3 1 6   -0.00496485
4 1 4   -0.0676111
4 1 5    0.0590969
4 1 6   -0.0316537
;

W[i,j,k] :=
1 2 1    0.138519
1 2 2   -0.0617704
1 2 3   -0.870605
2 2 1   -0.74666
2 2 2   -0.872753
2 2 3   -0.947821
3 2 1    0.135701
3 2 2   -0.0643516
3 2 3   -0.870851
4 2 1    1.02229
4 2 2    0.747918
4 2 3   -0.793513
;

W[i,j,k] :=
1 2 4    0.0249854
1 2 5    0.00858054
1 2 6    0.00336655
2 2 4    0.0785811
2 2 5   -0.0479039
2 2 6   -0.0177935
3 2 4    0.025156
3 2 5    0.00840076
3 2 6    0.0032992
4 2 4   -0.0285248
4 2 5    0.0649748
4 2 6    0.0244928
;

W[i,j,k] :=
1 3 1   -0.875324
1 3 2    0.0516856
1 3 3    0.643904
2 3 1   -1.41239
2 3 2    0.938424
2 3 3   -0.0186158
3 3 1   -0.877033
3 3 2    0.0545079
3 3 3    0.641796
4 3 1   -0.339113
4 3 2   -0.833639
4 3 3    1.30537
;

W[i,j,k] :=
1 3 4    6.31395e-05
1 3 5    0.0288363
1 3 6   -0.0022288
2 3 4    0.054076
2 3 5    0.0818837
2 3 6    0.0249865
3 3 4    0.00023505
3 3 5    0.0290051
3 3 6   -0.00214218
4 3 4   -0.0538636
4 3 5   -0.0241265
4 3 6   -0.0294006
;

f11 = -2.07774

f12 = 4.94281

f13 = -3.38212

f21 = 2.14848

f22 = 2.77617

f23 = 0.660718

f31 = 7.36885

f32 = 9.70086

f33 = -2.45879

