solve_message = ' \
Ipopt 3.9.1: Converged to a locally infeasible point. Problem may be infeasible.'

Solve time:
_solve_time = 5.07003

Objective:
torque = 3.47595

cnh1 = 0.582096

cnh2 = -0.889933

cnh3 = 0.746281

snh1 = -0.735639

snh2 = 0.29668

snh3 = -0.568388

Hx = -0.0548801

Hy = -0.0451811

Hz = 0.0906782

cnf11 = 0.932738

cnf21 = 0.788154

cnf31 = 0.597479

cnf12 = 0.932738

cnf22 = -0.0800879

cnf32 = 0.371367

cnt1 = 0.504388

cnt2 = 0.438537

snf11 = 0

snf21 = 0.544419

snf31 = 0.794639

snf12 = 0

snf22 = 0.934658

snf32 = 0.861444

snt1 = 0.931447

snt2 = 0.918238

p :=
1 1   -0.0243528
1 2    0.02436
1 3   -0.00303328
2 1   -0.0229952
2 2   -0.0224015
2 3    0.0575765
3 1    0.026917
3 2   -0.0214587
3 3    0.0329373
;

mf :=
1 1    0.437829
1 2   -0.627776
1 3    0.189762
2 1   -0.30978
2 2   -0.29454
2 3    0.645517
;

mt [*] :=
1  -0.798379
2   0.464108
3   0.162536
;

phi :=
1 1   0.102673
1 2   0.0352768
1 3   0.090663
2 1   0.046196
2 2   0.0162646
2 3   0.0150037
3 1   0.102445
3 2   0.0352086
3 3   0.0903653
4 1   0.194079
4 2   0.0553072
4 3   0.197214
;

l [*,1,*]
:      1           2           3        :=
1   0.437849   -0.627948    0.189035
2   0.412683   -0.411727    1.10345
3   0.437769   -0.62726     0.191945
4   0.462975   -0.843824   -0.723922

 [*,2,*]
:       1           2          3        :=
1   -0.309637   -0.295179   0.645292
2   -0.489355    0.507728   0.928374
3   -0.310209   -0.292623   0.646192
4   -0.130205   -1.0968     0.36266

 [*,3,*]
:       1           2           3         :=
1   -0.797997    0.464822    0.16237
2   -1.27769    -0.431888    0.371476
3   -0.799524    0.461968    0.163036
4   -0.319069    1.3601     -0.0464028
;

W[i,j,k] :=
1 1 1    0.437849
1 1 2   -0.627948
1 1 3    0.189035
2 1 1    0.412683
2 1 2   -0.411727
2 1 3    1.10345
3 1 1    0.437769
3 1 2   -0.62726
3 1 3    0.191945
4 1 1    0.462975
4 1 2   -0.843824
4 1 3   -0.723922
;

W[i,j,k] :=
1 1 4    0.00270014
1 1 5    0.00327543
1 1 6    0.00462631
2 1 4    0.0256312
2 1 5    0.0256204
2 1 6   -2.62414e-05
3 1 4    0.00277312
3 1 5    0.00334655
3 1 6    0.0046115
4 1 4   -0.0201943
4 1 5   -0.0190339
4 1 6    0.00927144
;

W[i,j,k] :=
1 2 1   -0.309637
1 2 2   -0.295179
1 2 3    0.645292
2 2 1   -0.489355
2 2 2    0.507728
2 2 3    0.928374
3 2 1   -0.310209
3 2 2   -0.292623
3 2 3    0.646192
4 2 1   -0.130205
4 2 2   -1.0968
4 2 3    0.36266
;

W[i,j,k] :=
1 2 4    0.00253987
1 2 5   -0.00298918
1 2 6   -0.000148622
2 2 4   -0.0500302
2 2 5   -0.00682716
2 2 6   -0.0226376
3 2 4    0.00237255
3 2 5   -0.0030014
3 2 6   -0.0002202
4 2 4    0.0550261
4 2 5    0.000842673
4 2 6    0.0223045
;

W[i,j,k] :=
1 3 1   -0.797997
1 3 2    0.464822
1 3 3    0.16237
2 3 1   -1.27769
2 3 2   -0.431888
2 3 3    0.371476
3 3 1   -0.799524
3 3 2    0.461968
3 3 3    0.163036
4 3 1   -0.319069
4 3 2    1.3601
4 3 3   -0.0464028
;

W[i,j,k] :=
1 3 4   -0.0187942
1 3 5   -0.0306544
1 3 6   -0.00461241
2 3 4    0.0062538
2 3 5   -0.0520827
2 3 6   -0.0390428
3 3 4   -0.0187145
3 3 5   -0.0307226
3 3 6   -0.004722
4 3 4   -0.0438023
4 3 5   -0.00926024
4 3 6    0.029763
;

f11 = 1.26961

f12 = 5.94296

f13 = 1.4099

f21 = 1.91265

f22 = 3.55745

f23 = -2.12418

f31 = 7.32262

f32 = 9.15463

f33 = 0.147226

