solve_message = ' \
Ipopt 3.9.1: Optimal Solution Found'

Solve time:
_solve_time = 50.6223

Objective:
torque = 3.59843

cnh1 = 0.766823

cnh2 = -0.892545

cnh3 = -0.277782

snh1 = -0.540354

snh2 = -0.288727

snh3 = 0.896012

Hx = 0.0282486

Hy = 0.053646

Hz = -0.0215294

cnf11 = 0.838403

cnf21 = 0.54695

cnf31 = 0.512288

cnf12 = 0.838403

cnf22 = 0.245273

cnf32 = 0.390233

cnt1 = 0.357757

cnt2 = 0.45468

snf11 = 0.420808

snf21 = 0.762132

snf31 = 0.844621

snf12 = 0.420808

snf22 = 0.964686

snf32 = 0.918165

snt1 = 0.867186

snt2 = 0.870643

p :=
1 1   -0.0302973
1 2    0.0138701
1 3    0.0587784
2 1   -0.0331896
2 2   -0.00921367
2 3   -0.020206
3 1    0.0147109
3 2   -0.0323165
3 3   -0.00935124
;

mf :=
1 1    0.517772
1 2   -0.105413
1 3   -0.583328
2 1    0.767385
2 2    0.35231
2 3   -0.139039
;

mt [*] :=
1  -0.232685
2   0.773046
3   0.0569133
;

phi :=
1 1   0.0366076
1 2   0.0132025
1 3   0.0771176
2 1   0
2 2   0
2 3   0.0100418
3 1   0.0363247
3 2   0.0130007
3 3   0.0767747
4 1   0.291571
4 2   0.157355
4 3   0.352309
;

l [*,1,*]
:      1           2           3        :=
1   0.518011   -0.106      -0.582977
2   0.21762     0.632477   -1.02333
3   0.517055   -0.10365    -0.584379
4   0.817923   -0.8433     -0.143327

 [*,2,*]
:      1           2            3        :=
1   0.767589    0.35201     -0.138392
2   0.512147    0.728493    -0.951674
3   0.766776    0.353208    -0.140981
4   1.02262    -0.0238727    0.673592

 [*,3,*]
:       1          2           3         :=
1   -0.233356   0.772853    0.0566242
2    0.609071   1.01548     0.41989
3   -0.230674   0.773626    0.0577804
4   -1.07444    0.53061    -0.306062
;

W[i,j,k] :=
1 1 1    0.518011
1 1 2   -0.106
1 1 3   -0.582977
2 1 1    0.21762
2 1 2    0.632477
2 1 3   -1.02333
3 1 1    0.517055
3 1 2   -0.10365
3 1 3   -0.584379
4 1 1    0.817923
4 1 2   -0.8433
4 1 3   -0.143327
;

W[i,j,k] :=
1 1 4   -0.00185539
1 1 5    0.0127853
1 1 6   -0.00397333
2 1 4   -0.0513697
2 1 5   -0.0182127
2 1 6   -0.0221807
3 1 4   -0.00201298
3 1 5    0.0126866
3 1 6   -0.00403128
4 1 4    0.0475799
4 1 5    0.0437338
4 1 6    0.014205
;

W[i,j,k] :=
1 2 1    0.767589
1 2 2    0.35201
1 2 3   -0.138392
2 2 1    0.512147
2 2 2    0.728493
2 2 3   -0.951674
3 2 1    0.766776
3 2 2    0.353208
3 2 3   -0.140981
4 2 1    1.02262
4 2 2   -0.0238727
4 2 3    0.673592
;

W[i,j,k] :=
1 2 4    0.00838781
1 2 5   -0.0201031
1 2 6   -0.00461076
2 2 4    0.0234883
2 2 5   -0.0419341
2 2 6   -0.0194596
3 2 4    0.00843587
3 2 5   -0.0201726
3 2 6   -0.00465802
4 2 4   -0.00668863
4 2 5    0.00169314
4 2 6    0.0102144
;

W[i,j,k] :=
1 3 1   -0.233356
1 3 2    0.772853
1 3 3    0.0566242
2 3 1    0.609071
2 3 2    1.01548
2 3 3    0.41989
3 3 1   -0.230674
3 3 2    0.773626
3 3 3    0.0577804
4 3 1   -1.07444
4 3 2    0.53061
4 3 3   -0.306062
;

W[i,j,k] :=
1 3 4    0.00539724
1 3 5    0.00134917
1 3 6    0.0038281
2 3 4   -0.00407335
2 3 5   -0.0118725
2 3 6    0.0346217
3 3 4    0.0053671
3 3 5    0.00130709
3 3 6    0.00392611
4 3 4    0.0148527
4 3 5    0.0145498
4 3 6   -0.0269163
;

f11 = 7.89224

f12 = 10.1537

f13 = -1.95319

f21 = 0.349939

f22 = 0

f23 = 0.0627897

f31 = 4.75997

f32 = 10.5189

f33 = -6.94819

