solve_message = ' \
Ipopt 3.9.1: Maximum Number of Iterations Exceeded.'

Solve time:
_solve_time = 73.2113

Objective:
torque = 7.03521

cnh1 = -0.0817263

cnh2 = 0.961623

cnh3 = -0.351378

snh1 = -1.0468

snh2 = 0.218159

snh3 = 0.980267

Hx = 0.170541

Hy = -0.0258578

Hz = 0.0388312

cnf11 = 0.646481

cnf21 = 0.75294

cnf31 = 0.568355

cnf12 = 0.65567

cnf22 = 0.619866

cnf32 = 0.50175

cnt1 = 0.585279

cnt2 = 0.488119

snf11 = 0.73992

snf21 = 0.63384

snf31 = 0.82086

snf12 = 0.729138

snf22 = 0.802288

snf32 = 0.870056

snt1 = 0.859403

snt2 = 0.880328

p :=
1 1    0.00816437
1 2   -0.0304829
1 3   -0.0617428
2 1   -0.0211895
2 2   -0.0261529
2 3    0.0551488
3 1   -0.0110828
3 2    0.0332552
3 3    0.0215475
;

mf :=
1 1   -0.136426
1 2    0.501554
1 3    0.868285
2 1    0.704198
2 2    0.697057
2 3   -0.382102
;

mt [*] :=
1   0.411457
2  -1.01221
3  -0.0332791
;

phi :=
1 1   0.0733831
1 2   0.0623823
1 3   0.0744915
2 1   0.039542
2 2   0.0212448
2 3   0.0325843
3 1   0.073244
3 2   0.0622059
3 3   0.0743111
4 1   0.141769
4 2   0.155353
4 3   0.185955
;

l [*,1,*]
:       1           2          3        :=
1   -0.137946    0.478961   0.853798
2    0.435416   -0.38871    1.41774
3   -0.136121    0.4762     0.855598
4   -0.710711    1.34379    0.289327

 [*,2,*]
:      1          2           3        :=
1   0.704481   0.69409    -0.381225
2   1.21841    0.816331    0.672187
3   0.706117   0.694486   -0.37787
4   0.191075   0.56999    -1.4298

 [*,3,*]
:       1           2           3         :=
1    0.406732   -1.01864    -0.0441288
2    1.50802    -0.609103   -0.459667
3    0.410238   -1.01734    -0.0454514
4   -0.692053   -1.42749     0.370781
;

W[i,j,k] :=
1 1 1   -0.138482
1 1 2    0.478629
1 1 3    0.854805
2 1 1    0.435481
2 1 2   -0.391617
2 1 3    1.41985
3 1 1   -0.136654
3 1 2    0.475859
3 1 3    0.856611
4 1 1   -0.712105
4 1 2    1.34516
4 1 3    0.288385
;

W[i,j,k] :=
1 1 4    0.0033714
1 1 5    0.00105895
1 1 6   -0.00026796
2 1 4   -0.0686598
2 1 5   -0.0406488
2 1 6    0.0107684
3 1 4    0.00314201
3 1 5    0.000926198
3 1 6   -0.000232805
4 1 4    0.0752308
4 1 5    0.0426941
4 1 6   -0.0113308
;

W[i,j,k] :=
1 2 1    0.704832
1 2 2    0.694698
1 2 3   -0.380784
2 2 1    1.2193
2 2 2    0.818593
2 2 3    0.675836
3 2 1    0.70647
3 2 2    0.695103
3 2 3   -0.377416
4 2 1    0.190673
4 2 2    0.567756
4 2 3   -1.43089
;

W[i,j,k] :=
1 2 4   -0.027775
1 2 5    0.030109
1 2 6    0.00383813
2 2 4   -0.062217
2 2 5    0.0812178
2 2 6    0.0141944
3 2 4   -0.0278851
3 2 5    0.0302718
3 2 6    0.00387092
4 2 4    0.00669709
4 2 5   -0.0209016
4 2 6   -0.0064368
;

W[i,j,k] :=
1 3 1    0.407554
1 3 2   -1.01949
1 3 3   -0.04332
2 3 1    1.5097
2 3 2   -0.611648
2 3 3   -0.458354
3 3 1    0.411064
3 3 2   -1.0182
3 3 3   -0.044641
4 3 1   -0.691706
4 3 2   -1.42664
4 3 3    0.371049
;

W[i,j,k] :=
1 3 4    0.020758
1 3 5    0.00868738
1 3 6   -0.00220444
2 3 4   -0.00237572
2 3 5    0.0279689
2 3 6   -0.0434179
3 3 4    0.0206843
3 3 5    0.00874875
3 3 6   -0.00233567
4 3 4    0.0438767
4 3 5   -0.0105319
4 3 6    0.0389353
;

f11 = 1.67123

f12 = 13.7215

f13 = 0.842555

f21 = 3.91312

f22 = 12.2752

f23 = -0.486811

f31 = 7.84311

f32 = 14.4717

f33 = 0.96782

