solve_message = ' \
Ipopt 3.9.1: Converged to a locally infeasible point. Problem may be infeasible.'

Solve time:
_solve_time = 3.01082

Objective:
torque = 8.53392

cnh1 = 0.0837628

cnh2 = 0.0774379

cnh3 = -0.460508

snh1 = 0.934336

snh2 = -0.934881

snh3 = -0.817272

Hx = 0.0375565

Hy = -0.0187951

Hz = 0.053637

cnf11 = 0.311453

cnf21 = 0.0316923

cnf31 = 0.383732

cnf12 = 0.311453

cnf22 = 0.272498

cnf32 = 0.432136

cnt1 = 0.766

cnt2 = 0.7431

snf11 = 0.884871

snf21 = 0.937548

snf31 = 0.875966

snf12 = 0.884871

snf22 = 0.897633

snf32 = 0.877561

snt1 = 0

snt2 = 0.6691

p :=
1 1   -0.0332786
1 2   -0.000555922
1 3    0.0535196
2 1   -0.00365967
2 2    0.0340931
2 3    0.0552736
3 1    0.0243249
3 2   -0.0217103
3 3   -0.0603867
;

mf :=
1 1    0.757363
1 2   -0.15801
1 3   -0.105686
2 1    0.211926
2 2   -0.704181
2 3   -0.123567
;

mt [*] :=
1  -0.51827
2   0.371579
3   0.417383
;

phi :=
1 1   0.0670658
1 2   0.0662595
1 3   0.120857
2 1   0.0378261
2 2   0.0592714
2 3   0.0934513
3 1   0.0669573
3 2   0.0662359
3 3   0.12076
4 1   0.107188
4 2   0.074022
4 3   0.154686
;

l [*,1,*]
:      1           2           3        :=
1   0.757306   -0.157772   -0.106388
2   0.828874   -0.456662    0.776117
3   0.757534   -0.158723   -0.10358
4   0.685852    0.140641   -0.987486

 [*,2,*]
:       1           2           3        :=
1    0.211353   -0.70435    -0.123143
2    0.930941   -0.490901   -0.657202
3    0.213644   -0.703671   -0.124842
4   -0.507087   -0.91746     0.410065

 [*,3,*]
:       1           2           3        :=
1   -0.518178    0.372118    0.416906
2   -0.634203   -0.305602    1.01746
3   -0.518547    0.369961    0.418817
4   -0.402337    1.04876    -0.182694
;

W[i,j,k] :=
1 1 1    0.757306
1 1 2   -0.157772
1 1 3   -0.106388
2 1 1    0.828874
2 1 2   -0.456662
2 1 3    0.776117
3 1 1    0.757534
3 1 2   -0.158723
3 1 3   -0.10358
4 1 1    0.685852
4 1 2    0.140641
4 1 3   -0.987486
;

W[i,j,k] :=
1 1 4    0.00850304
1 1 5    0.0369903
1 1 6    0.00567144
2 1 4    0.0240089
2 1 5    0.0701891
2 1 6    0.0156579
3 1 4    0.00855239
3 1 5    0.0370959
3 1 6    0.00570322
4 1 4   -0.0069781
4 1 5    0.00384438
4 1 6   -0.00429907
;

W[i,j,k] :=
1 2 1    0.211353
1 2 2   -0.70435
1 2 3   -0.123143
2 2 1    0.930941
2 2 2   -0.490901
2 2 3   -0.657202
3 2 1    0.213644
3 2 2   -0.703671
3 2 3   -0.124842
4 2 1   -0.507087
4 2 2   -0.91746
4 2 3    0.410065
;

W[i,j,k] :=
1 2 4    0.0347337
1 2 5    0.0112316
1 2 6   -0.00462801
2 2 4    0.00472779
2 2 5    0.0490513
2 2 6   -0.0299422
3 2 4    0.0346382
3 2 5    0.011352
3 2 6   -0.00470857
4 2 4    0.0646917
4 2 5   -0.0265278
4 2 6    0.0206458
;

W[i,j,k] :=
1 3 1   -0.518178
1 3 2    0.372118
1 3 3    0.416906
2 3 1   -0.634203
2 3 2   -0.305602
2 3 3    1.01746
3 3 1   -0.518547
3 3 2    0.369961
3 3 3    0.418817
4 3 1   -0.402337
4 3 2    1.04876
4 3 3   -0.182694
;

W[i,j,k] :=
1 3 4    0.0134199
1 3 5    0.0211498
1 3 6   -0.00219802
2 3 4   -0.0405437
2 3 5    0.0135477
2 3 6   -0.0212025
3 3 4    0.0132481
3 3 5    0.0211257
3 3 6   -0.00225851
4 3 4    0.0672973
4 3 5    0.0287398
4 3 6    0.0167761
;

f11 = 13.2045

f12 = 15

f13 = -0.000479988

f21 = 12.5869

f22 = 15

f23 = -3.9912

f31 = -9.00892

f32 = 15

f33 = 1.75337

