solve_message = ' \
Ipopt 3.9.1: Optimal Solution Found'

Solve time:
_solve_time = 2.32441

Objective:
torque = 2.61769

cnh1 = 0.735464

cnh2 = -0.109898

cnh3 = -0.694214

snh1 = 0.762281

snh2 = -0.931626

snh3 = -0.800026

Hx = 0.0175841

Hy = -0.0842965

Hz = -0.036982

cnf11 = 0.937993

cnf21 = 0.803298

cnf31 = 0.614157

cnf12 = 0.937993

cnf22 = 0.801868

cnf32 = 0.599753

cnt1 = 0.427432

cnt2 = 0.405757

snf11 = 0

snf21 = 0.484476

snf31 = 0.778796

snf12 = 0

snf22 = 0.540325

snf32 = 0.794541

snt1 = 0.969174

snt2 = 0.939296

p :=
1 1   -0.0269687
1 2   -0.00630726
1 3    0.0624528
2 1    0.0233509
2 2    0.00307862
2 3    0.0635812
3 1    0.00624839
3 2    0.0319343
3 3   -0.0605068
;

mf :=
1 1    0.0412272
1 2    0.197323
1 3   -0.798925
2 1    0.0796754
2 2    0.132075
2 3   -0.834876
;

mt [*] :=
1   0.034647
2  -0.863464
3   0.684175
;

phi :=
1 1   0.0653342
1 2   0.0634355
1 3   0.0951385
2 1   0.0282035
2 2   0.0273378
2 3   0.0381496
3 1   0.065182
3 2   0.0632882
3 3   0.0948826
4 1   0.132589
4 2   0.127951
4 3   0.231785
;

l [*,1,*]
:       1            2           3        :=
1    0.0404993    0.197918   -0.79886
2    0.955327    -0.549988   -0.880409
3    0.043411     0.195538   -0.79912
4   -0.872869     0.944631   -0.717442

 [*,2,*]
:       1            2           3        :=
1    0.0789472    0.132701   -0.834861
2    0.994151    -0.653861   -0.853716
3    0.0818601    0.130197   -0.834921
4   -0.834797     0.918008   -0.816036

 [*,3,*]
:       1            2           3        :=
1    0.0352275   -0.862919   0.684707
2   -0.694267    -1.54768    0.0161152
3    0.0329057   -0.865098   0.682579
4    0.763559    -0.179255   1.35223
;

W[i,j,k] :=
1 1 1    0.0404993
1 1 2    0.197918
1 1 3   -0.79886
2 1 1    0.955327
2 1 2   -0.549988
2 1 3   -0.880409
3 1 1    0.043411
3 1 2    0.195538
3 1 3   -0.79912
4 1 1   -0.872869
4 1 2    0.944631
4 1 3   -0.717442
;

W[i,j,k] :=
1 1 4   -0.00732194
1 1 5   -0.019015
1 1 6   -0.00508217
2 1 4    0.0399012
2 1 5    0.0359193
2 1 6    0.020858
3 1 4   -0.00717164
3 1 5   -0.0188401
3 1 6   -0.00499961
4 1 4   -0.0544698
4 1 5   -0.0738616
4 1 6   -0.0309809
;

W[i,j,k] :=
1 2 1    0.0789472
1 2 2    0.132701
1 2 3   -0.834861
2 2 1    0.994151
2 2 2   -0.653861
2 2 3   -0.853716
3 2 1    0.0818601
3 2 2    0.130197
3 2 3   -0.834921
4 2 1   -0.834797
4 2 2    0.918008
4 2 3   -0.816036
;

W[i,j,k] :=
1 2 4   -0.0110075
1 2 5    0.0245143
1 2 6    0.00285563
2 2 4    0.038945
2 2 5    0.0831444
2 2 6   -0.0183288
3 2 4   -0.0108485
3 2 5    0.0247009
3 2 6    0.0027882
4 2 4   -0.0608803
4 2 5   -0.0340222
4 2 6    0.0240063
;

W[i,j,k] :=
1 3 1    0.0352275
1 3 2   -0.862919
1 3 3    0.684707
2 3 1   -0.694267
2 3 2   -1.54768
2 3 3    0.0161152
3 3 1    0.0329057
3 3 2   -0.865098
3 3 3    0.682579
4 3 1    0.763559
4 3 2   -0.179255
4 3 3    1.35223
;

W[i,j,k] :=
1 3 4   -0.0303469
1 3 5   -0.00640986
1 3 6   -0.00651678
2 3 4   -0.0931303
2 3 5    0.0419071
2 3 6    0.0125004
3 3 4   -0.0305467
3 3 5   -0.00625608
3 3 6   -0.00645625
4 3 4    0.0323364
4 3 5   -0.0546498
4 3 6   -0.0255036
;

f11 = -2.62198

f12 = 5.0909

f13 = -3.13561

f21 = 2.10831

f22 = 2.72755

f23 = 0.660516

f31 = 7.29425

f32 = 9.56476

f33 = -2.33735

