solve_message = ' \
Ipopt 3.9.1: Converged to a locally infeasible point. Problem may be infeasible.'

Solve time:
_solve_time = 9.32886

Objective:
torque = 6.27157

cnh1 = 0.769884

cnh2 = 0.88394

cnh3 = -0.669265

snh1 = 0.535983

snh2 = -0.314085

snh3 = 0.657331

Hx = -0.0268647

Hy = 0.0306096

Hz = 0.0143075

cnf11 = 0.882378

cnf21 = 0.280323

cnf31 = 0.375915

cnf12 = 0.882378

cnf22 = 0.127516

cnf32 = 0.39977

cnt1 = 0.462105

cnt2 = 0.485165

snf11 = 0.586011

snf21 = 0.984484

snf31 = 0.941692

snf12 = 0.586011

snf22 = 0.929376

snf32 = 0.880996

snt1 = 0.816369

snt2 = 0.858079

p :=
1 1    0.0268978
1 2    0.0168219
1 3   -0.0583949
2 1    0.0297568
2 2   -0.0173494
2 3   -0.0132793
3 1   -0.0130628
3 2   -0.0309904
3 3   -0.0578797
;

mf :=
1 1   -0.728999
1 2   -0.174378
1 3    0.526283
2 1   -0.741973
2 2    0.277252
2 3    0.155361
;

mt [*] :=
1  0.29449
2  0.562896
3  0.530724
;

phi :=
1 1   0.00487095
1 2   0.0200606
1 3   0.0452862
2 1   0
2 2   0
2 3   0
3 1   0.00462978
3 2   0.0198082
3 3   0.0449373
4 1   0.268197
4 2   0.245471
4 3   0.434333
;

l [*,1,*]
:       1           2           3        :=
1   -0.729411   -0.174773    0.525633
2   -0.211965    0.321377    1.34212
3   -0.727764   -0.173194    0.528232
4   -1.24603    -0.670131   -0.289553

 [*,2,*]
:       1           2           3        :=
1   -0.742024    0.277634    0.154667
2   -0.678279   -0.202922    1.02666
3   -0.741821    0.276105    0.157442
4   -0.805667    0.757423   -0.715931

 [*,3,*]
:       1            2           3        :=
1    0.295084    0.562443     0.530891
2   -0.45065     1.13254      0.321323
3    0.29271     0.564257     0.530224
4    1.03963    -0.00674743   0.740124
;

W[i,j,k] :=
1 1 1   -0.729411
1 1 2   -0.174773
1 1 3    0.525633
2 1 1   -0.211965
2 1 2    0.321377
2 1 3    1.34212
3 1 1   -0.727764
3 1 2   -0.173194
3 1 3    0.528232
4 1 1   -1.24603
4 1 2   -0.670131
4 1 3   -0.289553
;

W[i,j,k] :=
1 1 4   -0.00136369
1 1 5    0.0284555
1 1 6    0.00756907
2 1 4    0.0413439
2 1 5   -0.0237225
2 1 6    0.01221
3 1 4   -0.00122776
3 1 5    0.0282894
3 1 6    0.00758385
4 1 4   -0.0440031
4 1 5    0.0805502
4 1 6    0.00293554
;

W[i,j,k] :=
1 2 1   -0.742024
1 2 2    0.277634
1 2 3    0.154667
2 2 1   -0.678279
2 2 2   -0.202922
2 2 3    1.02666
3 2 1   -0.741821
3 2 2    0.276105
3 2 3    0.157442
4 2 1   -0.805667
4 2 2    0.757423
4 2 3   -0.715931
;

W[i,j,k] :=
1 2 4    0.0010034
1 2 5    0.00525113
1 2 6   -0.00461212
2 2 4   -0.0205065
2 2 5   -0.021543
2 2 6   -0.017806
3 2 4    0.000934943
3 2 5    0.00516585
3 2 6   -0.00465412
4 2 4    0.022479
4 2 5    0.0320025
4 2 6    0.00856072
;

W[i,j,k] :=
1 3 1    0.295084
1 3 2    0.562443
1 3 3    0.530891
2 3 1   -0.45065
2 3 2    1.13254
2 3 3    0.321323
3 3 1    0.29271
3 3 2    0.564257
3 3 3    0.530224
4 3 1    1.03963
4 3 2   -0.00674743
4 3 3    0.740124
;

W[i,j,k] :=
1 3 4    0.0161015
1 3 5   -0.0101444
1 3 6    0.00179766
2 3 4    0.0555933
2 3 5    0.0302809
2 3 6   -0.02876
3 3 4    0.0162272
3 3 5   -0.0100158
3 3 6    0.00170041
4 3 4   -0.0233273
4 3 5   -0.0505053
4 3 6    0.0323066
;

f11 = 11.7014

f12 = 15

f13 = 6.11864

f21 = 0.349436

f22 = 0

f23 = 0.06553

f31 = 12.3743

f32 = 15

f33 = -4.54457

