solve_message = ' \
Ipopt 3.9.1: Converged to a locally infeasible point. Problem may be infeasible.'

Solve time:
_solve_time = 9.87486

Objective:
torque = 7.51102

cnh1 = 0.0177009

cnh2 = -0.646537

cnh3 = -0.797707

snh1 = -0.937916

snh2 = -0.679699

snh3 = -0.493622

Hx = -0.0204407

Hy = 0.0316951

Hz = -0.0743904

cnf11 = 0.926121

cnf21 = -0.0800879

cnf31 = 0.371367

cnf12 = 0.926121

cnf22 = 0.880385

cnf32 = 0.593665

cnt1 = 0.445432

cnt2 = 0.473424

snf11 = 0.149328

snf21 = 0.934658

snf31 = 0.861444

snf12 = 0.149328

snf22 = 0.589002

snf32 = 0.814996

snt1 = 0.842983

snt2 = 0.867778

p :=
1 1    0.0314409
1 2    0.000489813
1 3   -0.0589154
2 1   -0.00660192
2 2    0.0313399
2 3    0.0577518
3 1    0.0170951
3 2   -0.0291987
3 3   -0.0571923
;

mf :=
1 1   -0.422428
1 2    0.247442
1 3   -0.592408
2 1    0.149736
2 2   -0.568228
2 3   -0.70065
;

mt [*] :=
1  -0.255033
2   0.736618
3   0.265467
;

phi :=
1 1   0.0403507
1 2   0.103675
1 3   0.0739918
2 1   0.0309169
2 2   0.0606741
2 3   0.0135893
3 1   0.0403189
3 2   0.103512
3 3   0.0737033
4 1   0.0507535
4 2   0.167416
4 3   0.253745
;

l [*,1,*]
:       1           2            3          :=
1   -0.421959    0.247165   -0.592879
2   -1.01191     0.595369   -0.000891844
3   -0.423837    0.248273   -0.590995
4    0.167052   -0.100484   -1.18392

 [*,2,*]
:       1           2           3        :=
1    0.150491   -0.568303   -0.700405
2   -0.798138   -0.475053   -1.0088
3    0.147472   -0.568006   -0.701386
4    1.09761    -0.661404   -0.392503

 [*,3,*]
:       1           2           3        :=
1   -0.255273    0.73636     0.266154
2    0.0465159   1.06121    -0.597098
3   -0.254313    0.737394    0.263407
4   -0.556581    0.412025    1.12803
;

W[i,j,k] :=
1 1 1   -0.421959
1 1 2    0.247165
1 1 3   -0.592879
2 1 1   -1.01191
2 1 2    0.595369
2 1 3   -0.000891844
3 1 1   -0.423837
3 1 2    0.248273
3 1 3   -0.590995
4 1 1    0.167052
4 1 2   -0.100484
4 1 3   -1.18392
;

W[i,j,k] :=
1 1 4    0.0142714
1 1 5    0.0435005
1 1 6    0.00797777
2 1 4    0.0350759
2 1 5    0.0596452
2 1 6    0.0192146
3 1 4    0.0143376
3 1 5    0.0435519
3 1 6    0.00801354
4 1 4   -0.00649994
4 1 5    0.0273817
4 1 6   -0.00324113
;

W[i,j,k] :=
1 2 1    0.150491
1 2 2   -0.568303
1 2 3   -0.700405
2 2 1   -0.798138
2 2 2   -0.475053
2 2 3   -1.0088
3 2 1    0.147472
3 2 2   -0.568006
3 2 3   -0.701386
4 2 1    1.09761
4 2 2   -0.661404
4 2 3   -0.392503
;

W[i,j,k] :=
1 2 4    0.0108699
1 2 5    0.0040671
1 2 6   -0.000964474
2 2 4   -0.00418048
2 2 5   -0.0527539
2 2 6    0.0281498
3 2 4    0.010822
3 2 5    0.00388625
3 2 6   -0.000871809
4 2 4    0.0258963
4 2 5    0.0607975
4 2 6   -0.0300323
;

W[i,j,k] :=
1 3 1   -0.255273
1 3 2    0.73636
1 3 3    0.266154
2 3 1    0.0465159
2 3 2    1.06121
2 3 3   -0.597098
3 3 1   -0.254313
3 3 2    0.737394
3 3 3    0.263407
4 3 1   -0.556581
4 3 2    0.412025
4 3 3    1.12803
;

W[i,j,k] :=
1 3 4    0.0343428
1 3 5    0.0100498
1 3 6    0.00513448
2 3 4    0.0781278
2 3 5    0.00754709
2 3 6    0.0194997
3 3 4    0.0344822
3 3 5    0.0100418
3 3 6    0.00518021
4 3 4   -0.00937232
4 3 5    0.0125484
4 3 6   -0.00920784
;

f11 = 12.7225

f12 = 15

f13 = 3.5354

f21 = 3.93956

f22 = 6.15475

f23 = -2.97383

f31 = 13.1909

f32 = 15

f33 = -0.600856

