solve_message = ' \
Ipopt 3.9.1: Maximum Number of Iterations Exceeded.'

Solve time:
_solve_time = 68.2816

Objective:
torque = 7.41765

cnh1 = 0.862868

cnh2 = 0.484858

cnh3 = -1.02049

snh1 = 0.571099

snh2 = -0.971587

snh3 = -0.107531

Hx = -0.0903853

Hy = -0.0812289

Hz = 0.0764945

cnf11 = 0.456106

cnf21 = 0.498332

cnf31 = 0.443563

cnf12 = 0.453401

cnf22 = 0.515182

cnf32 = 0.454718

cnt1 = 0.766

cnt2 = 0.54911

snf11 = 0.890374

snf21 = 0.920689

snf31 = 0.911546

snf12 = 0.872991

snf22 = 0.903386

snf32 = 0.902366

snt1 = 0.710989

snt2 = 0.845429

p :=
1 1    0.000837158
1 2    0.0341822
1 3    0.0483985
2 1    0.0343852
2 2   -0.0066929
2 3    0.0473244
3 1   -0.0258963
3 2   -0.0177638
3 3   -0.0690758
;

mf :=
1 1   -0.137406
1 2   -1.14801
1 3   -0.11503
2 1   -1.1419
2 2    0.135677
2 3   -0.0583211
;

mt [*] :=
1  0.266357
2  0.174441
3  5.74114
;

phi :=
1 1   0.0540851
1 2   0.0621575
1 3   0.0598807
2 1   0.00584692
2 2   0.0161915
2 3   0.0136595
3 1   0.0538512
3 2   0.0645527
3 3   0.0602612
4 1   0.221326
4 2   0.215924
4 3   0.209737
;

l [*,1,*]
:       1          2           3        :=
1   -0.137814   -1.14668   -0.116049
2   -0.342245   -1.27867    1.14259
3   -0.138466   -1.14714   -0.112084
4    0.066402   -1.01495   -1.37311

 [*,2,*]
:       1           2           3         :=
1   -1.14123     0.136049   -0.0574678
2   -1.38611    -1.09217    -0.222711
3   -1.14199     0.132149   -0.0580009
4   -0.896607    1.36243     0.107524

 [*,3,*]
:       1          2          3       :=
1    0.295496   0.171827   1.0988
2   -0.964155   0.240529   1.41477
3    0.291489   0.172049   1.0998
4    1.55312    0.103259   0.78385
;

W[i,j,k] :=
1 1 1   -0.137941
1 1 2   -1.14685
1 1 3   -0.115816
2 1 1   -0.341565
2 1 2   -1.27842
2 1 3    1.14333
3 1 1   -0.138592
3 1 2   -1.14734
3 1 3   -0.111876
4 1 1    0.0655779
4 1 2   -1.01551
4 1 3   -1.37371
;

W[i,j,k] :=
1 1 4    0.0516643
1 1 5   -0.00645917
1 1 6    0.00369955
2 1 4    0.100935
2 1 5   -0.0174314
2 1 6    0.010566
3 1 4    0.051821
3 1 5   -0.00649371
3 1 6    0.00372252
4 1 4    0.0025204
4 1 5    0.00465321
4 1 6   -0.00322627
;

W[i,j,k] :=
1 2 1   -1.14151
1 2 2    0.135973
1 2 3   -0.0571517
2 2 1   -1.38678
2 2 2   -1.09254
2 2 3   -0.221265
3 2 1   -1.14227
3 2 2    0.132082
3 2 3   -0.0576882
4 2 1   -0.896387
4 2 2    1.36277
4 2 3    0.10661
;

W[i,j,k] :=
1 2 4   -0.0060779
1 2 5   -0.052024
1 2 6   -0.00306659
2 2 4    0.053224
2 2 5   -0.0580188
2 2 6   -0.0468654
3 2 4   -0.00588386
3 2 5   -0.0520322
3 2 6   -0.00321115
4 2 4   -0.0652504
4 2 5   -0.0459002
4 2 6    0.0406
;

W[i,j,k] :=
1 3 1    0.296724
1 3 2    0.172667
1 3 3    1.09901
2 3 1   -0.963119
2 3 2    0.241334
2 3 3    1.41631
3 3 1    0.292718
3 3 2    0.172891
3 3 3    1.10002
4 3 1    1.55457
4 3 2    0.104179
4 3 3    0.782896
;

W[i,j,k] :=
1 3 4   -0.00769556
1 3 5    0.00813637
1 3 6    0.000624859
2 3 4   -0.00860822
2 3 5    0.103474
2 3 6   -0.0236049
3 3 4   -0.00769715
3 3 5    0.00844097
3 3 6    0.00054674
4 3 4   -0.00675909
4 3 5   -0.0869488
4 3 6    0.0247764
;

f11 = 6.97668

f12 = 14.4491

f13 = -2.20789

f21 = 11.2889

f22 = 15

f23 = 0.200554

f31 = 2.50668

f32 = 12.6774

f33 = 3.44941

