solve_message = ' \
Ipopt 3.9.1: Optimal Solution Found'

Solve time:
_solve_time = 5.24163

Objective:
torque = 4.04513

cnh1 = 0.260739

cnh2 = -0.938083

cnh3 = 0.305904

snh1 = 0.901119

snh2 = -0.000858705

snh3 = 0.886805

Hx = -0.0682395

Hy = 0.014697

Hz = 0.0323478

cnf11 = 0.333057

cnf21 = 0.42186

cnf31 = 0.473043

cnf12 = 0.333057

cnf22 = 0.567884

cnf32 = 0.519336

cnt1 = 0.449632

cnt2 = 0.432184

snf11 = 0.876968

snf21 = 0.837875

snf31 = 0.863438

snf12 = 0.876968

snf22 = 0.746664

snf32 = 0.840823

snt1 = 0.933116

snt2 = 0.914422

p :=
1 1    0.0213267
1 2   -0.0251852
1 3    0.059563
2 1   -0.021125
2 2   -0.0194017
2 3   -0.0643136
3 1    0.0243564
3 2    0.0243564
3 3    0.00255732
;

mf :=
1 1   -0.540657
1 2    0.388147
1 3   -0.404772
2 1    0.0138128
2 2    0.260655
2 3    0.726527
;

mt [*] :=
1  -0.725729
2  -0.535939
3   0.18979
;

phi :=
1 1   0.0623974
1 2   0.0702348
1 3   0.0341788
2 1   0.00483143
2 2   0.0114874
2 3   0
3 1   0.0621141
3 2   0.0699498
3 3   0.0339639
4 1   0.259489
4 2   0.259221
4 3   0.170034
;

l [*,1,*]
:       1           2           3        :=
1   -0.540128    0.388608   -0.404979
2   -1.20472    -0.190063   -0.14533
3   -0.542243    0.386766   -0.404153
4    0.123399    0.966355   -0.664214

 [*,2,*]
:       1            2          3        :=
1    0.0142437    0.260083   0.7267
2   -0.527312     0.978491   0.508697
3    0.0125201    0.26237    0.726006
4    0.554936    -0.457178   0.944356

 [*,3,*]
:       1            2            3        :=
1   -0.725593   -0.536364      0.189112
2   -0.896723   -0.00277909    1.04182
3   -0.726138   -0.534665      0.191826
4   -0.554736   -1.0691       -0.662239
;

W[i,j,k] :=
1 1 1   -0.540128
1 1 2    0.388608
1 1 3   -0.404979
2 1 1   -1.20472
2 1 2   -0.190063
2 1 3   -0.14533
3 1 1   -0.542243
3 1 2    0.386766
3 1 3   -0.404153
4 1 1    0.123399
4 1 2    0.966355
4 1 3   -0.664214
;

W[i,j,k] :=
1 1 4   -0.0129472
1 1 5   -0.0235348
1 1 6   -0.00531548
2 1 4    0.0149809
2 1 5   -0.0686571
2 1 6   -0.0343944
3 1 4   -0.0128583
3 1 5   -0.0236784
3 1 6   -0.00540803
4 1 4   -0.0408307
4 1 5    0.0215155
4 1 6    0.023717
;

W[i,j,k] :=
1 2 1    0.0142437
1 2 2    0.260083
1 2 3    0.7267
2 2 1   -0.527312
2 2 2    0.978491
2 2 3    0.508697
3 2 1    0.0125201
3 2 2    0.26237
3 2 3    0.726006
4 2 1    0.554936
4 2 2   -0.457178
4 2 3    0.944356
;

W[i,j,k] :=
1 2 4    0.0026277
1 2 5    0.0144355
1 2 6   -0.00521791
2 2 4    0.0530607
2 2 5    0.0446595
2 2 6   -0.0309014
3 2 4    0.00278821
3 2 5    0.0145317
3 2 6   -0.00529966
4 2 4   -0.0477248
4 2 5   -0.0157404
4 2 6    0.0204246
;

W[i,j,k] :=
1 3 1   -0.725593
1 3 2   -0.536364
1 3 3    0.189112
2 3 1   -0.896723
2 3 2   -0.00277909
2 3 3    1.04182
3 3 1   -0.726138
3 3 2   -0.534665
3 3 3    0.191826
4 3 1   -0.554736
4 3 2   -1.0691
4 3 3   -0.662239
;

W[i,j,k] :=
1 3 4    0.00597773
1 3 5   -0.00646165
1 3 6    0.00460895
2 3 4    0.0253822
2 3 5   -0.0276683
2 3 6    0.0217733
3 3 4    0.00603949
3 3 5   -0.00652914
3 3 6    0.00466358
4 3 4   -0.0133958
4 3 5    0.0147111
4 3 6   -0.012528
;

f11 = 8.9668

f12 = 12.0617

f13 = -3.58149

f21 = 7.24118

f22 = 11.1218

f23 = 5.18162

f31 = -1.88256

f32 = 2.54744

f33 = -0.853952

