solve_message = ' \
Ipopt 3.9.1: Converged to a locally infeasible point. Problem may be infeasible.'

Solve time:
_solve_time = 39.4527

Objective:
torque = 5.74053

cnh1 = 0.706654

cnh2 = -0.777255

cnh3 = 0.573752

snh1 = 0.616961

snh2 = -0.525238

snh3 = 0.742165

Hx = -0.0286342

Hy = 0.0521386

Hz = 0.0231986

cnf11 = -0.143473

cnf21 = 0.301318

cnf31 = 0.439503

cnf12 = -0.143473

cnf22 = 0.439772

cnf32 = 0.446978

cnt1 = 0.615502

cnt2 = 0.482195

snf11 = 0.927047

snf21 = 0.888374

snf31 = 0.875581

snf12 = 0.927047

snf22 = 0.902931

snf32 = 0.896008

snt1 = 0.862065

snt2 = 0.89112

p :=
1 1    0.0297774
1 2   -0.0193409
1 3    0.0110681
2 1   -0.030067
2 2   -0.0060069
2 3   -0.0616813
3 1    0.0317673
3 2    0.00500847
3 3   -0.0574402
;

mf :=
1 1   -0.591424
1 2    0.513519
1 3   -0.0127563
2 1    0.25257
2 2    0.258238
2 3    0.759784
;

mt [*] :=
1  -0.645034
2  -0.127473
3   0.716646
;

phi :=
1 1   0
1 2   0.0976025
1 3   0
2 1   0
2 2   0.0250448
2 3   0
3 1   0
3 2   0.0972358
3 3   0
4 1   0.473712
4 2   0.397245
4 3   0.0164131
;

l [*,1,*]
:       1          2           3         :=
1   -0.591327   0.513556   -0.013494
2   -0.712743   0.467341    0.913615
3   -0.591714   0.513409   -0.0105433
4   -0.470105   0.559697   -0.939124

 [*,2,*]
:      1           2          3        :=
1   0.25251     0.257522   0.760053
2   0.328569    1.15687    0.422078
3   0.252752    0.260385   0.758977
4   0.176572   -0.640395   1.09749

 [*,3,*]
:       1           2          3        :=
1   -0.64545    -0.127948   0.716162
2   -0.123265    0.469358   1.32402
3   -0.643788   -0.126047   0.718097
4   -1.1668     -0.724302   0.109272
;

W[i,j,k] :=
1 1 1   -0.591327
1 1 2    0.513556
1 1 3   -0.013494
2 1 1   -0.712743
2 1 2    0.467341
2 1 3    0.913615
3 1 1   -0.591714
3 1 2    0.513409
3 1 3   -0.0105433
4 1 1   -0.470105
4 1 2    0.559697
4 1 3   -0.939124
;

W[i,j,k] :=
1 1 4   -0.00542312
1 1 5   -0.00614308
1 1 6    0.00385557
2 1 4   -0.0228427
2 1 5   -0.0350938
2 1 6    0.000131104
3 1 4   -0.00547857
3 1 5   -0.00623522
3 1 6    0.00384372
4 1 4    0.0119687
4 1 5    0.0227615
4 1 6    0.0075741
;

W[i,j,k] :=
1 2 1    0.25251
1 2 2    0.257522
1 2 3    0.760053
2 2 1    0.328569
2 2 2    1.15687
2 2 3    0.422078
3 2 1    0.252752
3 2 2    0.260385
3 2 3    0.758977
4 2 1    0.176572
4 2 2   -0.640395
4 2 3    1.09749
;

W[i,j,k] :=
1 2 4    0.0113188
1 2 5    0.00727739
1 2 6   -0.00622613
2 2 4    0.0688222
2 2 5   -0.00757596
2 2 6   -0.0328101
3 2 4    0.0115018
3 2 5    0.00723012
3 2 6   -0.00631074
4 2 4   -0.0460929
4 2 5    0.0221071
4 2 6    0.0203154
;

W[i,j,k] :=
1 3 1   -0.64545
1 3 2   -0.127948
1 3 3    0.716162
2 3 1   -0.123265
2 3 2    0.469358
2 3 3    1.32402
3 3 1   -0.643788
3 3 2   -0.126047
3 3 3    0.718097
4 3 1   -1.1668
4 3 2   -0.724302
4 3 3    0.109272
;

W[i,j,k] :=
1 3 4   -0.00376249
1 3 5    0.0143242
1 3 6   -0.000831855
2 3 4    0.0335913
2 3 5   -0.0349803
2 3 6    0.0155276
3 3 4   -0.0036436
3 3 5    0.0141673
3 3 6   -0.000779787
4 3 4   -0.0410567
4 3 5    0.06355
4 3 6   -0.0171652
;

f11 = 12.1147

f12 = 15

f13 = 5.2531

f21 = 10.4144

f22 = 13.0108

f23 = -0.0128378

f31 = -0.488483

f32 = 0.562315

f33 = 0.289398

