solve_message = ' \
Ipopt 3.9.1: Optimal Solution Found'

Solve time:
_solve_time = 8.84526

Objective:
torque = 3.59843

cnh1 = -0.766836

cnh2 = 0.892544

cnh3 = 0.277776

snh1 = 0.540336

snh2 = -0.288731

snh3 = -0.896014

Hx = 0.0282475

Hy = 0.0536466

Hz = -0.0215292

cnf11 = 0.838409

cnf21 = 0.54695

cnf31 = 0.512288

cnf12 = 0.838409

cnf22 = 0.245271

cnf32 = 0.390238

cnt1 = 0.357755

cnt2 = 0.45468

snf11 = 0.420797

snf21 = 0.762132

snf31 = 0.844621

snf12 = 0.420797

snf22 = 0.964679

snf32 = 0.918158

snt1 = 0.867186

snt2 = 0.870643

p :=
1 1   -0.030298
1 2    0.0138688
1 3    0.0587779
2 1   -0.0331896
2 2   -0.0092137
2 3   -0.0202063
3 1    0.0147115
3 2   -0.0323162
3 3   -0.00935165
;

mf :=
1 1    0.517781
1 2   -0.105398
1 3   -0.583322
2 1    0.767371
2 2    0.352315
2 3   -0.139039
;

mt [*] :=
1  -0.2327
2   0.773041
3   0.0569186
;

phi :=
1 1   0.0365997
1 2   0.0131995
1 3   0.0771441
2 1   0
2 2   0
2 3   0.010063
3 1   0.0363167
3 2   0.0129978
3 3   0.0768012
4 1   0.291623
4 2   0.157288
4 3   0.352281
;

l [*,1,*]
:      1           2           3        :=
1   0.51802    -0.105986   -0.582972
2   0.217616    0.632484   -1.02333
3   0.517064   -0.103636   -0.584373
4   0.817945   -0.843278   -0.143319

 [*,2,*]
:      1           2            3        :=
1   0.767574    0.352015    -0.138392
2   0.512125    0.728501    -0.951664
3   0.766761    0.353214    -0.140981
4   1.02262    -0.0238692    0.673582

 [*,3,*]
:       1          2           3         :=
1   -0.233371   0.772848    0.0566296
2    0.60905    1.01549     0.419898
3   -0.230689   0.77362     0.0577858
4   -1.07445    0.530591   -0.306059
;

W[i,j,k] :=
1 1 1    0.51802
1 1 2   -0.105986
1 1 3   -0.582972
2 1 1    0.217616
2 1 2    0.632484
2 1 3   -1.02333
3 1 1    0.517064
3 1 2   -0.103636
3 1 3   -0.584373
4 1 1    0.817945
4 1 2   -0.843278
4 1 3   -0.143319
;

W[i,j,k] :=
1 1 4   -0.00185551
1 1 5    0.0127852
1 1 6   -0.00397318
2 1 4   -0.0513684
2 1 5   -0.0182138
2 1 6   -0.0221811
3 1 4   -0.0020131
3 1 5    0.0126866
3 1 6   -0.00403113
4 1 4    0.0475784
4 1 5    0.0437348
4 1 6    0.0142057
;

W[i,j,k] :=
1 2 1    0.767574
1 2 2    0.352015
1 2 3   -0.138392
2 2 1    0.512125
2 2 2    0.728501
2 2 3   -0.951664
3 2 1    0.766761
3 2 2    0.353214
3 2 3   -0.140981
4 2 1    1.02262
4 2 2   -0.0238692
4 2 3    0.673582
;

W[i,j,k] :=
1 2 4    0.00838802
1 2 5   -0.020103
1 2 6   -0.00461104
2 2 4    0.0234886
2 2 5   -0.0419335
2 2 6   -0.0194601
3 2 4    0.00843608
3 2 5   -0.0201725
3 2 6   -0.00465831
4 2 4   -0.00668849
4 2 5    0.00169267
4 2 6    0.0102143
;

W[i,j,k] :=
1 3 1   -0.233371
1 3 2    0.772848
1 3 3    0.0566296
2 3 1    0.60905
2 3 2    1.01549
2 3 3    0.419898
3 3 1   -0.230689
3 3 2    0.77362
3 3 3    0.0577858
4 3 1   -1.07445
4 3 2    0.530591
4 3 3   -0.306059
;

W[i,j,k] :=
1 3 4    0.00539735
1 3 5    0.00134929
1 3 6    0.0038281
2 3 4   -0.00407297
2 3 5   -0.0118729
2 3 6    0.0346216
3 3 4    0.00536721
3 3 5    0.00130721
3 3 6    0.00392611
4 3 4    0.0148526
4 3 5    0.0145504
4 3 6   -0.0269163
;

f11 = 7.89223

f12 = 10.1537

f13 = -1.95331

f21 = 0.34994

f22 = 0

f23 = 0.0627874

f31 = 4.76004

f32 = 10.5189

f33 = -6.94816

