solve_message = ' \
Ipopt 3.9.1: Optimal Solution Found'

Solve time:
_solve_time = 8.23685

Objective:
torque = 4.09848

cnh1 = -0.064615

cnh2 = -0.93621

cnh3 = 0.308381

snh1 = 0.935856

snh2 = 0.059259

snh3 = 0.885947

Hx = -0.070784

Hy = -0.0112715

Hz = 0.0304259

cnf11 = 0.234972

cnf21 = 0.444084

cnf31 = 0.47968

cnf12 = 0.234972

cnf22 = 0.540964

cnf32 = 0.5103

cnt1 = 0.466574

cnt2 = 0.422962

snf11 = 0.908179

snf21 = 0.826311

snf31 = 0.860558

snf12 = 0.908179

snf22 = 0.766393

snf32 = 0.845671

snt1 = 0.950951

snt2 = 0.928053

p :=
1 1    0.0284663
1 2   -0.016322
1 3    0.0599714
2 1   -0.0152495
2 2   -0.0147303
2 3   -0.0658079
3 1    0.01467
3 2    0.0311651
3 3    0.00213229
;

mf :=
1 1   -0.629888
1 2    0.143897
1 3   -0.431804
2 1   -0.0950828
2 2    0.124526
2 3    0.758436
;

mt [*] :=
1  -0.516769
2  -0.782727
3   0.148326
;

phi :=
1 1   0.0623723
1 2   0.0746026
1 3   0.029612
2 1   0.00290226
2 2   0.0139008
2 3   0
3 1   0.0620742
3 2   0.074307
3 3   0.0294314
4 1   0.28387
4 2   0.273152
4 3   0.130527
;

l [*,1,*]
:       1           2           3        :=
1   -0.629557    0.14451    -0.432023
2   -1.04515    -0.626083   -0.156361
3   -0.63088     0.142057   -0.431146
4   -0.214623    0.913874   -0.707246

 [*,2,*]
:       1            2          3        :=
1   -0.0944971    0.124098   0.758552
2   -0.83067      0.662728   0.613211
3   -0.0968401    0.125812   0.75809
4    0.640502    -0.413673   0.903661

 [*,3,*]
:       1           2           3        :=
1   -0.516488   -0.783051    0.147618
2   -0.869543   -0.375503    1.03726
3   -0.517612   -0.781754    0.15045
4   -0.163997   -1.18995    -0.740606
;

W[i,j,k] :=
1 1 1   -0.629557
1 1 2    0.14451
1 1 3   -0.432023
2 1 1   -1.04515
2 1 2   -0.626083
2 1 3   -0.156361
3 1 1   -0.63088
3 1 2    0.142057
3 1 3   -0.431146
4 1 1   -0.214623
4 1 2    0.913874
4 1 3   -0.707246
;

W[i,j,k] :=
1 1 4   -0.00161499
1 1 5   -0.0254573
1 1 6   -0.00616194
2 1 4    0.0400992
2 1 5   -0.0582283
2 1 6   -0.0348813
3 1 4   -0.00148222
3 1 5   -0.0255616
3 1 6   -0.00625334
4 1 4   -0.0432626
4 1 5    0.00726144
4 1 6    0.0225116
;

W[i,j,k] :=
1 2 1   -0.0944971
1 2 2    0.124098
1 2 3    0.758552
2 2 1   -0.83067
2 2 2    0.662728
2 2 3    0.613211
3 2 1   -0.0968401
3 2 2    0.125812
3 2 3    0.75809
4 2 1    0.640502
4 2 2   -0.413673
4 2 3    0.903661
;

W[i,j,k] :=
1 2 4   -0.00300712
1 2 5    0.0177862
1 2 6   -0.0032844
2 2 4    0.0345799
2 2 5    0.0640158
2 2 6   -0.0223423
3 2 4   -0.00288749
3 2 5    0.0179333
3 2 6   -0.00334506
4 2 4   -0.0405342
4 2 5   -0.0283697
4 2 6    0.0157431
;

W[i,j,k] :=
1 3 1   -0.516488
1 3 2   -0.783051
1 3 3    0.147618
2 3 1   -0.869543
2 3 2   -0.375503
2 3 3    1.03726
3 3 1   -0.517612
3 3 2   -0.781754
3 3 3    0.15045
4 3 1   -0.163997
4 3 2   -1.18995
4 3 3   -0.740606
;

W[i,j,k] :=
1 3 4    0.00627022
1 3 5   -0.00326685
1 3 6    0.00460908
2 3 4    0.033127
2 3 5   -0.0170707
2 3 6    0.0215908
3 3 4    0.0063557
3 3 5   -0.00331079
3 3 6    0.00466313
4 3 4   -0.0205438
4 3 5    0.010515
4 3 6   -0.0123455
;

f11 = 9.0556

f12 = 11.4135

f13 = -1.21932

f21 = 7.43987

f22 = 10.757

f23 = 4.33871

f31 = -1.96499

f32 = 2.64828

f33 = -0.864502

