solve_message = ' \
Ipopt 3.9.1: Converged to a locally infeasible point. Problem may be infeasible.'

Solve time:
_solve_time = 11.7625

Objective:
torque = 8.53367

cnh1 = 0.0850622

cnh2 = -0.0776109

cnh3 = 0.459504

snh1 = 0.934219

snh2 = -0.934867

snh3 = 0.817836

Hx = -0.03755

Hy = 0.0188028

Hz = 0.0536383

cnf11 = 0.311962

cnf21 = 0.0316348

cnf31 = 0.383723

cnf12 = 0.311962

cnf22 = 0.272482

cnf32 = 0.432132

cnt1 = 0.766

cnt2 = 0.7431

snf11 = 0.884692

snf21 = 0.93755

snf31 = 0.875961

snf12 = 0.884692

snf22 = 0.897638

snf32 = 0.877562

snt1 = 0

snt2 = 0.6691

p :=
1 1    0.0332776
1 2    0.000544389
1 3    0.0535258
2 1    0.00366132
2 2   -0.034092
2 3    0.0552784
3 1   -0.024302
3 2    0.0217378
3 3   -0.0603843
;

mf :=
1 1   -0.75728
1 2    0.158316
1 3   -0.105906
2 1   -0.211917
2 2    0.704206
2 3   -0.123762
;

mt [*] :=
1   0.518182
2  -0.371778
3   0.417375
;

phi :=
1 1   0.0628236
1 2   0.0734878
1 3   0.114383
2 1   0.0293685
2 2   0.0662781
2 3   0.0818731
3 1   0.0626991
3 2   0.0734636
3 3   0.114265
4 1   0.114329
4 2   0.081675
4 3   0.159642
;

l [*,1,*]
:       1           2           3        :=
1   -0.757223    0.158078   -0.106608
2   -0.829086    0.456466    0.776089
3   -0.757451    0.159028   -0.103799
4   -0.685474   -0.139833   -0.987898

 [*,2,*]
:       1          2           3        :=
1   -0.211344   0.704376   -0.123338
2   -0.931031   0.490932   -0.65715
3   -0.213635   0.703697   -0.125037
4    0.507195   0.91748     0.409624

 [*,3,*]
:      1           2           3        :=
1   0.518089   -0.372317    0.416897
2   0.634103    0.305286    1.0176
3   0.518459   -0.370161    0.418809
4   0.402261   -1.04884    -0.182842
;

W[i,j,k] :=
1 1 1   -0.757223
1 1 2    0.158078
1 1 3   -0.106608
2 1 1   -0.829086
2 1 2    0.456466
2 1 3    0.776089
3 1 1   -0.757451
3 1 2    0.159028
3 1 3   -0.103799
4 1 1   -0.685474
4 1 2   -0.139833
4 1 3   -0.987898
;

W[i,j,k] :=
1 1 4   -0.00851931
1 1 5   -0.0369833
1 1 6    0.0056727
2 1 4   -0.0240102
2 1 5   -0.0702039
2 1 6    0.0156414
3 1 4   -0.00856861
3 1 5   -0.037089
3 1 6    0.00570442
4 1 4    0.00694685
4 1 5   -0.00381565
4 1 6   -0.00428013
;

W[i,j,k] :=
1 2 1   -0.211344
1 2 2    0.704376
1 2 3   -0.123338
2 2 1   -0.931031
2 2 2    0.490932
2 2 3   -0.65715
3 2 1   -0.213635
3 2 2    0.703697
3 2 3   -0.125037
4 2 1    0.507195
4 2 2    0.91748
4 2 3    0.409624
;

W[i,j,k] :=
1 2 4   -0.0347319
1 2 5   -0.0112312
1 2 6   -0.00462618
2 2 4   -0.00473436
2 2 5   -0.0490599
2 2 6   -0.0299432
3 2 4   -0.0346365
3 2 5   -0.0113516
3 2 6   -0.00470676
4 2 4   -0.0646817
4 2 5    0.0265372
4 2 6    0.0206505
;

W[i,j,k] :=
1 3 1    0.518089
1 3 2   -0.372317
1 3 3    0.416897
2 3 1    0.634103
2 3 2    0.305286
2 3 3    1.0176
3 3 1    0.518459
3 3 2   -0.370161
3 3 3    0.418809
4 3 1    0.402261
4 3 2   -1.04884
4 3 3   -0.182842
;

W[i,j,k] :=
1 3 4   -0.0134197
1 3 5   -0.021153
1 3 6   -0.00221405
2 3 4    0.0405548
2 3 5   -0.0135602
2 3 6   -0.0212031
3 3 4   -0.0132479
3 3 5   -0.0211288
3 3 6   -0.00227449
4 3 4   -0.0673081
4 3 5   -0.0287337
4 3 6    0.0167447
;

f11 = 13.2045

f12 = 15

f13 = -0.00997711

f21 = 12.5894

f22 = 15

f23 = -3.98226

f31 = -9.00978

f32 = 15

f33 = 1.75217

