solve_message = ' \
Ipopt 3.9.1: Optimal Solution Found'

Solve time:
_solve_time = 2.51162

Objective:
torque = 2.85183

cnh1 = -0.640451

cnh2 = -0.304275

cnh3 = 1.02868

snh1 = 0.685437

snh2 = 0.887365

snh3 = -0.0144986

Hx = 0.0409427

Hy = -0.0419281

Hz = 0.0631639

cnf11 = 0.934169

cnf21 = 0.85241

cnf31 = 0.641218

cnf12 = 0.934169

cnf22 = 0.852542

cnf32 = 0.641299

cnt1 = 0.354897

cnt2 = 0.36138

snf11 = 0

snf21 = 0.391661

snf31 = 0.757344

snf12 = 0

snf22 = 0.391373

snf32 = 0.757278

snt1 = 0.998022

snt2 = 0.973664

p :=
1 1    0.0292212
1 2   -0.0100778
1 3   -0.0597522
2 1    0.00875848
2 2   -0.0297242
2 3   -0.0596418
3 1   -0.0238407
3 2    0.0253847
3 3    0.0517471
;

mf :=
1 1   -0.258362
1 2    0.380029
1 3    0.664749
2 1   -0.365556
2 2    0.27776
2 3    0.665211
;

mt [*] :=
1   0.639118
2  -0.667207
3  -0.362658
;

phi :=
1 1   0.0664112
1 2   0.067126
1 3   0.0978122
2 1   0.0308406
2 2   0.0356196
2 3   0.0440739
3 1   0.0662674
3 2   0.0670026
3 3   0.0975777
4 1   0.128408
4 2   0.117596
4 3   0.215187
;

l [*,1,*]
:       1           2          3        :=
1   -0.258257    0.380727   0.664387
2   -0.390456   -0.496427   1.11904
3   -0.258678    0.377935   0.665834
4   -0.126269    1.25648    0.21046

 [*,2,*]
:       1           2          3        :=
1   -0.365453    0.278499   0.664945
2   -0.494945   -0.65002    0.998349
3   -0.365865    0.275544   0.666006
4   -0.236167    1.20554    0.332074

 [*,3,*]
:       1           2           3        :=
1    0.638511   -0.667467   -0.363273
2    1.40101    -0.340606    0.409433
3    0.640938   -0.666427   -0.360814
4   -0.12277    -0.993806   -1.13475
;

W[i,j,k] :=
1 1 1   -0.258257
1 1 2    0.380727
1 1 3    0.664387
2 1 1   -0.390456
2 1 2   -0.496427
2 1 3    1.11904
3 1 1   -0.258678
3 1 2    0.377935
3 1 3    0.665834
4 1 1   -0.126269
4 1 2    1.25648
4 1 3    0.21046
;

W[i,j,k] :=
1 1 4    0.0160537
1 1 5   -0.00398274
1 1 6    0.00852261
2 1 4   -0.04094
2 1 5   -0.00936902
2 1 6   -0.0184411
3 1 4    0.0158723
3 1 5   -0.00399988
3 1 6    0.00843679
4 1 4    0.0729565
4 1 5    0.00139495
4 1 6    0.0354433
;

W[i,j,k] :=
1 2 1   -0.365453
1 2 2    0.278499
1 2 3    0.664945
2 2 1   -0.494945
2 2 2   -0.65002
2 2 3    0.998349
3 2 1   -0.365865
3 2 2    0.275544
3 2 3    0.666006
4 2 1   -0.236167
4 2 2    1.20554
4 2 3    0.332074
;

W[i,j,k] :=
1 2 4   -0.00315478
1 2 5    0.0159723
1 2 6   -0.00842356
2 2 4   -0.0684434
2 2 5    0.0207754
2 2 6   -0.020405
3 2 4   -0.00336258
3 2 5    0.0159876
3 2 6   -0.00846169
4 2 4    0.0620297
4 2 5    0.011177
4 2 6    0.0035388
;

W[i,j,k] :=
1 3 1    0.638511
1 3 2   -0.667467
1 3 3   -0.363273
2 3 1    1.40101
2 3 2   -0.340606
2 3 3    0.409433
3 3 1    0.640938
3 3 2   -0.666427
3 3 3   -0.360814
4 3 1   -0.12277
4 3 2   -0.993806
4 3 3   -1.13475
;

W[i,j,k] :=
1 3 4    0.0253179
1 3 5    0.0243804
1 3 6   -0.000295556
2 3 4    0.0280187
2 3 5    0.0822593
2 3 6   -0.0274439
3 3 4    0.0253265
3 3 5    0.0245646
3 3 6   -0.000381963
4 3 4    0.0226213
4 3 5   -0.0334061
4 3 6    0.0268095
;

f11 = 2.04983

f12 = 2.66118

f13 = -0.671249

f21 = -3.41143

f22 = 4.63029

f23 = 1.4844

f31 = 8.23719

f32 = 10.432

f33 = 1.38478

