solve_message = ' \
Ipopt 3.9.1: Optimal Solution Found'

Solve time:
_solve_time = 6.27124

Objective:
torque = 5.19343

cnh1 = 0.883495

cnh2 = 0.937153

cnh3 = 0.349974

snh1 = 0.315335

snh2 = -0.0417695

snh3 = 0.870355

Hx = -0.0139704

Hy = 0.0720283

Hz = -0.0305069

cnf11 = 0.0361627

cnf21 = 0.456328

cnf31 = 0.483396

cnf12 = 0.0361627

cnf22 = 0.493402

cnf32 = 0.494914

cnt1 = 0.518874

cnt2 = 0.444348

snf11 = 0.937386

snf21 = 0.819612

snf31 = 0.858888

snf12 = 0.937386

snf22 = 0.797844

snf32 = 0.853463

snt1 = 0.923455

snt2 = 0.914622

p :=
1 1    0.0226243
1 2   -0.022246
1 3   -0.0583866
2 1    0.00153288
2 2    0.0221516
2 3    0.063728
3 1   -0.0248606
3 2   -0.0248605
3 3    0.00271376
;

mf :=
1 1   -0.255277
1 2    0.585457
1 3    0.442869
2 1   -0.0296775
2 2    0.101394
2 3   -0.768347
;

mt [*] :=
1   0.57208
2   0.736514
3  -0.164434
;

phi :=
1 1   0.048803
1 2   0.0946809
1 3   0.0186436
2 1   0
2 2   0.0299026
2 3   0
3 1   0.0484906
3 2   0.0943724
3 3   0.0185405
4 1   0.337673
4 2   0.287751
4 3   0.0632033
;

l [*,1,*]
:       1           2             3         :=
1   -0.255688    0.584968     0.443225
2    0.259825    1.19963     -0.00407959
3   -0.254047    0.586924     0.441801
4   -0.770378   -0.0287094    0.889815

 [*,2,*]
:       1           2           3        :=
1   -0.029015    0.101081   -0.768384
2   -0.861627    0.494605   -0.722503
3   -0.031665    0.102334   -0.768238
4    0.802269   -0.291815   -0.814192

 [*,3,*]
:       1          2           3        :=
1   0.572461    0.736383   -0.163713
2   0.0941802   0.900781   -1.06966
3   0.570939    0.736906   -0.166597
4   1.04998     0.572247    0.74079
;

W[i,j,k] :=
1 1 1   -0.255688
1 1 2    0.584968
1 1 3    0.443225
2 1 1    0.259825
2 1 2    1.19963
2 1 3   -0.00407959
3 1 1   -0.254047
3 1 2    0.586924
3 1 3    0.441801
4 1 1   -0.770378
4 1 2   -0.0287094
4 1 3    0.889815
;

W[i,j,k] :=
1 1 4    0.0242943
1 1 5    0.00490109
1 1 6    0.00754645
2 1 4    0.0701328
2 1 5   -0.015078
2 1 6    0.0329207
3 1 4    0.0244402
3 1 5    0.0048375
3 1 6    0.00762721
4 1 4   -0.0214711
4 1 5    0.0248483
4 1 6   -0.0177873
;

W[i,j,k] :=
1 2 1   -0.029015
1 2 2    0.101081
1 2 3   -0.768384
2 2 1   -0.861627
2 2 2    0.494605
2 2 3   -0.722503
3 2 1   -0.031665
3 2 2    0.102334
3 2 3   -0.768238
4 2 1    0.802269
4 2 2   -0.291815
4 2 3   -0.814192
;

W[i,j,k] :=
1 2 4   -0.0234626
1 2 5   -0.000671228
1 2 6    0.000797672
2 2 4   -0.0475247
2 2 5   -0.0538023
2 2 6    0.0198446
3 2 4   -0.0235392
3 2 5   -0.000840332
3 2 6    0.000858294
4 2 4    0.000561113
4 2 5    0.0523751
4 2 6   -0.0182188
;

W[i,j,k] :=
1 3 1    0.572461
1 3 2    0.736383
1 3 3   -0.163713
2 3 1    0.0941802
2 3 2    0.900781
2 3 3   -1.06966
3 3 1    0.570939
3 3 2    0.736906
3 3 3   -0.166597
4 3 1    1.04998
4 3 2    0.572247
4 3 3    0.74079
;

W[i,j,k] :=
1 3 4    0.00207163
1 3 5   -0.00251648
1 3 6   -0.00407521
2 3 4    0.0241479
2 3 5   -0.0263368
2 3 6   -0.0200525
3 3 4    0.0021419
3 3 5   -0.0025923
3 3 6   -0.00412606
4 3 4   -0.0199694
4 3 5    0.0212658
4 3 6    0.0118766
;

f11 = 6.19624

f12 = 8.42298

f13 = 2.67065

f21 = 6.18422

f22 = 10.7897

f23 = -5.64677

f31 = 5.10321

f32 = 6.45166

f33 = -0.846514

