solve_message = ' \
Ipopt 3.9.1: Optimal Solution Found'

Solve time:
_solve_time = 58.5628

Objective:
torque = 3.64537

cnh1 = 0.907797

cnh2 = -0.935817

cnh3 = -0.215741

snh1 = -0.236443

snh2 = 0.0651674

snh3 = 0.912938

Hx = 0.0146627

Hy = 0.0711877

Hz = -0.0287658

cnf11 = 0.270748

cnf21 = 0.591394

cnf31 = 0.52744

cnf12 = 0.270748

cnf22 = 0.471087

cnf32 = 0.424861

cnt1 = 0.460047

cnt2 = 0.427248

snf11 = 0.898162

snf21 = 0.728185

snf31 = 0.83631

snf12 = 0.898162

snf22 = 0.948724

snf32 = 0.926843

snt1 = 0.943198

snt2 = 0.92199

p :=
1 1   -0.0233555
1 2    0.0161546
1 3    0.0644491
2 1   -0.0186569
2 2   -0.0268914
2 3   -0.0601427
3 1    0.0243564
3 2   -0.0243564
3 3   -0.00495813
;

mf :=
1 1    0.272381
1 2    0.0269077
1 3   -0.718704
2 1    0.34615
2 2    0.668625
2 3    0.522029
;

mt [*] :=
1  -0.548803
2   0.738593
3  -0.18979
;

phi :=
1 1   0.0714042
1 2   0.0482767
1 3   0.0413007
2 1   0.00902484
2 2   0
2 3   0.000359108
3 1   0.0710926
3 2   0.0479967
3 3   0.0411174
4 1   0.299825
4 2   0.264735
4 3   0.138538
;

l [*,1,*]
:       1           2            3        :=
1    0.272783    0.0263082   -0.718548
2   -0.23198     0.779695    -0.914329
3    0.271176    0.0287061   -0.719171
4    0.77674    -0.725877    -0.52308

 [*,2,*]
:       1          2           3        :=
1    0.34564    0.668402    0.522587
2    0.987281   0.948776   -0.178329
3    0.347682   0.669294    0.520356
4   -0.294979   0.388475    1.22238

 [*,3,*]
:       1           2           3        :=
1   -0.549286    0.738119   -0.190256
2    0.0575114   1.33358     0.395178
3   -0.547354    0.740014   -0.188393
4   -1.15511     0.143605   -0.774756
;

W[i,j,k] :=
1 1 1    0.272783
1 1 2    0.0263082
1 1 3   -0.718548
2 1 1   -0.23198
2 1 2    0.779695
2 1 3   -0.914329
3 1 1    0.271176
3 1 2    0.0287061
3 1 3   -0.719171
4 1 1    0.77674
4 1 2   -0.725877
4 1 3   -0.52308
;

W[i,j,k] :=
1 1 4   -0.0133034
1 1 5    0.000798522
1 1 6   -0.00502113
2 1 4   -0.0650212
2 1 5   -0.0363055
2 1 6   -0.0144626
3 1 4   -0.013468
3 1 5    0.000680428
3 1 6   -0.00505118
4 1 4    0.038332
4 1 5    0.0378434
4 1 6    0.00440533
;

W[i,j,k] :=
1 2 1    0.34564
1 2 2    0.668402
1 2 3    0.522587
2 2 1    0.987281
2 2 2    0.948776
2 2 3   -0.178329
3 2 1    0.347682
3 2 2    0.669294
3 2 3    0.520356
4 2 1   -0.294979
4 2 2    0.388475
4 2 3    1.22238
;

W[i,j,k] :=
1 2 4    0.0261464
1 2 5   -0.0110378
1 2 6   -0.00317557
2 2 4    0.0618575
2 2 5   -0.0627049
2 2 6    0.00884818
3 2 4    0.0262601
3 2 5   -0.0112023
3 2 6   -0.00313731
4 2 4   -0.00950773
4 2 5    0.0405468
4 2 6   -0.0151801
;

W[i,j,k] :=
1 3 1   -0.549286
1 3 2    0.738119
1 3 3   -0.190256
2 3 1    0.0575114
2 3 2    1.33358
2 3 3    0.395178
3 3 1   -0.547354
3 3 2    0.740014
3 3 3   -0.188393
4 3 1   -1.15511
4 3 2    0.143605
4 3 3   -0.774756
;

W[i,j,k] :=
1 3 4    0.00829364
1 3 5    0.00735739
1 3 6    0.00459931
2 3 4   -0.00301303
2 3 5   -0.00991027
2 3 6    0.0338821
3 3 4    0.00825766
3 3 5    0.00730243
3 3 6    0.00469251
4 3 4    0.0195823
4 3 5    0.0245975
4 3 6   -0.0246368
;

f11 = 8.20308

f12 = 10.688

f13 = -2.43691

f21 = 5.63314

f22 = 7.55899

f23 = 2.22628

f31 = -1.31874

f32 = 3.48153

f33 = -2.47757

