solve_message = ' \
Ipopt 3.9.1: Converged to a locally infeasible point. Problem may be infeasible.'

Solve time:
_solve_time = 2.32441

Objective:
torque = 4.88107

cnh1 = 0.903875

cnh2 = -0.06073

cnh3 = -0.906705

snh1 = 0.251019

snh2 = -0.936115

snh3 = 0.240595

Hx = -0.0541709

Hy = -0.000941136

Hz = 0.026435

cnf11 = 0.908716

cnf21 = 0.319772

cnf31 = 0.444359

cnf12 = 0.908716

cnf22 = 0.34662

cnf32 = 0.45161

cnt1 = 0.766

cnt2 = 0.7431

snf11 = 0.232886

snf21 = 0.881899

snf31 = 0.874117

snf12 = 0.232886

snf22 = 0.871696

snf32 = 0.871724

snt1 = 0

snt2 = 0.6691

p :=
1 1    0.0193594
1 2    0.0238954
1 3    0.0599655
2 1    0.021442
2 2   -0.0233335
2 3    0.0618308
3 1   -0.0319971
3 2    0.00126991
3 3   -0.0613645
;

mf :=
1 1   -0.48313
1 2   -0.124912
1 3   -0.608041
2 1   -0.468501
2 2    0.154265
2 3   -0.622766
;

mt [*] :=
1   0.567023
2  -0.0103807
3   0.48298
;

phi :=
1 1   0.0697343
1 2   0.0550905
1 3   0.120117
2 1   0.105652
2 2   0.0568245
2 3   0.169056
3 1   0.0698059
3 2   0.0550956
3 3   0.120187
4 1   0.0533141
4 2   0.0535541
4 3   0.107612
;

l [*,1,*]
:       1            2           3         :=
1   -0.482759    -0.12448    -0.60849
2   -0.948308    -0.666609   -0.0442118
3   -0.484241    -0.126206   -0.606694
4   -0.0179537    0.416783   -1.17187

 [*,2,*]
:       1            2           3        :=
1   -0.468139     0.154852   -0.62292
2   -0.922866    -0.582494   -0.429498
3   -0.469586     0.152505   -0.622305
4   -0.0141375    0.891022   -0.816034

 [*,3,*]
:      1            2            3         :=
1   0.567313   -0.0109332     0.48256
2   0.202654    0.683417      1.01044
3   0.566152   -0.00872326    0.48424
4   0.931391   -0.704175     -0.0444764
;

W[i,j,k] :=
1 1 1   -0.482759
1 1 2   -0.12448
1 1 3   -0.60849
2 1 1   -0.948308
2 1 2   -0.666609
2 1 3   -0.0442118
3 1 1   -0.484241
3 1 2   -0.126206
3 1 3   -0.606694
4 1 1   -0.0179537
4 1 2    0.416783
4 1 3   -1.17187
;

W[i,j,k] :=
1 1 4   -0.00707557
1 1 5   -0.0171689
1 1 6    0.00912585
2 1 4    0.0389171
2 1 5   -0.0560098
2 1 6    0.00975504
3 1 4   -0.00692918
3 1 5   -0.0172926
3 1 6    0.00912785
4 1 4   -0.0529948
4 1 5    0.02161
4 1 6    0.00849766
;

W[i,j,k] :=
1 2 1   -0.468139
1 2 2    0.154852
1 2 3   -0.62292
2 2 1   -0.922866
2 2 2   -0.582494
2 2 3   -0.429498
3 2 1   -0.469586
3 2 2    0.152505
3 2 3   -0.622305
4 2 1   -0.0141375
4 2 2    0.891022
4 2 3   -0.816034
;

W[i,j,k] :=
1 2 4    0.00496025
1 2 5   -0.0155887
1 2 6   -0.00760296
2 2 4    0.0460377
2 2 5   -0.0478522
2 2 6   -0.0340235
3 2 4    0.00509099
3 2 5   -0.0156914
3 2 6   -0.00768705
4 2 4   -0.0360517
4 2 5    0.0166233
4 2 6    0.0187754
;

W[i,j,k] :=
1 3 1    0.567313
1 3 2   -0.0109332
1 3 3    0.48256
2 3 1    0.202654
2 3 2    0.683417
2 3 3    1.01044
3 3 1    0.566152
3 3 2   -0.00872326
3 3 3    0.48424
4 3 1    0.931391
4 3 2   -0.704175
4 3 3   -0.0444764
;

W[i,j,k] :=
1 3 4   -5.8102e-05
1 3 5   -0.0193723
1 3 6   -0.000370607
2 3 4    0.0432207
2 3 5    0.0198954
2 3 6   -0.0221247
3 3 4    7.96446e-05
3 3 5   -0.0192474
3 3 6   -0.000439846
4 3 4   -0.0432678
4 3 5   -0.0585774
4 3 6    0.0213488
;

f11 = 0.962182

f12 = 8.3876

f13 = 0.316027

f21 = 5.43789

f22 = 6.80108

f23 = 0.390366

f31 = -10.0495

f32 = 15

f33 = 0.630671

