solve_message = ' \
Ipopt 3.9.1: Maximum Number of Iterations Exceeded.'

Solve time:
_solve_time = 65.2396

Objective:
torque = 6.55612

cnh1 = -0.0765714

cnh2 = 0.816572

cnh3 = 0.99567

snh1 = -0.971879

snh2 = -0.601174

snh3 = 0.0528426

Hx = 0.0015002

Hy = -0.0544635

Hz = -0.0456085

cnf11 = 0.949215

cnf21 = 0.404703

cnf31 = 0.446324

cnf12 = 0.952245

cnf22 = 0.484088

cnf32 = 0.448079

cnt1 = 0.480445

cnt2 = 0.449249

snf11 = 0.188431

snf21 = 0.896999

snf31 = 0.889619

snf12 = 0.191205

snf22 = 0.909604

snf32 = 0.903662

snt1 = 0.906587

snt2 = 0.901617

p :=
1 1   -0.0212369
1 2   -0.0200288
1 3    0.0632563
2 1    0.0171908
2 2   -0.023397
2 3    0.0636116
3 1    0.00324894
3 2    0.0351869
3 3    0.00923283
;

mf :=
1 1    0.187353
1 2    0.204402
1 3   -0.929007
2 1   -0.102767
2 2    0.291321
2 3   -0.98249
;

mt [*] :=
1  -0.0497759
2  -1.01967
3   0.0143389
;

phi :=
1 1   0.0361941
1 2   0.0373219
1 3   0.0418438
2 1   0
2 2   0
2 3   0
3 1   0.0359653
3 2   0.0370756
3 3   0.041526
4 1   0.188201
4 2   0.227746
4 3   0.416694
;

l [*,1,*]
:       1           2           3        :=
1    0.187194    0.205244   -0.930016
2    0.798809   -0.673047   -1.02297
3    0.189141    0.202449   -0.930316
4   -0.423437    1.08207    -0.836088

 [*,2,*]
:       1           2           3        :=
1   -0.103473    0.29244    -0.982968
2    0.71048    -0.388001   -1.31077
3   -0.100878    0.290279   -0.984011
4   -0.916657    0.970027   -0.655662

 [*,3,*]
:       1           2           3         :=
1   -0.0492911   -1.0192     0.0173555
2   -0.791461    -0.99509   -0.853788
3   -0.0516551   -1.01912    0.0145828
4    0.692824    -1.04316    0.887107
;

W[i,j,k] :=
1 1 1    0.187275
1 1 2    0.205194
1 1 3   -0.930298
2 1 1    0.79901
2 1 2   -0.672686
2 1 3   -1.02366
3 1 1    0.189222
3 1 2    0.2024
3 1 3   -0.930599
4 1 1   -0.423479
4 1 2    1.08161
4 1 3   -0.835912
;

W[i,j,k] :=
1 1 4    0.00564581
1 1 5   -0.00791418
1 1 6   -0.000614362
2 1 4    0.0630598
2 1 5    0.0288063
2 1 6    0.0302836
3 1 4    0.00582863
3 1 5   -0.00779739
3 1 6   -0.000516012
4 1 4   -0.0517095
4 1 5   -0.0445543
4 1 6   -0.0314716
;

W[i,j,k] :=
1 2 1   -0.103319
1 2 2    0.2927
1 2 3   -0.983341
2 2 1    0.711368
2 2 2   -0.387155
2 2 3   -1.31113
3 2 1   -0.100722
3 2 2    0.290541
3 2 3   -0.984384
4 2 1   -0.917283
4 2 2    0.96962
4 2 3   -0.656041
;

W[i,j,k] :=
1 2 4    0.00444949
1 2 5    0.0101832
1 2 6    0.00256624
2 2 4    0.0553951
2 2 5    0.0675059
2 2 6    0.0101213
3 2 4    0.00461132
3 2 5    0.010366
3 2 6    0.00259044
4 2 4   -0.0463147
4 2 5   -0.0471412
4 2 6   -0.00505223
;

W[i,j,k] :=
1 3 1   -0.0497668
1 3 2   -1.01906
1 3 3    0.017644
2 3 1   -0.792316
2 3 2   -0.995145
2 3 3   -0.853482
3 3 1   -0.0521319
3 3 2   -1.01898
3 3 3    0.0148714
4 3 1    0.69277
4 3 2   -1.04283
4 3 3    0.887381
;

W[i,j,k] :=
1 3 4    0.00965127
1 3 5   -0.000534825
1 3 6   -0.00158092
2 3 4   -0.0211901
2 3 5   -0.00443586
2 3 6    0.0246308
3 3 4    0.00955313
3 3 5   -0.000547103
3 3 6   -0.00149741
4 3 4    0.040398
4 3 5    0.00329303
4 3 6   -0.0278281
;

f11 = 9.58985

f12 = 15

f13 = -4.78298

f21 = 4.03698

f22 = 5.33741

f23 = 0.474111

f31 = 11.1153

f32 = 15

f33 = -5.60826

