solve_message = ' \
Ipopt 3.9.1: Optimal Solution Found'

Solve time:
_solve_time = 2.79242

Objective:
torque = 2.99268

cnh1 = 0.60784

cnh2 = 0.320835

cnh3 = 0.976532

snh1 = 0.714564

snh2 = -0.881534

snh3 = -0.239602

Hx = 0.0511401

Hy = 0.0283967

Hz = -0.0636289

cnf11 = 0.934271

cnf21 = 0.850718

cnf31 = 0.640185

cnf12 = 0.934271

cnf22 = 0.881028

cnf32 = 0.637774

cnt1 = 0.359957

cnt2 = 0.366696

snf11 = 0

snf21 = 0.395349

snf31 = 0.758197

snf12 = 0

snf22 = 0.416115

snf32 = 0.766119

snt1 = 0.996186

snt2 = 0.968816

p :=
1 1    0.0299752
1 2    0.00823886
1 3    0.0594966
2 1    0.0107879
2 2    0.0287865
2 3    0.059982
3 1   -0.024205
3 2   -0.0248624
3 3   -0.0527503
;

mf :=
1 1   -0.290368
1 2   -0.36396
1 3   -0.657109
2 1   -0.385512
2 2   -0.256249
2 3   -0.704429
;

mt [*] :=
1  0.717825
2  0.554841
3  0.368418
;

phi :=
1 1   0.0667503
1 2   0.0650299
1 3   0.0993546
2 1   0.0311036
2 2   0.0334392
2 3   0.045268
3 1   0.0666061
3 2   0.0649057
3 3   0.0991186
4 1   0.128884
4 2   0.116111
4 3   0.217307
;

l [*,1,*]
:       1           2           3        :=
1   -0.290395   -0.364616   -0.656709
2   -0.256446    0.459969   -1.15946
3   -0.290287   -0.361992   -0.658309
4   -0.324289   -1.18789    -0.154758

 [*,2,*]
:       1           2           3        :=
1   -0.385564   -0.256963   -0.704115
2   -0.320259    0.639538   -1.09929
3   -0.385356   -0.254109   -0.705373
4   -0.450765   -1.15203    -0.309573

 [*,3,*]
:       1            2           3        :=
1    0.71725     0.555223     0.36898
2    1.44007     0.0746237   -0.336593
3    0.71955     0.553694     0.366734
4   -0.0044157   1.03506      1.07343
;

W[i,j,k] :=
1 1 1   -0.290395
1 1 2   -0.364616
1 1 3   -0.656709
2 1 1   -0.256446
2 1 2    0.459969
2 1 3   -1.15946
3 1 1   -0.290287
3 1 2   -0.361992
3 1 3   -0.658309
4 1 1   -0.324289
4 1 2   -1.18789
4 1 3   -0.154758
;

W[i,j,k] :=
1 1 4    0.0162829
1 1 5    0.00240748
1 1 6   -0.00853691
2 1 4   -0.0369193
2 1 5    0.0194974
2 1 6    0.0159005
3 1 4    0.0161136
3 1 5    0.00246188
3 1 6   -0.00845913
4 1 4    0.0694002
4 1 5   -0.0146552
4 1 6   -0.0329353
;

W[i,j,k] :=
1 2 1   -0.385564
1 2 2   -0.256963
1 2 3   -0.704115
2 2 1   -0.320259
2 2 2    0.639538
2 2 3   -1.09929
3 2 1   -0.385356
3 2 2   -0.254109
3 2 3   -0.705373
4 2 1   -0.450765
4 2 2   -1.15203
4 2 3   -0.309573
;

W[i,j,k] :=
1 2 4   -0.00485587
1 2 5   -0.015531
1 2 6    0.00832693
2 2 4   -0.0700054
2 2 5   -0.00735076
2 2 6    0.0161183
3 2 4   -0.00506323
3 2 5   -0.0155049
3 2 6    0.00835173
4 2 4    0.0601897
4 2 5   -0.0236981
4 2 6    0.000547977
;

W[i,j,k] :=
1 3 1    0.71725
1 3 2    0.555223
1 3 3    0.36898
2 3 1    1.44007
2 3 2    0.0746237
2 3 3   -0.336593
3 3 1    0.71955
3 3 2    0.553694
3 3 3    0.366734
4 3 1   -0.0044157
4 3 2    1.03506
4 3 3    1.07343
;

W[i,j,k] :=
1 3 4    0.0201144
1 3 5   -0.028904
1 3 6    0.00439339
2 3 4    0.0123049
2 3 5   -0.0841112
2 3 6    0.0339973
3 3 4    0.0200896
3 3 5   -0.0290797
3 3 6    0.00448761
4 3 4    0.0279115
4 3 5    0.0262152
4 3 6   -0.0251633
;

f11 = -3.72369

f12 = 7.58302

f13 = -4.8013

f21 = 2.6951

f22 = 3.59985

f23 = 1.07202

f31 = 7.7563

f32 = 10.3384

f33 = -2.89093

