solve_message = ' \
Ipopt 3.9.1: Maximum Number of Iterations Exceeded.'

Solve time:
_solve_time = 70.5125

Objective:
torque = 3.72956

cnh1 = 0.947236

cnh2 = -0.931479

cnh3 = -0.146652

snh1 = -0.18256

snh2 = 0.111352

snh3 = 0.9266

Hx = 0.0139728

Hy = 0.0697937

Hz = -0.0210121

cnf11 = 0.318647

cnf21 = 0.58528

cnf31 = 0.525285

cnf12 = 0.318647

cnf22 = 0.469849

cnf32 = 0.431901

cnt1 = 0.396263

cnt2 = 0.411716

snf11 = 0.882418

snf21 = 0.733209

snf31 = 0.837541

snf12 = 0.882418

snf22 = 0.937254

snf32 = 0.91878

snt1 = 0.957506

snt2 = 0.926325

p :=
1 1   -0.0290898
1 2    0.00467445
1 3    0.0639212
2 1   -0.0127278
2 2   -0.0297296
2 3   -0.0610578
3 1    0.0237797
3 2   -0.0250561
3 3   -0.00344085
;

mf :=
1 1    0.356992
1 2    0.0986337
1 3   -0.677537
2 1    0.304645
2 2    0.646445
2 3    0.576863
;

mt [*] :=
1  -0.53808
2   0.762708
3  -0.183762
;

phi :=
1 1   0.0718956
1 2   0.0421304
1 3   0.0397992
2 1   0.0101021
2 2   0
2 3   0
3 1   0.0715891
3 2   0.0418505
3 3   0.039592
4 1   0.290989
4 2   0.273018
4 3   0.161615
;

l [*,1,*]
:       1           2            3        :=
1    0.357438    0.0980448   -0.677365
2   -0.202831    0.83827     -0.89368
3    0.355655    0.100401    -0.678053
4    0.916813   -0.641       -0.461395

 [*,2,*]
:       1          2           3         :=
1    0.304128   0.646142    0.577382
2    0.954238   1.02704    -0.0756803
3    0.306197   0.647354    0.575304
4   -0.344945   0.265851    1.2294

 [*,3,*]
:       1           2           3        :=
1   -0.538531    0.762262   -0.184297
2    0.0287184   1.32319     0.488013
3   -0.536725    0.764047   -0.182158
4   -1.10488     0.202226   -0.855535
;

W[i,j,k] :=
1 1 1    0.357438
1 1 2    0.0980448
1 1 3   -0.677365
2 1 1   -0.202831
2 1 2    0.83827
2 1 3   -0.89368
3 1 1    0.355655
3 1 2    0.100401
3 1 3   -0.678053
4 1 1    0.916813
4 1 2   -0.641
4 1 3   -0.461395
;

W[i,j,k] :=
1 1 4   -0.00942995
1 1 5    0.00314598
1 1 6   -0.004511
2 1 4   -0.0577782
2 1 5   -0.0389503
2 1 6   -0.0233735
3 1 4   -0.00958383
3 1 5    0.00301199
3 1 6   -0.00457103
4 1 4    0.0388412
4 1 5    0.0451751
4 1 6    0.0143214
;

W[i,j,k] :=
1 2 1    0.304128
1 2 2    0.646142
1 2 3    0.577382
2 2 1    0.954238
2 2 2    1.02704
2 2 3   -0.0756803
3 2 1    0.306197
3 2 2    0.647354
3 2 3    0.575304
4 2 1   -0.344945
4 2 2    0.265851
4 2 3    1.2294
;

W[i,j,k] :=
1 2 4    0.0222915
1 2 5   -0.0112186
1 2 6    0.000823561
2 2 4    0.0649534
2 2 5   -0.059231
2 2 6    0.015295
3 2 4    0.0224273
3 2 5   -0.0113715
3 2 6    0.00086962
4 2 4   -0.0203022
4 2 5    0.0367171
4 2 6   -0.0136248
;

W[i,j,k] :=
1 3 1   -0.538531
1 3 2    0.762262
1 3 3   -0.184297
2 3 1    0.0287184
2 3 2    1.32319
2 3 3    0.488013
3 3 1   -0.536725
3 3 2    0.764047
3 3 3   -0.182158
4 3 1   -1.10488
4 3 2    0.202226
4 3 3   -0.855535
;

W[i,j,k] :=
1 3 4    0.00724787
1 3 5    0.00622448
1 3 6    0.00466327
2 3 4   -0.00766838
2 3 5   -0.0117212
2 3 6    0.032125
3 3 4    0.0072004
3 3 5    0.00616737
3 3 6    0.00475068
4 3 4    0.0221403
4 3 5    0.0241416
4 3 6   -0.0227546
;

f11 = 8.27453

f12 = 10.63

f13 = -1.99004

f21 = 4.89521

f22 = 6.51437

f23 = 1.8213

f31 = -0.169409

f32 = 4.7194

f33 = -3.78785

