solve_message = ' \
Ipopt 3.9.1: Converged to a locally infeasible point. Problem may be infeasible.'

Solve time:
_solve_time = 4.19643

Objective:
torque = 6.8276

cnh1 = 0.936058

cnh2 = 0.933395

cnh3 = 0.0254637

snh1 = -0.0616133

snh2 = -0.0936707

snh3 = 0.937737

Hx = 0.00935386

Hy = 0.0538257

Hz = 0.0279416

cnf11 = 0.932739

cnf21 = 0.219746

cnf31 = 0.419391

cnf12 = 0.932739

cnf22 = 0.261878

cnf32 = 0.429491

cnt1 = 0.432102

cnt2 = 0.476084

snf11 = 0

snf21 = 0.911982

snf31 = 0.880148

snf12 = 0

snf22 = 0.900788

snf32 = 0.878192

snt1 = 0.832639

snt2 = 0.862135

p :=
1 1    0.0234145
1 2   -0.0252632
1 3    0.0119081
2 1    0.0234709
2 2   -0.0256951
2 3    0.0519527
3 1    0.0207996
3 2   -0.0263176
3 3    0.0520116
;

mf :=
1 1   -0.422032
1 2    0.652781
1 3   -0.117609
2 1   -0.46696
2 2    0.630445
2 3   -0.0160314
;

mt [*] :=
1  0.702562
2  0.405239
3  0.0598548
;

phi :=
1 1   0.0355839
1 2   0.035731
1 3   0.0700895
2 1   0
2 2   0
2 3   0
3 1   0.0352951
3 2   0.0354398
3 3   0.069668
4 1   0.188256
4 2   0.186989
4 3   0.367672
;

l [*,1,*]
:       1           2           3        :=
1   -0.422316    0.652461   -0.118193
2   -0.0658218   1.05471     0.616487
3   -0.421181    0.653741   -0.115855
4   -0.778241    0.250854   -0.851702

 [*,2,*]
:       1           2           3         :=
1   -0.467347    0.630111   -0.016548
2    0.0191576   1.05006     0.632772
3   -0.465799    0.631447   -0.0144814
4   -0.953076    0.210832   -0.664833

 [*,3,*]
:      1           2           3         :=
1   0.702766    0.404809    0.0604546
2   0.446036    0.945276   -0.693366
3   0.701949    0.406529    0.0580553
4   0.959086   -0.134795    0.813072
;

W[i,j,k] :=
1 1 1   -0.422316
1 1 2    0.652461
1 1 3   -0.118193
2 1 1   -0.0658218
2 1 2    1.05471
2 1 3    0.616487
3 1 1   -0.421181
3 1 2    0.653741
3 1 3   -0.115855
4 1 1   -0.778241
4 1 2    0.250854
4 1 3   -0.851702
;

W[i,j,k] :=
1 1 4   -0.00478362
1 1 5   -0.00226155
1 1 6    0.00460795
2 1 4   -0.0281341
2 1 5   -0.0152185
2 1 6    0.0230326
3 1 4   -0.00485794
3 1 5   -0.00230279
3 1 6    0.0046666
4 1 4    0.0185296
4 1 5    0.0106748
4 1 6   -0.0137873
;

W[i,j,k] :=
1 2 1   -0.467347
1 2 2    0.630111
1 2 3   -0.016548
2 2 1    0.0191576
2 2 2    1.05006
2 2 3    0.632772
3 2 1   -0.465799
3 2 2    0.631447
3 2 3   -0.0144814
4 2 1   -0.953076
4 2 2    0.210832
4 2 3   -0.664833
;

W[i,j,k] :=
1 2 4   -0.0323107
1 2 5   -0.0238915
1 2 6    0.00278078
2 2 4   -0.0708125
2 2 5   -0.0138565
2 2 6    0.0251381
3 2 4   -0.0324333
3 2 5   -0.0238596
3 2 6    0.00285194
4 2 4    0.00612963
4 2 5   -0.0339106
4 2 6   -0.0195409
;

W[i,j,k] :=
1 3 1    0.702766
1 3 2    0.404809
1 3 3    0.0604546
2 3 1    0.446036
2 3 2    0.945276
2 3 3   -0.693366
3 3 1    0.701949
3 3 2    0.406529
3 3 3    0.0580553
4 3 1    0.959086
4 3 2   -0.134795
4 3 3    0.813072
;

W[i,j,k] :=
1 3 4   -0.0226458
1 3 5    0.0352946
1 3 6    0.026915
2 3 4   -0.0309176
2 3 5    0.0376208
2 3 6    0.0314
3 3 4   -0.0226721
3 3 5    0.035302
3 3 6    0.0269293
4 3 4   -0.0143872
4 3 5    0.032972
4 3 6    0.0224371
;

f11 = 12.9559

f12 = 15

f13 = -2.55061

f21 = 2.97347

f22 = 3.7361

f23 = -0.460418

f31 = 13.0954

f32 = 15

f33 = -1.69454

