solve_message = ' \
Ipopt 3.9.1: Maximum Number of Iterations Exceeded.'

Solve time:
_solve_time = 63.5392

Objective:
torque = 6.12571

cnh1 = 0.776381

cnh2 = -0.652103

cnh3 = 0.201647

snh1 = -0.66466

snh2 = 0.685789

snh3 = -1.036

Hx = -0.0733299

Hy = -0.0647722

Hz = 0.0378153

cnf11 = 0.613633

cnf21 = 0.670566

cnf31 = 0.545796

cnf12 = 0.613668

cnf22 = 0.294464

cnf32 = 0.34853

cnt1 = 0.503269

cnt2 = 0.45479

snf11 = 0.806962

snf21 = 0.692547

snf31 = 0.830786

snf12 = 0.806983

snf22 = 1

snf32 = 0.975267

snt1 = 0.900138

snt2 = 0.899977

p :=
1 1    0.0127766
1 2   -0.0254894
1 3   -0.0641789
2 1    0.00499339
2 2    0.0356356
2 3    0.043646
3 1    0.0335953
3 2   -0.00418691
3 3    0.055068
;

mf :=
1 1   -0.182716
1 2    0.0775888
1 3    0.928823
2 1   -0.281413
2 2   -1.139
2 3    0.0387317
;

mt [*] :=
1  -0.89272
2  -0.0370128
3  -0.514893
;

phi :=
1 1   0.055229
1 2   0.0274357
1 3   0.0627103
2 1   0
2 2   0
2 3   0.00739991
3 1   0.0549539
3 2   0.0271978
3 3   0.0624414
4 1   0.268657
4 2   0.222059
4 3   0.259249
;

l [*,1,*]
:       1           2          3        :=
1   -0.181843   0.0775654   0.928958
2   -1.30376    0.0992844   0.753609
3   -0.185414   0.0776345   0.928399
4    0.938289   0.0558795   1.10403

 [*,2,*]
:       1           2           3         :=
1   -0.280826   -1.13916     0.0379754
2   -1.0402     -0.940943    0.96939
3   -0.283243   -1.13853     0.0409399
4    0.477332   -1.33706    -0.891953

 [*,3,*]
:       1           2            3        :=
1   -0.892721   -0.0360886   -0.514779
2   -0.875187   -1.22359     -0.646565
3   -0.892665   -0.0398681   -0.515199
4   -0.910227    1.14951     -0.383203
;

W[i,j,k] :=
1 1 1   -0.181848
1 1 2    0.0775675
1 1 3    0.928959
2 1 1   -1.30377
2 1 2    0.0992954
2 1 3    0.753604
3 1 1   -0.185419
3 1 2    0.0776367
3 1 3    0.928401
4 1 1    0.938282
4 1 2    0.0558713
4 1 3    1.10404
;

W[i,j,k] :=
1 1 4   -0.0187959
1 1 5   -0.000112297
1 1 6   -0.00370632
2 1 4   -0.0129943
2 1 5    0.0741006
2 1 6   -0.0308041
3 1 4   -0.0187774
3 1 5    0.000123907
3 1 6   -0.00379257
4 1 4   -0.0245885
4 1 5   -0.0742086
4 1 6    0.0233485
;

W[i,j,k] :=
1 2 1   -0.280824
1 2 2   -1.13915
1 2 3    0.0379755
2 2 1   -1.0402
2 2 2   -0.940924
2 2 3    0.969397
3 2 1   -0.283241
3 2 2   -1.13852
3 2 3    0.04094
4 2 1    0.477334
4 2 2   -1.33706
4 2 3   -0.891958
;

W[i,j,k] :=
1 2 4    0.0510601
1 2 5   -0.012751
1 2 6    0.0040701
2 2 4    0.0752482
2 2 5   -0.0511278
2 2 6    0.0295312
3 2 4    0.0511371
3 2 5   -0.0128731
3 2 6    0.00415114
4 2 4    0.0269104
4 2 5    0.0255626
4 2 6   -0.02135
;

W[i,j,k] :=
1 3 1   -0.89271
1 3 2   -0.0360855
1 3 3   -0.514786
2 3 1   -0.875167
2 3 2   -1.22357
2 3 3   -0.646577
3 3 1   -0.892655
3 3 2   -0.039865
3 3 3   -0.515206
4 3 1   -0.910227
4 3 2    1.14951
4 3 3   -0.383204
;

W[i,j,k] :=
1 3 4    0.00404979
1 3 5   -0.0318771
1 3 6   -0.00491602
2 3 4    0.0699992
2 3 5   -0.0265978
2 3 6   -0.0428196
3 3 4    0.00425969
3 3 5   -0.0318603
3 3 6   -0.00503666
4 3 4   -0.0617946
4 3 5   -0.0371498
4 3 6    0.0329275
;

f11 = 4.69519

f12 = 13.7526

f13 = 1.60414

f21 = 5.29754

f22 = 7.08398

f23 = -1.38515

f31 = 9.10888

f32 = 11.9615

f33 = -2.24019

