solve_message = ' \
Ipopt 3.9.1: Converged to a locally infeasible point. Problem may be infeasible.'

Solve time:
_solve_time = 43.5711

Objective:
torque = 6.74397

cnh1 = 0.637185

cnh2 = 0.931876

cnh3 = -0.389344

snh1 = -0.688474

snh2 = 0.107737

snh3 = 0.85347

Hx = 0.0476061

Hy = 0.0241376

Hz = 0.00961043

cnf11 = 0.881795

cnf21 = 0.292156

cnf31 = 0.437132

cnf12 = 0.881795

cnf22 = 0.133747

cnf32 = 0.3569

cnt1 = 0.418788

cnt2 = 0.472136

snf11 = 0.586888

snf21 = 0.891429

snf31 = 0.876252

snf12 = 0.586888

snf22 = 0.986793

snf32 = 0.930052

snt1 = 0.839415

snt2 = 0.863821

p :=
1 1    0.0161824
1 2   -0.0262183
1 3   -0.0598896
2 1   -0.0085049
2 2   -0.0333787
2 3    0.000330267
3 1   -0.0351831
3 2    0.00478519
3 3   -0.0196719
;

mf :=
1 1   -0.0160429
1 2    0.583746
1 3    0.599789
2 1    0.343534
2 2    0.804727
2 3    0.13849
;

mt [*] :=
1   0.774107
2  -0.214792
3   0.109671
;

phi :=
1 1   0.0124555
1 2   0.00260761
1 3   0.0518937
2 1   0
2 2   0
2 3   0
3 1   0.0122034
3 2   0.00239328
3 3   0.0515552
4 1   0.308395
4 2   0.207308
4 3   0.441617
;

l [*,1,*]
:       1           2          3        :=
1   -0.016669    0.584109   0.599467
2    0.77025     0.128648   1.00402
3   -0.0141644   0.582659   0.600755
4   -0.802333    1.03884    0.195562

 [*,2,*]
:      1          2           3        :=
1   0.343465   0.80492     0.137687
2   0.430072   0.561647    1.14722
3   0.343741   0.804146    0.1409
4   0.256997   1.04781    -0.870232

 [*,3,*]
:      1           2           3        :=
1   0.773876   -0.215454    0.109966
2   1.06372     0.61729    -0.2611
3   0.774799   -0.212804    0.108785
4   0.484494   -1.04687     0.480441
;

W[i,j,k] :=
1 1 1   -0.016669
1 1 2    0.584109
1 1 3    0.599467
2 1 1    0.77025
2 1 2    0.128648
2 1 3    1.00402
3 1 1   -0.0141644
3 1 2    0.582659
3 1 3    0.600755
4 1 1   -0.802333
4 1 2    1.03884
4 1 3    0.195562
;

W[i,j,k] :=
1 1 4    0.019265
1 1 5   -0.00870252
1 1 6    0.00901525
2 1 4   -0.018619
2 1 5   -0.0623774
2 1 6    0.0222765
3 1 4    0.0191445
3 1 5   -0.00887336
3 1 6    0.00905746
4 1 4    0.0570886
4 1 5    0.0448868
4 1 6   -0.00422486
;

W[i,j,k] :=
1 2 1    0.343465
1 2 2    0.80492
1 2 3    0.137687
2 2 1    0.430072
2 2 2    0.561647
2 2 3    1.14722
3 2 1    0.343741
3 2 2    0.804146
3 2 3    0.1409
4 2 1    0.256997
4 2 2    1.04781
4 2 3   -0.870232
;

W[i,j,k] :=
1 2 4   -0.00486164
1 2 5    0.00128445
1 2 6    0.00461866
2 2 4   -0.038478
2 2 5    0.00989899
2 2 6    0.0095785
3 2 4   -0.00496863
3 2 5    0.00131186
3 2 6    0.00463445
4 2 4    0.0287011
4 2 5   -0.00731635
4 2 6   -0.000333257
;

W[i,j,k] :=
1 3 1    0.773876
1 3 2   -0.215454
1 3 3    0.109966
2 3 1    1.06372
2 3 2    0.61729
2 3 3   -0.2611
3 3 1    0.774799
3 3 2   -0.212804
3 3 3    0.108785
4 3 1    0.484494
4 3 2   -1.04687
4 3 3    0.480441
;

W[i,j,k] :=
1 3 4   -0.00371219
1 3 5   -0.0113547
1 3 6    0.0038772
2 3 4    0.0108938
2 3 5   -0.0301117
2 3 6   -0.0268083
3 3 4   -0.0036657
3 3 5   -0.0114144
3 3 6    0.00377954
4 3 4   -0.0182949
4 3 5    0.00737249
4 3 6    0.0345137
;

f11 = 12.4407

f12 = 15

f13 = 4.06098

f21 = 2.13403

f22 = 2.63422

f23 = -0.0833647

f31 = 12.6025

f32 = 15

f33 = -3.94163

