solve_message = ' \
Ipopt 3.9.1: Converged to a locally infeasible point. Problem may be infeasible.'

Solve time:
_solve_time = 36.0206

Objective:
torque = 4.47631

cnh1 = 0.583389

cnh2 = -0.930511

cnh3 = 0.316278

snh1 = 0.734614

snh2 = -0.118951

snh3 = -0.174153

Hx = -0.00100701

Hy = -0.0324687

Hz = 0.0667627

cnf11 = -0.233998

cnf21 = -0.289216

cnf31 = 0.183658

cnf12 = -0.233998

cnf22 = 0.857244

cnf32 = 0.6442

cnt1 = 0.606101

cnt2 = 0.532616

snf11 = 0.90843

snf21 = 0.892387

snf31 = 1

snf12 = 0.90843

snf22 = 0.380962

snf32 = 0.754872

snt1 = 0.71599

snt2 = 0.833348

p :=
1 1   -0.0108059
1 2   -0.0307114
1 3    0.0563592
2 1   -0.0257678
2 2    0.0194073
2 3    0.0609952
3 1    0.024444
3 2    0.0242524
3 3    0.0304602
;

mf :=
1 1    0.185265
1 2   -0.0734319
1 3    0.258697
2 1    0.0255418
2 2   -0.285129
2 3   -0.184437
;

mt [*] :=
1  -0.440159
2  -0.626196
3   0.186037
;

phi :=
1 1   0.0650357
1 2   0.116186
1 3   0.027168
2 1   0
2 2   0.130977
2 3   0
3 1   0.0646826
3 2   0.116209
3 3   0.0270207
4 1   0.254499
4 2   0.112635
4 3   0.0913354
;

l [*,1,*]
:       1           2           3        :=
1   0.185359    -0.0729995   0.258783
2   0.0666125   -0.616417    0.150736
3   0.184982    -0.074729    0.258439
4   0.303917     0.469551    0.366657

 [*,2,*]
:       1            2            3        :=
1    0.0250973   -0.285395    -0.184491
2    0.583774     0.0491661   -0.116359
3    0.0268754   -0.284331    -0.184274
4   -0.532688    -0.619423    -0.252515

 [*,3,*]
:       1            2          3        :=
1   -0.440478    -0.626146   0.185995
2   -0.0387361   -0.688674   0.23904
3   -0.4392      -0.626345   0.186164
4   -0.84158     -0.563717   0.133034
;

W[i,j,k] :=
1 1 1    0.185359
1 1 2   -0.0729995
1 1 3    0.258783
2 1 1    0.0666125
2 1 2   -0.616417
2 1 3    0.150736
3 1 1    0.184982
3 1 2   -0.074729
3 1 3    0.258439
4 1 1    0.303917
4 1 2    0.469551
4 1 3    0.366657
;

W[i,j,k] :=
1 1 4   -0.00383339
1 1 5    0.0132431
1 1 6    0.00648147
2 1 4    0.0301114
2 1 5    0.00538307
2 1 6    0.00870673
3 1 4   -0.00372535
3 1 5    0.0132181
3 1 6    0.00648856
4 1 4   -0.0377241
4 1 5    0.0210906
4 1 6    0.00425977
;

W[i,j,k] :=
1 2 1    0.0250973
1 2 2   -0.285395
1 2 3   -0.184491
2 2 1    0.583774
2 2 2    0.0491661
2 2 3   -0.116359
3 2 1    0.0268754
3 2 2   -0.284331
3 2 3   -0.184274
4 2 1   -0.532688
4 2 2   -0.619423
4 2 3   -0.252515
;

W[i,j,k] :=
1 2 4    0.0138273
1 2 5   -0.00322311
1 2 6    0.00686693
2 2 4   -0.0052571
2 2 5    0.0326091
2 2 6   -0.0125964
3 2 4    0.0137665
3 2 5   -0.00310906
3 2 6    0.00680498
4 2 4    0.0328812
4 2 5   -0.0389982
4 2 6    0.0262992
;

W[i,j,k] :=
1 3 1   -0.440478
1 3 2   -0.626146
1 3 3    0.185995
2 3 1   -0.0387361
2 3 2   -0.688674
2 3 3    0.23904
3 3 1   -0.4392
3 3 2   -0.626345
3 3 3    0.186164
4 3 1   -0.84158
4 3 2   -0.563717
4 3 3    0.133034
;

W[i,j,k] :=
1 3 4    0.0235833
1 3 5   -0.0179635
1 3 6   -0.00462283
2 3 4    0.0267744
2 3 5   -0.00702299
2 3 6   -0.0158945
3 3 4    0.0235935
3 3 5   -0.0179287
3 3 6   -0.0046587
4 3 4    0.0203973
4 3 5   -0.0288865
4 3 6    0.00663085
;

f11 = 3.66149

f12 = 15

f13 = 12.6867

f21 = 9.3118

f22 = 14.0452

f23 = 6.29779

f31 = 0.311534

f32 = 3.31925

f33 = 2.65972

