solve_message = ' \
Ipopt 3.9.1: Converged to a locally infeasible point. Problem may be infeasible.'

Solve time:
_solve_time = 47.6895

Objective:
torque = 7.73066

cnh1 = -0.864409

cnh2 = -0.771813

cnh3 = -0.176601

snh1 = 0.364413

snh2 = 0.533203

snh3 = 0.92131

Hx = -0.0357214

Hy = -0.0519306

Hz = 0.0214306

cnf11 = 0.702631

cnf21 = 0.36923

cnf31 = 0.374081

cnf12 = 0.702631

cnf22 = 0.746042

cnf32 = 0.587343

cnt1 = 0.341016

cnt2 = 0.450079

snf11 = 0.621538

snf21 = 0.992809

snf31 = 0.962543

snf12 = 0.621538

snf22 = 0.568702

snf32 = 0.798371

snt1 = 0.873904

snt2 = 0.872249

p :=
1 1    0.0335316
1 2    0.00753738
1 3    0.0548632
2 1    0.015438
2 2    0.0235447
2 3   -0.0640145
3 1   -0.0174204
3 2    0.0284841
3 3    0.0529562
;

mf :=
1 1   -0.844452
1 2   -0.32954
1 3   -0.160353
2 1   -0.234226
2 2   -0.0200063
2 3    0.756991
;

mt [*] :=
1   0.206918
2  -0.65822
3  -0.451302
;

phi :=
1 1   0.0441757
1 2   0.0888035
1 3   0.0451169
2 1   0.00677353
2 2   0.0348815
2 3   0
3 1   0.0440141
3 2   0.0885632
3 3   0.0448241
4 1   0.12429
4 2   0.216364
4 3   0.301804
;

l [*,1,*]
:       1           2           3        :=
1   -0.844723   -0.329014   -0.159796
2   -0.504747   -0.990114   -0.860403
3   -0.843641   -0.331118   -0.162026
4   -1.18416     0.331031    0.539693

 [*,2,*]
:       1           2           3        :=
1   -0.233556   -0.0198148   0.757187
2   -1.0756     -0.260378    0.510689
3   -0.236236   -0.0205805   0.756403
4    0.607141    0.220364    1.00329

 [*,3,*]
:       1           2           3        :=
1    0.207131   -0.657783   -0.451902
2   -0.060296   -1.20772     0.301918
3    0.20628    -0.659533   -0.449502
4    0.474132   -0.108727   -1.20452
;

W[i,j,k] :=
1 1 1   -0.844723
1 1 2   -0.329014
1 1 3   -0.159796
2 1 1   -0.504747
2 1 2   -0.990114
2 1 3   -0.860403
3 1 1   -0.843641
3 1 2   -0.331118
3 1 3   -0.162026
4 1 1   -1.18416
4 1 2    0.331031
4 1 3    0.539693
;

W[i,j,k] :=
1 1 4    0.0168463
1 1 5   -0.040986
1 1 6   -0.00466535
2 1 4    0.0478356
2 1 5    0.00115861
2 1 6   -0.0293956
3 1 4    0.0169449
3 1 5   -0.0408518
3 1 6   -0.00474407
4 1 4   -0.0140936
4 1 5   -0.0830634
4 1 6    0.0200254
;

W[i,j,k] :=
1 2 1   -0.233556
1 2 2   -0.0198148
1 2 3    0.757187
2 2 1   -1.0756
2 2 2   -0.260378
2 2 3    0.510689
3 2 1   -0.236236
3 2 2   -0.0205805
3 2 3    0.756403
4 2 1    0.607141
4 2 2    0.220364
4 2 3    1.00329
;

W[i,j,k] :=
1 2 4    0.0165593
1 2 5    0.00326151
1 2 6    0.0051931
2 2 4   -0.00464394
2 2 5    0.0609698
2 2 6    0.0213049
3 2 4    0.0164918
3 2 5    0.00344519
3 2 6    0.00524438
4 2 4    0.0377287
4 2 5   -0.0543547
4 2 6   -0.0108929
;

W[i,j,k] :=
1 3 1    0.207131
1 3 2   -0.657783
1 3 3   -0.451902
2 3 1   -0.060296
2 3 2   -1.20772
2 3 3    0.301918
3 3 1    0.20628
3 3 2   -0.659533
3 3 3   -0.449502
4 3 1    0.474132
4 3 2   -0.108727
4 3 3   -1.20452
;

W[i,j,k] :=
1 3 4    0.0219617
1 3 5    0.0030966
1 3 6    0.00555888
2 3 4    0.0725559
2 3 5    0.00206646
2 3 6    0.0227563
3 3 4    0.0221227
3 3 5    0.00309332
3 3 6    0.00561361
4 3 4   -0.0285518
4 3 5    0.00412509
4 3 6   -0.0116111
;

f11 = 13.0953

f12 = 15

f13 = -1.69488

f21 = 2.44601

f22 = 10.1971

f23 = 1.33767

f31 = 11.6103

f32 = 15

f33 = -6.28969

