solve_message = ' \
Ipopt 3.9.1: Converged to a locally infeasible point. Problem may be infeasible.'

Solve time:
_solve_time = 57.9076

Objective:
torque = 5.00008

cnh1 = 0.207889

cnh2 = 0.789503

cnh3 = -0.894753

snh1 = -0.914758

snh2 = -0.506641

snh3 = -0.281811

Hx = -0.0386221

Hy = 0.0302856

Hz = 0.0310729

cnf11 = 0.932738

cnf21 = 0.449574

cnf31 = 0.481341

cnf12 = 0.932738

cnf22 = -0.0800879

cnf32 = 0.371367

cnt1 = 0.452545

cnt2 = 0.451902

snf11 = 0

snf21 = 0.823337

snf31 = 0.859817

snf12 = 0

snf22 = 0.934658

snf32 = 0.861444

snt1 = 0.895249

snt2 = 0.893108

p :=
1 1    0.0160449
1 2   -0.03048
1 3   -0.00788746
2 1   -0.0344347
2 2    0.000562305
2 3   -0.0280643
3 1   -0.0102844
3 2    0.025942
3 3   -0.0623488
;

mf :=
1 1   -0.231125
1 2    0.727166
1 3   -0.0053162
2 1   -0.358421
2 2    0.475837
2 3    0.452168
;

mt [*] :=
1  -0.076737
2  -0.372181
3   0.830087
;

phi :=
1 1   0.0047464
1 2   0.0145743
1 3   0.0566971
2 1   0
2 2   0
2 3   0
3 1   0.00455965
3 2   0.0143935
3 3   0.0562637
4 1   0.297243
4 2   0.24429
4 3   0.355555
;

l [*,1,*]
:       1          2            3         :=
1   -0.230493   0.727352   -0.00564503
2   -1.02414    0.494371    0.407617
3   -0.233019   0.72661    -0.00432972
4    0.561887   0.959961   -0.418248

 [*,2,*]
:       1           2           3        :=
1   -0.358024    0.47635    0.45188
2   -0.857271   -0.167749   0.81434
3   -0.359613    0.4743     0.453033
4    0.140427    1.11942    0.0899969

 [*,3,*]
:       1            2          3        :=
1   -0.0769959   -0.37284    0.829773
2    0.248413     0.455294   1.22394
3   -0.0759602   -0.370204   0.831027
4   -0.401886    -1.19965    0.436237
;

W[i,j,k] :=
1 1 1   -0.230493
1 1 2    0.727352
1 1 3   -0.00564503
2 1 1   -1.02414
2 1 2    0.494371
2 1 3    0.407617
3 1 1   -0.233019
3 1 2    0.72661
3 1 3   -0.00432972
4 1 1    0.561887
4 1 2    0.959961
4 1 3   -0.418248
;

W[i,j,k] :=
1 1 4    0.00590902
1 1 5    0.00190858
1 1 6    0.00464483
2 1 4   -0.00852484
2 1 5    0.0015377
2 1 6   -0.0232837
3 1 4    0.00586308
3 1 5    0.0019074
3 1 6    0.00455594
4 1 4    0.0203199
4 1 5    0.00227887
4 1 6    0.0325288
;

W[i,j,k] :=
1 2 1   -0.358024
1 2 2    0.47635
1 2 3    0.45188
2 2 1   -0.857271
2 2 2   -0.167749
2 2 3    0.81434
3 2 1   -0.359613
3 2 2    0.4743
3 2 3    0.453033
4 2 1    0.140427
4 2 2    1.11942
4 2 3    0.0899969
;

W[i,j,k] :=
1 2 4    0.0136225
1 2 5    0.025608
1 2 6   -0.0162016
2 2 4   -0.00424984
2 2 5    0.0521003
2 2 6    0.00625841
3 2 4    0.0135656
3 2 5    0.0256923
3 2 6   -0.0161301
4 2 4    0.0314664
4 2 5   -0.000841981
4 2 6   -0.0386258
;

W[i,j,k] :=
1 3 1   -0.0769959
1 3 2   -0.37284
1 3 3    0.829773
2 3 1    0.248413
2 3 2    0.455294
2 3 3    1.22394
3 3 1   -0.0759602
3 3 2   -0.370204
3 3 3    0.831027
4 3 1   -0.401886
4 3 2   -1.19965
4 3 3    0.436237
;

W[i,j,k] :=
1 3 4   -0.00172016
1 3 5    0.0133343
1 3 6    0.00583188
2 3 4    0.0601385
2 3 5   -0.00290074
2 3 6   -0.0111268
3 3 4   -0.00152328
3 3 5    0.0132827
3 3 6    0.0057779
4 3 4   -0.0634801
4 3 5    0.0295435
4 3 6    0.0227635
;

f11 = 8.89321

f12 = 15

f13 = -0.390455

f21 = 0.382842

f22 = 0.708512

f23 = -0.536523

f31 = 7.31307

f32 = 11.0724

f33 = 0.269103

