solve_message = ' \
Ipopt 3.9.1: Optimal Solution Found'

Solve time:
_solve_time = 46.7379

Objective:
torque = 3.59843

cnh1 = 0.540355

cnh2 = -0.892545

cnh3 = -0.277782

snh1 = 0.766822

snh2 = -0.288726

snh3 = 0.896012

Hx = -0.053646

Hy = 0.0282487

Hz = -0.0215294

cnf11 = 0.838402

cnf21 = 0.54695

cnf31 = 0.512288

cnf12 = 0.838402

cnf22 = 0.245275

cnf32 = 0.390229

cnt1 = 0.357757

cnt2 = 0.45468

snf11 = 0.420811

snf21 = 0.762132

snf31 = 0.844621

snf12 = 0.420811

snf22 = 0.964692

snf32 = 0.91817

snt1 = 0.867185

snt2 = 0.870643

p :=
1 1   -0.0138702
1 2   -0.0302972
1 3    0.0587785
2 1    0.00921413
2 2   -0.0331895
2 3   -0.0202059
3 1    0.0323165
3 2    0.0147108
3 3   -0.00935123
;

mf :=
1 1    0.105414
1 2    0.517771
1 3   -0.583329
2 1   -0.352316
2 2    0.767391
2 3   -0.13904
;

mt [*] :=
1  -0.773047
2  -0.232685
3   0.0569127
;

phi :=
1 1   0.0367017
1 2   0.0130792
1 3   0.0771795
2 1   0
2 2   0
2 3   0.0101059
3 1   0.0364186
3 2   0.0128775
3 3   0.0768366
4 1   0.291561
4 2   0.157369
4 3   0.352197
;

l [*,1,*]
:       1          2           3        :=
1    0.106001   0.51801    -0.582978
2   -0.632477   0.21762    -1.02333
3    0.103651   0.517054   -0.58438
4    0.843302   0.81792    -0.143329

 [*,2,*]
:       1           2           3        :=
1   -0.352016    0.767595   -0.138393
2   -0.728502    0.512151   -0.951677
3   -0.353215    0.766782   -0.140981
4    0.0238686   1.02263     0.673594

 [*,3,*]
:       1           2           3         :=
1   -0.772854   -0.233355    0.0566236
2   -1.01548     0.609072    0.41989
3   -0.773626   -0.230674    0.0577798
4   -0.530611   -1.07444    -0.306063
;

W[i,j,k] :=
1 1 1    0.106001
1 1 2    0.51801
1 1 3   -0.582978
2 1 1   -0.632477
2 1 2    0.21762
2 1 3   -1.02333
3 1 1    0.103651
3 1 2    0.517054
3 1 3   -0.58438
4 1 1    0.843302
4 1 2    0.81792
4 1 3   -0.143329
;

W[i,j,k] :=
1 1 4   -0.0127853
1 1 5   -0.00185541
1 1 6   -0.00397335
2 1 4    0.0182126
2 1 5   -0.0513698
2 1 6   -0.0221807
3 1 4   -0.0126866
3 1 5   -0.00201301
3 1 6   -0.0040313
4 1 4   -0.0437337
4 1 5    0.04758
4 1 6    0.014205
;

W[i,j,k] :=
1 2 1   -0.352016
1 2 2    0.767595
1 2 3   -0.138393
2 2 1   -0.728502
2 2 2    0.512151
2 2 3   -0.951677
3 2 1   -0.353215
3 2 2    0.766782
3 2 3   -0.140981
4 2 1    0.0238686
4 2 2    1.02263
4 2 3    0.673594
;

W[i,j,k] :=
1 2 4    0.0201031
1 2 5    0.00838798
1 2 6   -0.00461052
2 2 4    0.0419341
2 2 5    0.0234889
2 2 6   -0.0194596
3 2 4    0.0201726
3 2 5    0.00843605
3 2 6   -0.00465778
4 2 4   -0.00169304
4 2 5   -0.00668887
4 2 6    0.0102148
;

W[i,j,k] :=
1 3 1   -0.772854
1 3 2   -0.233355
1 3 3    0.0566236
2 3 1   -1.01548
2 3 2    0.609072
2 3 3    0.41989
3 3 1   -0.773626
3 3 2   -0.230674
3 3 3    0.0577798
4 3 1   -0.530611
4 3 2   -1.07444
4 3 3   -0.306063
;

W[i,j,k] :=
1 3 4   -0.00134917
1 3 5    0.00539725
1 3 6    0.0038281
2 3 4    0.0118725
2 3 5   -0.00407337
2 3 6    0.0346217
3 3 4   -0.00130709
3 3 5    0.00536711
3 3 6    0.00392611
4 3 4   -0.0145498
4 3 5    0.0148528
4 3 6   -0.0269163
;

f11 = 7.89225

f12 = 10.1537

f13 = -1.95316

f21 = 0.349939

f22 = 0

f23 = 0.0627915

f31 = 4.75995

f32 = 10.5189

f33 = -6.9482

