solve_message = ' \
Ipopt 3.9.1: Optimal Solution Found'

Solve time:
_solve_time = 54.772

Objective:
torque = 5.27642

cnh1 = -0.537738

cnh2 = 0.938036

cnh3 = -0.165369

snh1 = -0.76866

snh2 = -0.00940486

snh3 = 0.923392

Hx = 0.0534397

Hy = -0.0487698

Hz = 0.0186797

cnf11 = 0.379163

cnf21 = 0.513976

cnf31 = 0.501483

cnf12 = 0.379163

cnf22 = 0.417046

cnf32 = 0.471623

cnt1 = 0.494777

cnt2 = 0.434642

snf11 = 0.858043

snf21 = 0.784748

snf31 = 0.85021

snf12 = 0.858043

snf22 = 0.840282

snf32 = 0.864037

snt1 = 0.936587

snt2 = 0.920672

p :=
1 1   -0.0160678
1 2   -0.0249649
1 3   -0.0611301
2 1   -0.0299387
2 2   -0.00838381
2 3    0.0594902
3 1   -0.000505512
3 2    0.0355036
3 3    0.00170376
;

mf :=
1 1    0.362548
1 2    0.0923631
1 3    0.677812
2 1    0.600365
2 2   -0.11742
2 3   -0.482932
;

mt [*] :=
1   0.0248214
2  -0.942575
3   0.108514
;

phi :=
1 1   0.0605402
1 2   0.055764
1 3   0.0386573
2 1   0.00205843
2 2   0
2 3   0
3 1   0.060248
3 2   0.0554783
3 3   0.0384338
4 1   0.275191
4 2   0.267782
4 3   0.181
;

l [*,1,*]
:      1           2           3        :=
1   0.3625      0.0930889   0.677709
2   0.423068   -0.819117    0.807792
3   0.362693    0.0901856   0.678123
4   0.302028    1.00384     0.547834

 [*,2,*]
:       1            2            3        :=
1    0.599876    -0.117534    -0.483462
2    1.21413      0.0256432    0.183491
3    0.601831    -0.117078    -0.48134
4   -0.0133994   -0.260482    -1.14935

 [*,3,*]
:       1            2           3        :=
1    0.0241449   -0.942539    0.108984
2    0.87434     -0.987544   -0.482249
3    0.0268508   -0.942682    0.107102
4   -0.824694    -0.897606    0.699273
;

W[i,j,k] :=
1 1 1    0.3625
1 1 2    0.0930889
1 1 3    0.677709
2 1 1    0.423068
2 1 2   -0.819117
2 1 3    0.807792
3 1 1    0.362693
3 1 2    0.0901856
3 1 3    0.678123
4 1 1    0.302028
4 1 2    1.00384
4 1 3    0.547834
;

W[i,j,k] :=
1 1 4   -0.0112284
1 1 5   -0.0112703
1 1 6    0.00755405
2 1 4   -0.0702392
2 1 5   -0.0128827
2 1 6    0.0237233
3 1 4   -0.0114162
3 1 5   -0.0112755
3 1 6    0.00760551
4 1 4    0.0476882
4 1 5   -0.00966049
4 1 6   -0.00858943
;

W[i,j,k] :=
1 2 1    0.599876
1 2 2   -0.117534
1 2 3   -0.483462
2 2 1    1.21413
2 2 2    0.0256432
2 2 3    0.183491
3 2 1    0.601831
3 2 2   -0.117078
3 2 3   -0.48134
4 2 1   -0.0133994
4 2 2   -0.260482
4 2 3   -1.14935
;

W[i,j,k] :=
1 2 4    0.0110454
1 2 5    0.0212125
1 2 6    0.00854804
2 2 4   -0.00306387
2 2 5    0.0777224
2 2 6    0.00941131
3 2 4    0.0110005
3 2 5    0.0213924
3 2 6    0.00855079
4 2 4    0.0251321
4 2 5   -0.0352072
4 2 6    0.00768615
;

W[i,j,k] :=
1 3 1    0.0241449
1 3 2   -0.942539
1 3 3    0.108984
2 3 1    0.87434
2 3 2   -0.987544
2 3 3   -0.482249
3 3 1    0.0268508
3 3 2   -0.942682
3 3 3    0.107102
4 3 1   -0.824694
4 3 2   -0.897606
4 3 3    0.699273
;

W[i,j,k] :=
1 3 4    0.00547519
1 3 5    9.62262e-05
1 3 6   -0.000380766
2 3 4   -0.015439
2 3 5    0.00124588
2 3 6   -0.030543
3 3 4    0.00540862
3 3 5    9.98853e-05
3 3 6   -0.000476766
4 3 4    0.026356
4 3 5   -0.00105159
4 3 6    0.0297334
;

f11 = 5.2093

f12 = 8.50061

f13 = 4.38517

f21 = 6.09922

f22 = 8.75001

f23 = -1.03488

f31 = 7.53039

f32 = 9.42904

f33 = -0.55995

