solve_message = ' \
Ipopt 3.9.1: Converged to a locally infeasible point. Problem may be infeasible.'

Solve time:
_solve_time = 4.04043

Objective:
torque = 5.20338

cnh1 = 0.588172

cnh2 = 0.522806

cnh3 = -0.895446

snh1 = 0.730789

snh2 = -0.778893

snh3 = 0.2796

Hx = -0.0647387

Hy = -0.0385732

Hz = 0.0286842

cnf11 = 0.936935

cnf21 = -0.0800879

cnf31 = 0.371367

cnf12 = 0.936935

cnf22 = 0.722622

cnf32 = 0.577316

cnt1 = 0.558463

cnt2 = 0.459972

snf11 = 0.0463893

snf21 = 0.934658

snf31 = 0.861444

snf12 = 0.0463893

snf22 = 0.598178

snf32 = 0.805276

snt1 = 0.900066

snt2 = 0.904944

p :=
1 1   -0.0243562
1 2   -0.0243566
1 3   -0.0127789
2 1    0.0308151
2 2    0.00525842
2 3    0.0592251
3 1   -0.0147579
3 2   -0.0215802
3 3   -0.0630433
;

mf :=
1 1   -0.586425
1 2   -0.396643
1 3    0.189782
2 1   -0.329435
2 2   -0.324697
2 3   -0.652764
;

mt [*] :=
1  -0.0599844
2   0.158743
3   0.977153
;

phi :=
1 1   0.0422032
1 2   0.0974172
1 3   0.0891264
2 1   0.0605077
2 2   0.045047
2 3   0.0310133
3 1   0.0422479
3 2   0.0972492
3 3   0.0889535
4 1   0.0313503
4 2   0.150269
4 3   0.146158
;

l [*,1,*]
:       1           2            3        :=
1   -0.58678    -0.396391     0.189204
2   -0.141138   -0.712994     0.915309
3   -0.585362   -0.397399     0.191515
4   -1.03171    -0.0802935   -0.535743

 [*,2,*]
:      1           2           3        :=
1   -0.32939   -0.324086   -0.653135
2   -0.38611   -1.0922     -0.186819
3   -0.32957   -0.326531   -0.651651
4   -0.27276    0.442803   -1.11871

 [*,3,*]
:       1            2          3        :=
1   -0.0591799   0.158644    0.977248
2   -1.0702      0.283038    0.857066
3   -0.0623977   0.15904     0.976866
4    0.950229    0.0344485   1.09724
;

W[i,j,k] :=
1 1 1   -0.58678
1 1 2   -0.396391
1 1 3    0.189204
2 1 1   -0.141138
2 1 2   -0.712994
2 1 3    0.915309
3 1 1   -0.585362
3 1 2   -0.397399
3 1 3    0.191515
4 1 1   -1.03171
4 1 2   -0.0802935
4 1 3   -0.535743
;

W[i,j,k] :=
1 1 4   -0.00967381
1 1 5    0.0121067
1 1 6   -0.00463739
2 1 4   -0.0314051
2 1 5    0.024097
2 1 6    0.0139282
3 1 4   -0.00974298
3 1 5    0.0121449
3 1 6   -0.0045783
4 1 4    0.0120228
4 1 5    0.000135473
4 1 6   -0.0231733
;

W[i,j,k] :=
1 2 1   -0.32939
1 2 2   -0.324086
1 2 3   -0.653135
2 2 1   -0.38611
2 2 2   -1.0922
2 2 3   -0.186819
3 2 1   -0.32957
3 2 2   -0.326531
3 2 3   -0.651651
4 2 1   -0.27276
4 2 2    0.442803
4 2 3   -1.11871
;

W[i,j,k] :=
1 2 4    0.0157596
1 2 5    0.000618293
1 2 6   -0.00825468
2 2 4    0.0637034
2 2 5   -0.0171106
2 2 6   -0.031626
3 2 4    0.0159122
3 2 5    0.000561866
3 2 6   -0.00832907
4 2 4   -0.0321077
4 2 5    0.0183189
4 2 6    0.0150793
;

W[i,j,k] :=
1 3 1   -0.0591799
1 3 2    0.158644
1 3 3    0.977248
2 3 1   -1.0702
2 3 2    0.283038
2 3 3    0.857066
3 3 1   -0.0623977
3 3 2    0.15904
3 3 3    0.976866
4 3 1    0.950229
4 3 2    0.0344485
4 3 3    1.09724
;

W[i,j,k] :=
1 3 4   -0.0110878
1 3 5    0.018153
1 3 6   -0.00361837
2 3 4   -0.000652021
2 3 5    0.0801175
2 3 6   -0.0272722
3 3 4   -0.0110546
3 3 5    0.0183502
3 3 6   -0.00369365
4 3 4   -0.0215069
4 3 5   -0.0437127
4 3 6    0.0199978
;

f11 = 5.65904

f12 = 7.08068

f13 = -0.260227

f21 = 7.27992

f22 = 9.17943

f23 = 1.01765

f31 = 9.30056

f32 = 11.6622

f33 = 0.80516

