solve_message = ' \
Ipopt 3.9.1: Optimal Solution Found'

Solve time:
_solve_time = 9.15726

Objective:
torque = 5.76092

cnh1 = -0.8605

cnh2 = -0.938083

cnh3 = 4.13738e-06

snh1 = 0.37355

snh2 = -9.38544e-07

snh3 = -0.938084

Hx = 0.0387474

Hy = 0.0624338

Hz = 4.10595e-07

cnf11 = 0.404319

cnf21 = 0.459714

cnf31 = 0.484432

cnf12 = 0.404319

cnf22 = 0.459713

cnf32 = 0.484431

cnt1 = 0.500493

cnt2 = 0.436963

snf11 = 0.846481

snf21 = 0.817719

snf31 = 0.858415

snf12 = 0.846481

snf22 = 0.81772

snf32 = 0.858416

snt1 = 0.933545

snt2 = 0.91922

p :=
1 1    0.0221869
1 2   -0.021276
1 3   -0.0599837
2 1    0.0221866
2 2   -0.0212764
2 3    0.0599837
3 1   -0.0345145
3 2   -0.00833763
3 3   -4.52968e-08
;

mf :=
1 1   -0.0901474
1 2    0.498888
1 3    0.589037
2 1   -0.0901433
2 2    0.498894
2 3   -0.589034
;

mt [*] :=
1  0.92473
2  0.212005
3  3.30212e-06
;

phi :=
1 1   0.0578416
1 2   0.0580554
1 3   0.0362876
2 1   0.000330338
2 2   0.000833189
2 3   0
3 1   0.0575541
3 2   0.0577705
3 3   0.0360516
4 1   0.269051
4 2   0.264677
4 3   0.198865
;

l [*,1,*]
:       1           2          3        :=
1   -0.0908588   0.498714   0.589038
2    0.803297    0.717919   0.58809
3   -0.0880129   0.499411   0.589035
4   -0.983588    0.279858   0.589985

 [*,2,*]
:       1            2           3         :=
1   -0.0899842    0.498341   -0.589488
2   -0.289974     1.19252    -0.0187992
3   -0.0906207    0.500551   -0.587671
4    0.109687    -0.194731   -1.15927

 [*,3,*]
:      1           2            3          :=
1   0.924865    0.211416    0.000563915
2   0.755128    0.951791   -0.703994
3   0.924325    0.213772   -0.00167853
4   1.09433    -0.527778    0.703998
;

W[i,j,k] :=
1 1 1   -0.0908588
1 1 2    0.498714
1 1 3    0.589038
2 1 1    0.803297
2 1 2    0.717919
2 1 3    0.58809
3 1 1   -0.0880129
3 1 2    0.499411
3 1 3    0.589035
4 1 1   -0.983588
4 1 2    0.279858
4 1 3    0.589985
;

W[i,j,k] :=
1 1 4    0.0173823
1 1 5   -0.00761891
1 1 6    0.00913182
2 1 4    0.0305512
2 1 5   -0.0612326
2 1 6    0.0330193
3 1 4    0.0174242
3 1 5   -0.00778955
3 1 6    0.00920784
4 1 4    0.00423439
4 1 5    0.0459093
4 1 6   -0.0147176
;

W[i,j,k] :=
1 2 1   -0.0899842
1 2 2    0.498341
1 2 3   -0.589488
2 2 1   -0.289974
2 2 2    1.19252
2 2 3   -0.0187992
3 2 1   -0.0906207
3 2 2    0.500551
3 2 3   -0.587671
4 2 1    0.109687
4 2 2   -0.194731
4 2 3   -1.15927
;

W[i,j,k] :=
1 2 4   -0.0173502
1 2 5    0.00768112
1 2 6    0.00914194
2 2 4   -0.0711318
2 2 5   -0.0169766
2 2 6    0.0202883
3 2 4   -0.0175213
3 2 5    0.00760264
3 2 6    0.00917741
4 2 4    0.0363457
4 2 5    0.0322995
4 2 6   -0.00198667
;

W[i,j,k] :=
1 3 1    0.924865
1 3 2    0.211416
1 3 3    0.000563915
2 3 1    0.755128
2 3 2    0.951791
2 3 3   -0.703994
3 3 1    0.924325
3 3 2    0.213772
3 3 3   -0.00167853
4 3 1    1.09433
4 3 2   -0.527778
4 3 3    0.703998
;

W[i,j,k] :=
1 3 4   -4.69253e-06
1 3 5    1.94212e-05
1 3 6    0.00041427
2 3 4    0.00586968
2 3 5   -0.024298
2 3 6   -0.0265546
3 3 4    1.40043e-05
3 3 5   -5.79757e-05
3 3 6    0.000328434
4 3 4   -0.0058697
4 3 5    0.0242981
4 3 6    0.0273401
;

f11 = 5.15628

f12 = 7.70776

f13 = 3.39919

f21 = 7.15152

f22 = 9.94502

f23 = -3.50337

f31 = 8.87743

f32 = 11.104

f33 = -0.472047

