solve_message = ' \
Ipopt 3.9.1: Optimal Solution Found'

Solve time:
_solve_time = 1.93441

Objective:
torque = 5.76075

cnh1 = 0.860501

cnh2 = 0.938083

cnh3 = -7.72064e-08

snh1 = -0.373548

snh2 = -1.62809e-08

snh3 = 0.938083

Hx = 0.0387474

Hy = 0.062434

Hz = 7.73792e-09

cnf11 = 0.404317

cnf21 = 0.459714

cnf31 = 0.484432

cnf12 = 0.404317

cnf22 = 0.459714

cnf32 = 0.484432

cnt1 = 0.500495

cnt2 = 0.436964

snf11 = 0.84648

snf21 = 0.817718

snf31 = 0.858415

snf12 = 0.84648

snf22 = 0.817718

snf32 = 0.858415

snt1 = 0.933544

snt2 = 0.91922

p :=
1 1    0.022187
1 2   -0.0212759
1 3   -0.0599836
2 1    0.022187
2 2   -0.0212759
2 3    0.0599836
3 1   -0.0345145
3 2   -0.00833759
3 3   -7.31356e-10
;

mf :=
1 1   -0.0901458
1 2    0.498889
1 3    0.589034
2 1   -0.0901457
2 2    0.498889
2 3   -0.589034
;

mt [*] :=
1  0.92473
2  0.212005
3  6.04037e-08
;

phi :=
1 1   0.0578358
1 2   0.0580606
1 3   0.0362859
2 1   0.00032455
2 2   0.000837141
2 3   0
3 1   0.0575483
3 2   0.0577756
3 3   0.0360499
4 1   0.269055
4 2   0.264676
4 3   0.198866
;

l [*,1,*]
:       1           2          3        :=
1   -0.0908572   0.498714   0.589035
2    0.803296    0.717922   0.588083
3   -0.0880113   0.499412   0.589032
4   -0.983584    0.279856   0.589986

 [*,2,*]
:       1            2           3         :=
1   -0.0899865    0.498336   -0.589488
2   -0.289977     1.19252    -0.0188052
3   -0.0906231    0.500546   -0.587672
4    0.109685    -0.194737   -1.15926

 [*,3,*]
:      1           2            3          :=
1   0.924865    0.211416    0.000560674
2   0.755127    0.951788   -0.703999
3   0.924325    0.213772   -0.00168178
4   1.09433    -0.527776    0.703996
;

W[i,j,k] :=
1 1 1   -0.0908572
1 1 2    0.498714
1 1 3    0.589035
2 1 1    0.803296
2 1 2    0.717922
2 1 3    0.588083
3 1 1   -0.0880113
3 1 2    0.499412
3 1 3    0.589032
4 1 1   -0.983584
4 1 2    0.279856
4 1 3    0.589986
;

W[i,j,k] :=
1 1 4    0.0173824
1 1 5   -0.00761896
1 1 6    0.00913189
2 1 4    0.0305516
2 1 5   -0.0612324
2 1 6    0.0330194
3 1 4    0.0174243
3 1 5   -0.0077896
3 1 6    0.00920791
4 1 4    0.00423428
4 1 5    0.045909
4 1 6   -0.0147175
;

W[i,j,k] :=
1 2 1   -0.0899865
1 2 2    0.498336
1 2 3   -0.589488
2 2 1   -0.289977
2 2 2    1.19252
2 2 3   -0.0188052
3 2 1   -0.0906231
3 2 2    0.500546
3 2 3   -0.587672
4 2 1    0.109685
4 2 2   -0.194737
4 2 3   -1.15926
;

W[i,j,k] :=
1 2 4   -0.0173501
1 2 5    0.00768124
1 2 6    0.00914202
2 2 4   -0.0711314
2 2 5   -0.0169767
2 2 6    0.0202888
3 2 4   -0.0175213
3 2 5    0.00760276
3 2 6    0.0091775
4 2 4    0.0363454
4 2 5    0.0322998
4 2 6   -0.00198697
;

W[i,j,k] :=
1 3 1    0.924865
1 3 2    0.211416
1 3 3    0.000560674
2 3 1    0.755127
2 3 2    0.951788
2 3 3   -0.703999
3 3 1    0.924325
3 3 2    0.213772
3 3 3   -0.00168178
4 3 1    1.09433
4 3 2   -0.527776
4 3 3    0.703996
;

W[i,j,k] :=
1 3 4   -4.67452e-06
1 3 5    1.93507e-05
1 3 6    0.000414246
2 3 4    0.00586966
2 3 5   -0.0242982
2 3 6   -0.0265545
3 3 4    1.40222e-05
3 3 5   -5.80465e-05
3 3 6    0.000328411
4 3 4   -0.00586964
4 3 5    0.0242981
4 3 6    0.02734
;

f11 = 5.15613

f12 = 7.70759

f13 = 3.39923

f21 = 7.15136

f22 = 9.94465

f23 = -3.50308

f31 = 8.87717

f32 = 11.1037

f33 = -0.471984

