solve_message = ' \
Ipopt 3.9.1: Converged to a locally infeasible point. Problem may be infeasible.'

Solve time:
_solve_time = 12.4021

Objective:
torque = 7.01708

cnh1 = 0.817648

cnh2 = -0.0971077

cnh3 = 0.93474

snh1 = -0.45984

snh2 = -0.933043

snh3 = 0.0791275

Hx = 0.0738772

Hy = -0.0258538

Hz = 0.0560529

cnf11 = 0.0476941

cnf21 = 0.456235

cnf31 = 0.418556

cnf12 = 0.0476941

cnf22 = 0.538141

cnf32 = 0.451989

cnt1 = -0.0800881

cnt2 = 0.371367

snf11 = 0.93687

snf21 = 0.955955

snf31 = 0.930881

snf12 = 0.93687

snf22 = 0.912361

snf32 = 0.909885

snt1 = 0.934658

snt2 = 0.861444

p :=
1 1   -0.0279346
1 2   -0.01928
1 3    0.0486036
2 1    0.000625216
2 2    0.0339899
2 3    0.0479566
3 1    0.0316603
3 2   -0.00145803
3 3    0.058456
;

mf :=
1 1    0.812467
1 2    0.379998
1 3    0.0207985
2 1    0.131078
2 2   -0.873904
2 3    0.019627
;

mt [*] :=
1   0.603674
2  -0.268401
3   0.335273
;

phi :=
1 1   0.0453986
1 2   0.0466394
1 3   0.0150865
2 1   0
2 2   0
2 3   0
3 1   0.0449982
3 2   0.0462745
3 3   0.0150044
4 1   0.391037
4 2   0.404017
4 3   0.0512328
;

l [*,1,*]
:      1           2           3         :=
1   0.812265    0.380456    0.0201712
2   1.06596    -0.194977    0.80862
3   0.813073    0.378625    0.0226806
4   0.558976    0.954971   -0.767019

 [*,2,*]
:       1           2           3         :=
1    0.130461   -0.873988    0.020118
2    0.906282   -0.767499   -0.596962
3    0.13293    -0.873649    0.0181539
4   -0.644123   -0.980308    0.636214

 [*,3,*]
:      1           2           3        :=
1   0.603734   -0.267809    0.335748
2   0.52789    -1.01165    -0.261581
3   0.603493   -0.270177    0.333847
4   0.679457    0.474845    0.932124
;

W[i,j,k] :=
1 1 1    0.812265
1 1 2    0.380456
1 1 3    0.0201712
2 1 1    1.06596
2 1 2   -0.194977
2 1 3    0.80862
3 1 1    0.813073
3 1 2    0.378625
3 1 3    0.0226806
4 1 1    0.558976
4 1 2    0.954971
4 1 3   -0.767019
;

W[i,j,k] :=
1 1 4   -0.0188804
1 1 5    0.0400425
1 1 6    0.00503262
2 1 4   -0.00611365
2 1 5    0.0743979
2 1 6    0.0259983
3 1 4   -0.0188398
3 1 5    0.0401518
3 1 6    0.00509935
4 1 4   -0.0316268
4 1 5    0.00574187
4 1 6   -0.0158996
;

W[i,j,k] :=
1 2 1    0.130461
1 2 2   -0.873988
1 2 3    0.020118
2 2 1    0.906282
2 2 2   -0.767499
2 2 3   -0.596962
3 2 1    0.13293
3 2 2   -0.873649
3 2 3    0.0181539
4 2 1   -0.644123
4 2 2   -0.980308
4 2 3    0.636214
;

W[i,j,k] :=
1 2 4    0.0425973
1 2 5    0.00624388
1 2 6   -0.00498078
2 2 4    0.016516
2 2 5    0.0438354
2 2 6   -0.0312843
3 2 4    0.0425143
3 2 5    0.00636353
3 2 6   -0.0050645
4 2 4    0.0686371
4 2 5   -0.0312877
4 2 6    0.0212807
;

W[i,j,k] :=
1 3 1    0.603734
1 3 2   -0.267809
1 3 3    0.335748
2 3 1    0.52789
2 3 2   -1.01165
2 3 3   -0.261581
3 3 1    0.603493
3 3 2   -0.270177
3 3 3    0.333847
4 3 1    0.679457
4 3 2    0.474845
4 3 3    0.932124
;

W[i,j,k] :=
1 3 4    0.0151655
1 3 5    0.024662
1 3 6   -0.00759865
2 3 4    0.0595184
2 3 5    0.0391401
2 3 6   -0.0312594
3 3 4    0.0153067
3 3 5    0.0247081
3 3 6   -0.00767395
4 3 4   -0.0291166
4 3 5    0.0102071
4 3 6    0.0160244
;

f11 = 12.2102

f12 = 15

f13 = 2.33289

f21 = 13.1169

f22 = 15

f23 = 1.51542

f31 = 1.59509

f32 = 5.36723

f33 = 4.00153

