solve_message = ' \
Ipopt 3.9.1: Optimal Solution Found'

Solve time:
_solve_time = 3.35402

Objective:
torque = 2.7508

cnh1 = 0.775603

cnh2 = -0.0980135

cnh3 = 0.446396

snh1 = 0.721415

snh2 = 0.932949

snh3 = 0.960589

Hx = -0.0774487

Hy = 0.0431397

Hz = 0.0317985

cnf11 = 0.938073

cnf21 = 0.803283

cnf31 = 0.614151

cnf12 = 0.938073

cnf22 = 0.76789

cnf32 = 0.597133

cnt1 = 0.426088

cnt2 = 0.405133

snf11 = 0

snf21 = 0.484497

snf31 = 0.778801

snf12 = 0

snf22 = 0.538861

snf32 = 0.791415

snt1 = 0.969767

snt2 = 0.939716

p :=
1 1   -0.0117697
1 2   -0.0245722
1 3   -0.064895
2 1    0.010969
2 2    0.0229017
2 3   -0.0632439
3 1    0.0315985
3 2   -0.00108025
3 3    0.0586033
;

mf :=
1 1   0.182153
1 2   0.00554605
1 3   0.803232
2 1   0.10042
2 2   0.0515327
2 3   0.811672
;

mt [*] :=
1  -0.810802
2   0.27232
3  -0.707776
;

phi :=
1 1   0.0656367
1 2   0.0640239
1 3   0.0930494
2 1   0.0278371
2 2   0.0277316
2 3   0.0358659
3 1   0.065481
3 2   0.0638757
3 3   0.0927912
4 1   0.135017
4 2   0.12898
4 3   0.232965
;

l [*,1,*]
:       1            2           3        :=
1    0.182522    0.00468654   0.803196
2   -0.281489    1.08489      0.849497
3    0.181045    0.00812459   0.803343
4    0.645794   -1.0738       0.756967

 [*,2,*]
:       1            2           3        :=
1    0.100798     0.0506749   0.811687
2   -0.373511     1.1287      0.792645
3    0.0992882    0.054106    0.811626
4    0.57435     -1.02563     0.830698

 [*,3,*]
:       1            2           3         :=
1   -0.810087     0.272695   -0.708297
2   -1.70909     -0.197938   -0.0533663
3   -0.812948     0.271197   -0.706213
4    0.0874824    0.742576   -1.36218
;

W[i,j,k] :=
1 1 1    0.182522
1 1 2    0.00468654
1 1 3    0.803196
2 1 1   -0.281489
2 1 2    1.08489
2 1 3    0.849497
3 1 1    0.181045
3 1 2    0.00812459
3 1 3    0.803343
4 1 1    0.645794
4 1 2   -1.0738
4 1 3    0.756967
;

W[i,j,k] :=
1 1 4   -0.0194322
1 1 5   -0.00239139
1 1 6    0.00442982
2 1 4    0.0495301
2 1 5    0.0282656
2 1 6   -0.0196857
3 1 4   -0.0192127
3 1 5   -0.00229382
3 1 6    0.00435307
4 1 4   -0.0882844
4 1 5   -0.0329995
4 1 6    0.0285069
;

W[i,j,k] :=
1 2 1    0.100798
1 2 2    0.0506749
1 2 3    0.811687
2 2 1   -0.373511
2 2 2    1.1287
2 2 3    0.792645
3 2 1    0.0992882
3 2 2    0.054106
3 2 3    0.811626
4 2 1    0.57435
4 2 2   -1.02563
4 2 3    0.830698
;

W[i,j,k] :=
1 2 4    0.0217939
1 2 5   -0.0152782
1 2 6   -0.00175259
2 2 4    0.0895363
2 2 5    0.0149278
2 2 6    0.0209347
3 2 4    0.0220095
3 2 5   -0.0151821
3 2 6   -0.00168038
4 2 4   -0.0458405
4 2 5   -0.045436
4 2 6   -0.0244037
;

W[i,j,k] :=
1 3 1   -0.810087
1 3 2    0.272695
1 3 3   -0.708297
2 3 1   -1.70909
2 3 2   -0.197938
2 3 3   -0.0533663
3 3 1   -0.812948
3 3 2    0.271197
3 3 3   -0.706213
4 3 1    0.0874824
4 3 2    0.742576
4 3 3   -1.36218
;

W[i,j,k] :=
1 3 4   -0.0152157
1 3 5   -0.0250926
1 3 6    0.00774165
2 3 4    0.0116574
2 3 5   -0.098472
2 3 6   -0.00810078
3 3 4   -0.0151301
3 3 5   -0.0253262
3 3 6    0.00769122
4 3 4   -0.0420459
4 3 5    0.0481697
4 3 6    0.0235588
;

f11 = 2.78671

f12 = 3.70283

f13 = -1.06265

f21 = -2.56456

f22 = 3.39222

f23 = 0.952688

f31 = 7.0629

f32 = 9.79497

f33 = 0.0667401

