solve_message = ' \
Ipopt 3.9.1: Converged to a locally infeasible point. Problem may be infeasible.'

Solve time:
_solve_time = 4.80483

Objective:
torque = 7.96245

cnh1 = -0.223785

cnh2 = -0.22511

cnh3 = -0.935689

snh1 = 0.911

snh2 = -0.910673

snh3 = -0.0669765

Hx = 0.0288278

Hy = -0.0731617

Hz = -0.046884

cnf11 = 0.933806

cnf21 = -0.0800879

cnf31 = 0.371367

cnf12 = 0.933806

cnf22 = 0.855796

cnf32 = 0.581908

cnt1 = 0.459833

cnt2 = 0.420098

snf11 = 0

snf21 = 0.934658

snf31 = 0.861444

snf12 = 0

snf22 = 0.62419

snf32 = 0.823801

snt1 = 0.954229

snt2 = 0.929888

p :=
1 1   -0.0047426
1 2   -0.0309194
1 3   -0.0591914
2 1    0.0219386
2 2   -0.0136412
2 3    0.0631317
3 1    0.000233711
3 2    0.0310114
3 3   -0.0596061
;

mf :=
1 1    0.176191
1 2   -0.588927
1 3   -0.412735
2 1    0.0340029
2 2    0.217549
2 3   -0.910386
;

mt [*] :=
1   0.216455
2  -0.698342
3   0.608247
;

phi :=
1 1   0.03233
1 2   0.0757892
1 3   0.084491
2 1   0.0193723
2 2   0.0119871
2 3   0.023339
3 1   0.032284
3 2   0.075475
3 3   0.0842026
4 1   0.0486037
4 2   0.280703
4 3   0.260294
;

l [*,1,*]
:       1           2           3         :=
1    0.175586   -0.588872   -0.413108
2    0.936728   -0.657759    0.0553679
3    0.178008   -0.589091   -0.411617
4   -0.584342   -0.520095   -0.880837

 [*,2,*]
:       1            2           3        :=
1    0.03333      0.217924   -0.910312
2    0.87894     -0.252563   -1.00292
3    0.0360214    0.216426   -0.910607
4   -0.810931     0.687659   -0.817848

 [*,3,*]
:       1           2            3         :=
1    0.216879   -0.697862     0.608771
2   -0.315708   -1.30098     -0.0491311
3    0.215184   -0.699781     0.606677
4    0.748616   -0.0957068    1.26562
;

W[i,j,k] :=
1 1 1    0.175586
1 1 2   -0.588872
1 1 3   -0.413108
2 1 1    0.936728
2 1 2   -0.657759
2 1 3    0.0553679
3 1 1    0.178008
3 1 2   -0.589091
3 1 3   -0.411617
4 1 1   -0.584342
4 1 2   -0.520095
4 1 3   -0.880837
;

W[i,j,k] :=
1 1 4   -0.0220831
1 1 5   -0.0123524
1 1 6    0.00822181
2 1 4   -0.0406456
2 1 5   -0.0551837
2 1 6    0.0320826
3 1 4   -0.0221422
3 1 5   -0.0124887
3 1 6    0.00829775
4 1 4   -0.0035502
4 1 5    0.0304106
4 1 6   -0.0156009
;

W[i,j,k] :=
1 2 1    0.03333
1 2 2    0.217924
1 2 3   -0.910312
2 2 1    0.87894
2 2 2   -0.252563
2 2 3   -1.00292
3 2 1    0.0360214
3 2 2    0.216426
3 2 3   -0.910607
4 2 1   -0.810931
4 2 2    0.687659
4 2 3   -0.817848
;

W[i,j,k] :=
1 2 4   -0.00134011
1 2 5    0.0220752
1 2 6    0.0052356
2 2 4    0.0296258
2 2 5    0.0774917
2 2 6    0.00644895
3 2 4   -0.00124155
3 2 5    0.0222515
3 2 6    0.00523947
4 2 4   -0.0322566
4 2 5   -0.033253
4 2 6    0.0040242
;

W[i,j,k] :=
1 3 1    0.216879
1 3 2   -0.697862
1 3 3    0.608771
2 3 1   -0.315708
2 3 2   -1.30098
2 3 3   -0.0491311
3 3 1    0.215184
3 3 2   -0.699781
3 3 3    0.606677
4 3 1    0.748616
4 3 2   -0.0957068
4 3 3    1.26562
;

W[i,j,k] :=
1 3 4   -0.022718
1 3 5   -0.0130696
1 3 6   -0.00688882
2 3 4   -0.0790698
2 3 5    0.0188296
2 3 6    0.00948647
3 3 4   -0.0228973
3 3 5   -0.0129681
3 3 6   -0.0068367
4 3 4    0.033544
4 3 5   -0.0449179
4 3 6   -0.023238
;

f11 = 13.1543

f12 = 15

f13 = -1.15069

f21 = 6.41004

f22 = 9.38123

f23 = -0.402816

f31 = 13.1671

f32 = 15

f33 = -0.990255

