solve_message = ' \
Ipopt 3.9.1: Converged to a locally infeasible point. Problem may be infeasible.'

Solve time:
_solve_time = 8.23685

Objective:
torque = 7.96941

cnh1 = -0.422891

cnh2 = -0.927581

cnh3 = -0.330208

snh1 = -0.837355

snh2 = -0.139975

snh3 = 0.878045

Hx = 0.0566769

Hy = -0.0701004

Hz = -0.0565333

cnf11 = 0.934876

cnf21 = 0.220278

cnf31 = 0.419515

cnf12 = 0.934876

cnf22 = 0.694715

cnf32 = 0.565905

cnt1 = 0.372268

cnt2 = 0.376591

snf11 = 0.0775075

snf21 = 0.911854

snf31 = 0.880129

snf12 = 0.0775075

snf22 = 0.630374

snf32 = 0.812863

snt1 = 0.991417

snt2 = 0.960385

p :=
1 1    0.00409135
1 2   -0.0316418
1 3   -0.0580232
2 1    0.0134245
2 2    0.0315145
2 3   -0.0432173
3 1   -0.03083
3 2   -0.0153456
3 3   -0.028759
;

mf :=
1 1    0.314588
1 2   -0.643915
1 3   -0.329327
2 1   -0.231856
2 2   -0.726079
2 3   -0.0989417
;

mt [*] :=
1   0.899543
2   0.297619
3  -0.146391
;

phi :=
1 1   0.0467853
1 2   0.0387412
1 3   0.048122
2 1   0
2 2   0
2 3   0
3 1   0.0465348
3 2   0.038492
3 3   0.0477745
4 1   0.20655
4 2   0.205348
4 3   0.341339
;

l [*,1,*]
:       1           2           3        :=
1    0.314251   -0.644296   -0.328825
2    0.737262   -0.165881   -0.960817
3    0.315598   -0.642773   -0.330836
4   -0.108084   -1.12195     0.302159

 [*,2,*]
:       1           2           3         :=
1   -0.232173   -0.726046   -0.0982751
2    0.165615   -0.766943   -0.936077
3   -0.230906   -0.726176   -0.100942
4   -0.629325   -0.685215    0.73819

 [*,3,*]
:      1           2           3        :=
1   0.899251    0.29833    -0.146695
2   1.26569    -0.595428    0.235161
3   0.900418    0.295485   -0.14548
4   0.533401    1.19066    -0.527942
;

W[i,j,k] :=
1 1 1    0.314251
1 1 2   -0.644296
1 1 3   -0.328825
2 1 1    0.737262
2 1 2   -0.165881
2 1 3   -0.960817
3 1 1    0.315598
3 1 2   -0.642773
3 1 3   -0.330836
4 1 1   -0.108084
4 1 2   -1.12195
4 1 3    0.302159
;

W[i,j,k] :=
1 1 4   -0.0269795
1 1 5   -0.0168885
1 1 6    0.00730743
2 1 4    0.020777
2 1 5   -0.0388473
2 1 6    0.0226496
3 1 4   -0.0268275
3 1 5   -0.0169584
3 1 6    0.00735626
4 1 4   -0.0746599
4 1 5    0.00503516
4 1 6   -0.00801026
;

W[i,j,k] :=
1 2 1   -0.232173
1 2 2   -0.726046
1 2 3   -0.0982751
2 2 1    0.165615
2 2 2   -0.766943
2 2 3   -0.936077
3 2 1   -0.230906
3 2 2   -0.726176
3 2 3   -0.100942
4 2 1   -0.629325
4 2 2   -0.685215
4 2 3    0.73819
;

W[i,j,k] :=
1 2 4   -0.0344748
1 2 5    0.0113532
1 2 6   -0.00243
2 2 4   -0.0626452
2 2 5    0.00540894
2 2 6   -0.0155151
3 2 4   -0.0345645
3 2 5    0.0113342
3 2 6   -0.00247164
4 2 4   -0.00634938
4 2 5    0.0172879
4 2 6    0.0106342
;

W[i,j,k] :=
1 3 1    0.899251
1 3 2    0.29833
1 3 3   -0.146695
2 3 1    1.26569
2 3 2   -0.595428
2 3 3    0.235161
3 3 1    0.900418
3 3 2    0.295485
3 3 3   -0.14548
4 3 1    0.533401
4 3 2    1.19066
4 3 3   -0.527942
;

W[i,j,k] :=
1 3 4    0.0108308
1 3 5   -0.0303842
1 3 6    0.00460201
2 3 4   -0.0207326
2 3 5   -0.0291499
2 3 6    0.0377797
3 3 4    0.0107303
3 3 5   -0.0303803
3 3 6    0.0047076
4 3 4    0.0423438
4 3 5   -0.0316165
4 3 6   -0.0285228
;

f11 = 11.6593

f12 = 15

f13 = -0.296913

f21 = 7.04455

f22 = 8.92718

f23 = -1.22426

f31 = 13.0751

f32 = 15

f33 = -1.84452

