solve_message = ' \
Ipopt 3.9.1: Optimal Solution Found'

Solve time:
_solve_time = 4.52403

Objective:
torque = 3.64537

cnh1 = -0.907799

cnh2 = -0.935817

cnh3 = -0.215742

snh1 = 0.236436

snh2 = 0.0651632

snh3 = 0.912938

Hx = -0.0146624

Hy = -0.071188

Hz = -0.0287658

cnf11 = 0.270757

cnf21 = 0.591394

cnf31 = 0.52744

cnf12 = 0.270757

cnf22 = 0.47109

cnf32 = 0.424862

cnt1 = 0.460049

cnt2 = 0.427243

snf11 = 0.89816

snf21 = 0.728185

snf31 = 0.83631

snf12 = 0.89816

snf22 = 0.948722

snf32 = 0.926842

snt1 = 0.943205

snt2 = 0.921995

p :=
1 1    0.0233554
1 2   -0.0161547
1 3    0.0644491
2 1    0.0186569
2 2    0.0268915
2 3   -0.0601427
3 1   -0.0243564
3 2    0.0243564
3 3   -0.00495804
;

mf :=
1 1   -0.272384
1 2   -0.0269087
1 3   -0.718703
2 1   -0.346153
2 2   -0.668623
2 3    0.522029
;

mt [*] :=
1   0.548809
2  -0.738599
3  -0.18979
;

phi :=
1 1   0.0710976
1 2   0.0484552
1 3   0.0413248
2 1   0.00876832
2 2   0
2 3   0.000380931
3 1   0.0707861
3 2   0.0481754
3 3   0.0411414
4 1   0.300045
4 2   0.26424
4 3   0.139056
;

l [*,1,*]
:       1           2            3        :=
1   -0.272786   -0.0263092   -0.718547
2    0.231984   -0.779691    -0.914332
3   -0.271179   -0.0287071   -0.71917
4   -0.77675     0.72587     -0.523075

 [*,2,*]
:       1           2           3        :=
1   -0.345643   -0.6684      0.522586
2   -0.987274   -0.948782   -0.178336
3   -0.347685   -0.669292    0.520356
4    0.294966   -0.388465    1.22239

 [*,3,*]
:       1            2           3        :=
1    0.549292    -0.738125   -0.190256
2   -0.0575118   -1.33359     0.395175
3    0.547361    -0.740021   -0.188393
4    1.15513     -0.143606   -0.774753
;

W[i,j,k] :=
1 1 1   -0.272786
1 1 2   -0.0263092
1 1 3   -0.718547
2 1 1    0.231984
2 1 2   -0.779691
2 1 3   -0.914332
3 1 1   -0.271179
3 1 2   -0.0287071
3 1 3   -0.71917
4 1 1   -0.77675
4 1 2    0.72587
4 1 3   -0.523075
;

W[i,j,k] :=
1 1 4    0.0133035
1 1 5   -0.000798851
1 1 6   -0.00502123
2 1 4    0.0650211
2 1 5    0.0363057
2 1 6   -0.0144624
3 1 4    0.0134681
3 1 5   -0.000680756
3 1 6   -0.00505127
4 1 4   -0.0383316
4 1 5   -0.0378442
4 1 6    0.00440485
;

W[i,j,k] :=
1 2 1   -0.345643
1 2 2   -0.6684
1 2 3    0.522586
2 2 1   -0.987274
2 2 2   -0.948782
2 2 3   -0.178336
3 2 1   -0.347685
3 2 2   -0.669292
3 2 3    0.520356
4 2 1    0.294966
4 2 2   -0.388465
4 2 3    1.22239
;

W[i,j,k] :=
1 2 4   -0.0261463
1 2 5    0.0110381
1 2 6   -0.00317543
2 2 4   -0.061858
2 2 5    0.0627046
2 2 6    0.00884792
3 2 4   -0.02626
3 2 5    0.0112025
3 2 6   -0.00313717
4 2 4    0.00950849
4 2 5   -0.0405461
4 2 6   -0.0151796
;

W[i,j,k] :=
1 3 1    0.549292
1 3 2   -0.738125
1 3 3   -0.190256
2 3 1   -0.0575118
2 3 2   -1.33359
2 3 3    0.395175
3 3 1    0.547361
3 3 2   -0.740021
3 3 3   -0.188393
4 3 1    1.15513
4 3 2   -0.143606
4 3 3   -0.774753
;

W[i,j,k] :=
1 3 4   -0.00829361
1 3 5   -0.00735737
1 3 6    0.00459931
2 3 4    0.00301302
2 3 5    0.00991019
2 3 6    0.0338824
3 3 4   -0.00825762
3 3 5   -0.00730241
3 3 6    0.00469251
4 3 4   -0.0195822
4 3 5   -0.0245974
4 3 6   -0.024637
;

f11 = 8.20311

f12 = 10.6881

f13 = -2.43706

f21 = 5.63313

f22 = 7.55904

f23 = 2.22641

f31 = -1.31874

f32 = 3.4815

f33 = -2.47755

