solve_message = ' \
Ipopt 3.9.1: Converged to a locally infeasible point. Problem may be infeasible.'

Solve time:
_solve_time = 2.97962

Objective:
torque = 4.32029

cnh1 = 0.0452191

cnh2 = -0.787947

cnh3 = -0.382371

snh1 = 0.936993

snh2 = -0.509058

snh3 = -0.856617

Hx = 0.078991

Hy = -0.0190082

Hz = -0.0549006

cnf11 = 0.64382

cnf21 = 0.471036

cnf31 = 0.424839

cnf12 = 0.64382

cnf22 = -0.0800879

cnf32 = 0.371367

cnt1 = 0.672584

cnt2 = 0.504533

snf11 = 0.682273

snf21 = 0.948749

snf31 = 0.926857

snf12 = 0.682273

snf22 = 0.934658

snf32 = 0.861444

snt1 = 0.81831

snt2 = 0.876953

p :=
1 1   -0.0260316
1 2   -0.0221429
1 3   -0.0450939
2 1    0.0301076
2 2    0.00785617
2 3   -0.0594519
3 1   -0.0038495
3 2    0.033142
3 3   -0.0586608
;

mf :=
1 1    0.775013
1 2    0.473083
1 3   -0.0931658
2 1    0.597433
2 2   -0.126666
2 3   -0.470766
;

mt [*] :=
1   0.264568
2  -0.823931
3   0.396456
;

phi :=
1 1   0.00934432
1 2   0.0162468
1 3   0.0869461
2 1   0
2 2   0
2 3   0.0230927
3 1   0.00908612
3 2   0.0160215
3 3   0.0868404
4 1   0.347707
4 2   0.210636
4 3   0.267657
;

l [*,1,*]
:      1           2           3         :=
1   0.774571    0.473683   -0.0934453
2   1.33089    -0.280246    0.257805
3   0.776341    0.471284   -0.0923273
4   0.21914     1.22641    -0.444136

 [*,2,*]
:       1           2           3         :=
1   0.596997    -0.126998   -0.471188
2   1.14512      0.28949     0.0584826
3   0.598741    -0.125672   -0.469502
4   0.0497448   -0.542821   -1.00001

 [*,3,*]
:       1            2           3        :=
1    0.264293    -0.823718    0.397201
2    0.609733    -1.09092    -0.539249
3    0.265392    -0.824569    0.394221
4   -0.0805965   -0.556946    1.33216
;

W[i,j,k] :=
1 1 1    0.774571
1 1 2    0.473683
1 1 3   -0.0934453
2 1 1    1.33089
2 1 2   -0.280246
2 1 3    0.257805
3 1 1    0.776341
3 1 2    0.471284
3 1 3   -0.0923273
4 1 1    0.21914
4 1 2    1.22641
4 1 3   -0.444136
;

W[i,j,k] :=
1 1 4    0.0234294
1 1 5   -0.037361
1 1 6    0.00482054
2 1 4   -0.018346
2 1 5   -0.0533039
2 1 6    0.036765
3 1 4    0.0232964
3 1 5   -0.0374117
3 1 6    0.00492221
4 1 4    0.0651381
4 1 5   -0.0214435
4 1 6   -0.027073
;

W[i,j,k] :=
1 2 1    0.596997
1 2 2   -0.126998
1 2 3   -0.471188
2 2 1    1.14512
2 2 2    0.28949
2 2 3    0.0584826
3 2 1    0.598741
3 2 2   -0.125672
3 2 3   -0.469502
4 2 1    0.0497448
4 2 2   -0.542821
4 2 3   -1.00001
;

W[i,j,k] :=
1 2 4   -0.011252
1 2 5   -0.0213063
1 2 6   -0.00851369
2 2 4    0.0176702
2 2 5   -0.0698405
2 2 6   -0.000280425
3 2 4   -0.0111599
3 2 5   -0.0214607
3 2 6   -0.00848749
4 2 4   -0.040128
4 2 5    0.0271505
4 2 6   -0.0167338
;

W[i,j,k] :=
1 3 1    0.264293
1 3 2   -0.823718
1 3 3    0.397201
2 3 1    0.609733
2 3 2   -1.09092
2 3 3   -0.539249
3 3 1    0.265392
3 3 2   -0.824569
3 3 3    0.394221
4 3 1   -0.0805965
4 3 2   -0.556946
4 3 3    1.33216
;

W[i,j,k] :=
1 3 4   -0.0351559
1 3 5   -0.0139746
1 3 6   -0.00558829
2 3 4   -0.0818659
2 3 5   -0.0378433
2 3 6   -0.0160083
3 3 4   -0.0353046
3 3 5   -0.0140506
3 3 6   -0.00562146
4 3 4    0.0114795
4 3 5    0.009856
4 3 6    0.0048151
;

f11 = 6.86757

f12 = 11.0957

f13 = 5.55829

f21 = 0.249424

f22 = 0

f23 = -0.253353

f31 = 6.37745

f32 = 11.307

f33 = -6.42421

