solve_message = ' \
Ipopt 3.9.1: Optimal Solution Found'

Solve time:
_solve_time = 22.2925

Objective:
torque = 2.77359

cnh1 = -0.298832

cnh2 = -0.137961

cnh3 = 0.884827

snh1 = 1.01617

snh2 = 0.927883

snh3 = 0.582302

Hx = -0.0336706

Hy = -0.0776055

Hz = 0.0374871

cnf11 = 0.937605

cnf21 = 0.79379

cnf31 = 0.609427

cnf12 = 0.937605

cnf22 = 0.816164

cnf32 = 0.578623

cnt1 = 0.424815

cnt2 = 0.404541

snf11 = 0

snf21 = 0.499898

snf31 = 0.782368

snf12 = 0

snf22 = 0.623624

snf32 = 0.820527

snt1 = 0.970326

snt2 = 0.940115

p :=
1 1    0.0221325
1 2   -0.0147577
1 3   -0.0639421
2 1   -0.0196008
2 2    0.0129515
2 3   -0.0635873
3 1    0.001238
3 2    0.0327229
3 3    0.0557498
;

mf :=
1 1    0.0257334
1 2    0.207201
1 3    0.796255
2 1   -0.0862542
2 2    0.104471
2 3    0.89888
;

mt [*] :=
1  -0.223791
2  -0.857526
3  -0.644425
;

phi :=
1 1   0.0667759
1 2   0.0568876
1 3   0.0930418
2 1   0.0258654
2 2   0.0201919
2 3   0.0335749
3 1   0.0666035
3 2   0.0567353
3 3   0.0927687
4 1   0.146898
4 2   0.12568
4 3   0.2475
;

l [*,1,*]
:       1            2          3        :=
1    0.0265724    0.207616   0.796162
2   -1.0278      -0.313527   0.913307
3    0.0232166    0.205957   0.796535
4    1.07926      0.727927   0.679203

 [*,2,*]
:       1            2          3        :=
1   -0.0853959    0.104969   0.898888
2   -1.16413     -0.521075   0.889634
3   -0.0888293    0.102977   0.898858
4    0.991617     0.730015   0.908126

 [*,3,*]
:       1           2            3        :=
1   -0.224273   -0.856902    -0.644975
2    0.380828   -1.64098      0.046754
3   -0.222347   -0.859397    -0.642773
4   -0.828408   -0.0740731   -1.3356
;

W[i,j,k] :=
1 1 1    0.0265724
1 1 2    0.207616
1 1 3    0.796162
2 1 1   -1.0278
2 1 2   -0.313527
2 1 3    0.913307
3 1 1    0.0232166
3 1 2    0.205957
3 1 3    0.796535
4 1 1    1.07926
4 1 2    0.727927
4 1 3    0.679203
;

W[i,j,k] :=
1 1 4    0.00152587
1 1 5   -0.0193201
1 1 6    0.00498719
2 1 4   -0.0335259
2 1 5    0.045506
2 1 6   -0.0221071
3 1 4    0.0014143
3 1 5   -0.0191138
3 1 6    0.00490096
4 1 4    0.0365217
4 1 5   -0.0840428
4 1 6    0.0320383
;

W[i,j,k] :=
1 2 1   -0.0853959
1 2 2    0.104969
1 2 3    0.898888
2 2 1   -1.16413
2 2 2   -0.521075
2 2 3    0.889634
3 2 1   -0.0888293
3 2 2    0.102977
3 2 3    0.898858
4 2 1    0.991617
4 2 2    0.730015
4 2 3    0.908126
;

W[i,j,k] :=
1 2 4    0.0183167
1 2 5    0.023049
1 2 6   -0.000951473
2 2 4   -0.0216116
2 2 5    0.0914614
2 2 6    0.0252908
3 2 4    0.0181896
3 2 5    0.0232668
3 2 6   -0.00086795
4 2 4    0.0581813
4 2 5   -0.0452542
4 2 6   -0.0271519
;

W[i,j,k] :=
1 3 1   -0.224273
1 3 2   -0.856902
1 3 3   -0.644975
2 3 1    0.380828
2 3 2   -1.64098
2 3 3    0.046754
3 3 1   -0.222347
3 3 2   -0.859397
3 3 3   -0.642773
4 3 1   -0.828408
4 3 2   -0.0740731
4 3 3   -1.3356
;

W[i,j,k] :=
1 3 4    0.0266667
1 3 5   -0.0117047
1 3 6    0.00627801
2 3 4    0.0930144
2 3 5    0.0211732
2 3 6   -0.0144933
3 3 4    0.0268778
3 3 5   -0.0116
3 3 6    0.0062119
4 3 4   -0.0395752
4 3 5   -0.0445301
4 3 6    0.0270162
;

f11 = 2.88982

f12 = 3.63042

f13 = -0.451742

f21 = -2.37544

f22 = 2.94695

f23 = 0.188039

f31 = 7.27792

f32 = 9.35201

f33 = 0.117138

