solve_message = ' \
Ipopt 3.9.1: Optimal Solution Found'

Solve time:
_solve_time = 2.52722

Objective:
torque = 5.19342

cnh1 = -0.315335

cnh2 = 0.937153

cnh3 = 0.349974

snh1 = 0.883495

snh2 = -0.0417707

snh3 = 0.870355

Hx = -0.0720284

Hy = -0.0139703

Hz = -0.0305069

cnf11 = 0.036161

cnf21 = 0.456328

cnf31 = 0.483396

cnf12 = 0.036161

cnf22 = 0.493402

cnf32 = 0.494914

cnt1 = 0.518875

cnt2 = 0.444348

snf11 = 0.937386

snf21 = 0.819613

snf31 = 0.858888

snf12 = 0.937386

snf22 = 0.797844

snf32 = 0.853463

snt1 = 0.923455

snt2 = 0.914622

p :=
1 1    0.0222459
1 2    0.0226243
1 3   -0.0583865
2 1   -0.0221515
2 2    0.00153278
2 3    0.063728
3 1    0.0248606
3 2   -0.0248606
3 3    0.00271368
;

mf :=
1 1   -0.585457
1 2   -0.255277
1 3    0.442868
2 1   -0.101395
2 2   -0.0296755
2 3   -0.768347
;

mt [*] :=
1  -0.736513
2   0.572081
3  -0.164432
;

phi :=
1 1   0.048805
1 2   0.0946827
1 3   0.0186415
2 1   0
2 2   0.0299034
2 3   0
3 1   0.0484926
3 2   0.0943742
3 3   0.0185383
4 1   0.337673
4 2   0.287752
4 3   0.0632003
;

l [*,1,*]
:       1            2            3         :=
1   -0.584968    -0.255687    0.443224
2   -1.19963      0.259825   -0.00408024
3   -0.586924    -0.254046    0.4418
4    0.0287086   -0.770377    0.889815

 [*,2,*]
:       1           2           3        :=
1   -0.101082   -0.029013   -0.768384
2   -0.494605   -0.861626   -0.722505
3   -0.102335   -0.031663   -0.768238
4    0.291813    0.802271   -0.81419

 [*,3,*]
:       1           2           3        :=
1   -0.736383   0.572462    -0.163711
2   -0.900782   0.0941826   -1.06966
3   -0.736906   0.570939    -0.166595
4   -0.572245   1.04998      0.740793
;

W[i,j,k] :=
1 1 1   -0.584968
1 1 2   -0.255687
1 1 3    0.443224
2 1 1   -1.19963
2 1 2    0.259825
2 1 3   -0.00408024
3 1 1   -0.586924
3 1 2   -0.254046
3 1 3    0.4418
4 1 1    0.0287086
4 1 2   -0.770377
4 1 3    0.889815
;

W[i,j,k] :=
1 1 4   -0.00490105
1 1 5    0.0242943
1 1 6    0.0075465
2 1 4    0.015078
2 1 5    0.0701327
2 1 6    0.0329207
3 1 4   -0.00483746
3 1 5    0.0244402
3 1 6    0.00762727
4 1 4   -0.0248482
4 1 5   -0.0214709
4 1 6   -0.0177873
;

W[i,j,k] :=
1 2 1   -0.101082
1 2 2   -0.029013
1 2 3   -0.768384
2 2 1   -0.494605
2 2 2   -0.861626
2 2 3   -0.722505
3 2 1   -0.102335
3 2 2   -0.031663
3 2 3   -0.768238
4 2 1    0.291813
4 2 2    0.802271
4 2 3   -0.81419
;

W[i,j,k] :=
1 2 4    0.000671175
1 2 5   -0.0234626
1 2 6    0.000797618
2 2 4    0.0538022
2 2 5   -0.0475247
2 2 6    0.0198444
3 2 4    0.000840279
3 2 5   -0.0235392
3 2 6    0.000858239
4 2 4   -0.0523751
4 2 5    0.000561098
4 2 6   -0.0182188
;

W[i,j,k] :=
1 3 1   -0.736383
1 3 2    0.572462
1 3 3   -0.163711
2 3 1   -0.900782
2 3 2    0.0941826
2 3 3   -1.06966
3 3 1   -0.736906
3 3 2    0.570939
3 3 3   -0.166595
4 3 1   -0.572245
4 3 2    1.04998
4 3 3    0.740793
;

W[i,j,k] :=
1 3 4    0.00251648
1 3 5    0.00207166
1 3 6   -0.00407517
2 3 4    0.0263368
2 3 5    0.024148
2 3 6   -0.0200525
3 3 4    0.0025923
3 3 5    0.00214192
3 3 6   -0.00412602
4 3 4   -0.0212658
4 3 5   -0.0199694
4 3 6    0.0118767
;

f11 = 6.19626

f12 = 8.42299

f13 = 2.67063

f21 = 6.18422

f22 = 10.7897

f23 = -5.64674

f31 = 5.10318

f32 = 6.45162

f33 = -0.846517

