solve_message = ' \
Ipopt 3.9.1: Converged to a locally infeasible point. Problem may be infeasible.'

Solve time:
_solve_time = 5.02323

Objective:
torque = 1.70525

cnh1 = -0.0834081

cnh2 = 0.714134

cnh3 = -0.364914

snh1 = 0.934368

snh2 = 0.608286

snh3 = -0.864198

Hx = 0.079473

Hy = -0.00860246

Hz = 0.0747369

cnf11 = 0.898372

cnf21 = 0.927631

cnf31 = 0.705898

cnf12 = 0.898372

cnf22 = 0.984327

cnf32 = 0.652477

cnt1 = -0.0800879

cnt2 = 0.371367

snf11 = 0.270051

snf21 = 0.139648

snf31 = 0.698428

snf12 = 0.270051

snf22 = 0.391281

snf32 = 0.767298

snt1 = 0.934658

snt2 = 0.861444

p :=
1 1    0.00877315
1 2    0.033308
1 3    0.0228096
2 1    0.0240995
2 2    0.0211798
2 3   -0.0576219
3 1    0.0225125
3 2   -0.0247658
3 3    0.05249
;

mf :=
1 1   -0.322158
1 2   -0.696095
1 3    0.138283
2 1   -0.320783
2 2   -0.57564
2 3    0.631541
;

mt [*] :=
1  0.642139
2  0.418914
3  0.0484016
;

phi :=
1 1   0.069048
1 2   0.044719
1 3   0.115129
2 1   0.0292283
2 2   0.012768
2 3   0.0570359
3 1   0.0689019
3 2   0.0446006
3 3   0.114883
4 1   0.134271
4 2   0.0925914
4 3   0.230873
;

l [*,1,*]
:       1           2           3        :=
1   -0.3228     -0.695822    0.138482
2    0.482864   -1.03889    -0.111732
3   -0.320235   -0.696914    0.137686
4   -1.12718    -0.353298    0.388297

 [*,2,*]
:       1           2          3        :=
1   -0.321511   -0.575338   0.631466
2    0.592699   -0.954954   0.725216
3   -0.318601   -0.576546   0.631765
4   -1.23426    -0.196328   0.537866

 [*,3,*]
:      1          2           3         :=
1   0.642213   0.418926    0.0476387
2   0.549611   0.404011    1.00639
3   0.641918   0.418879    0.0506902
4   0.734667   0.433817   -0.909582
;

W[i,j,k] :=
1 1 1   -0.3228
1 1 2   -0.695822
1 1 3    0.138482
2 1 1    0.482864
2 1 2   -1.03889
2 1 3   -0.111732
3 1 1   -0.320235
3 1 2   -0.696914
3 1 3    0.137686
4 1 1   -1.12718
4 1 2   -0.353298
4 1 3    0.388297
;

W[i,j,k] :=
1 1 4    0.020484
1 1 5   -0.00857785
1 1 6    0.00464726
2 1 4    0.0199751
2 1 5    0.0119942
2 1 6   -0.0251976
3 1 4    0.0204824
3 1 5   -0.00851237
3 1 6    0.00455227
4 1 4    0.020992
4 1 5   -0.029117
4 1 6    0.0344445
;

W[i,j,k] :=
1 2 1   -0.321511
1 2 2   -0.575338
1 2 3    0.631466
2 2 1    0.592699
2 2 2   -0.954954
2 2 3    0.725216
3 2 1   -0.318601
3 2 2   -0.576546
3 2 3    0.631765
4 2 1   -1.23426
4 2 2   -0.196328
4 2 3    0.537866
;

W[i,j,k] :=
1 2 4   -0.0197778
1 2 5    0.00330802
1 2 6   -0.00705584
2 2 4   -0.0396663
2 2 5   -0.0516298
2 2 6   -0.0355672
3 2 4   -0.0198411
3 2 5    0.00313317
3 2 6   -0.00714659
4 2 4    7.91044e-05
4 2 5    0.0581582
4 2 6    0.02141
;

W[i,j,k] :=
1 3 1    0.642213
1 3 2    0.418926
1 3 3    0.0476387
2 3 1    0.549611
2 3 2    0.404011
2 3 3    1.00639
3 3 1    0.641918
3 3 2    0.418879
3 3 3    0.0506902
4 3 1    0.734667
4 3 2    0.433817
4 3 3   -0.909582
;

W[i,j,k] :=
1 3 4   -0.0231692
1 3 5    0.0326373
1 3 6    0.025336
2 3 4   -0.0461306
2 3 5    0.00619275
2 3 6    0.0227069
3 3 4   -0.0232423
3 3 5    0.0325531
3 3 6    0.0253276
4 3 4   -0.000244502
4 3 5    0.0590396
4 3 6    0.0279609
;

f11 = -1.42153

f12 = 2.61029

f13 = -1.56368

f21 = 0.275962

f22 = 0

f23 = 0.224154

f31 = 6.37289

f32 = 9.29195

f33 = -3.8424

