solve_message = ' \
Ipopt 3.9.1: Optimal Solution Found'

Solve time:
_solve_time = 45.9891

Objective:
torque = 4.90784

cnh1 = 0.24983

cnh2 = -0.927753

cnh3 = 0.417406

snh1 = -0.904204

snh2 = 0.138835

snh3 = -0.840103

Hx = -0.0654486

Hy = -0.0103566

Hz = 0.0482169

cnf11 = 0.208546

cnf21 = 0.624644

cnf31 = 0.53927

cnf12 = 0.208546

cnf22 = 0.335352

cnf32 = 0.44854

cnt1 = 0.451405

cnt2 = 0.416469

snf11 = 0.914609

snf21 = 0.699871

snf31 = 0.829452

snf12 = 0.914609

snf22 = 0.876093

snf32 = 0.872766

snt1 = 0.958245

snt2 = 0.932231

p :=
1 1   -0.0296521
1 2   -0.00216723
1 3   -0.0637011
2 1    0.0240775
2 2    0.0221814
2 3    0.0557799
3 1    0.0249731
3 2   -0.0249734
3 3    0.0124758
;

mf :=
1 1    0.139935
1 2   -0.0232476
1 3    0.758667
2 1   -0.660722
2 2   -0.348207
2 3   -0.231063
;

mt [*] :=
1  -0.736017
2   0.576715
3   0.159301
;

phi :=
1 1   0.0677601
1 2   0.0613869
1 3   0.0344633
2 1   0.0057279
2 2   0.00184205
2 3   0.00165204
3 1   0.0674474
3 2   0.0610871
3 3   0.0343253
4 1   0.304809
4 2   0.287716
4 3   0.0983735
;

l [*,1,*]
:       1           2           3        :=
1    0.140522   -0.0236718   0.758539
2   -0.59765     0.509423    0.919955
3    0.138173   -0.0219751   0.759053
4    0.877516   -0.555916    0.597381

 [*,2,*]
:       1           2           3        :=
1   -0.660671   -0.347821   -0.231684
2   -0.724865   -0.833171    0.549011
3   -0.660875   -0.349366   -0.229199
4   -0.596579    0.136755   -1.01113

 [*,3,*]
:       1            2           3        :=
1   -0.735495     0.577307    0.159533
2   -1.3916      -0.16771    -0.131885
3   -0.737583     0.574936    0.158605
4   -0.0804331    1.32114     0.450485
;

W[i,j,k] :=
1 1 1    0.140522
1 1 2   -0.0236718
1 1 3    0.758539
2 1 1   -0.59765
2 1 2    0.509423
2 1 3    0.919955
3 1 1    0.138173
3 1 2   -0.0219751
3 1 3    0.759053
4 1 1    0.877516
4 1 2   -0.555916
4 1 3    0.597381
;

W[i,j,k] :=
1 1 4   -0.00315185
1 1 5    0.0135409
1 1 6    0.00100646
2 1 4    0.0304571
2 1 5    0.0653495
2 1 6   -0.0164007
3 1 4   -0.00304488
3 1 5    0.0137058
3 1 6    0.000951059
4 1 4   -0.0367072
4 1 5   -0.0381852
4 1 6    0.0183859
;

W[i,j,k] :=
1 2 1   -0.660671
1 2 2   -0.347821
1 2 3   -0.231684
2 2 1   -0.724865
2 2 2   -0.833171
2 2 3    0.549011
3 2 1   -0.660875
3 2 2   -0.349366
3 2 3   -0.229199
4 2 1   -0.596579
4 2 2    0.136755
4 2 3   -1.01113
;

W[i,j,k] :=
1 2 4    0.0142623
1 2 5   -0.0312737
1 2 6    0.0062799
2 2 4    0.0586519
2 2 5   -0.0536517
2 2 6   -0.00398222
3 2 4    0.0144036
3 2 5   -0.031345
3 2 6    0.00624724
4 2 4   -0.0300565
4 2 5   -0.00893149
4 2 6    0.0165257
;

W[i,j,k] :=
1 3 1   -0.735495
1 3 2    0.577307
1 3 3    0.159533
2 3 1   -1.3916
2 3 2   -0.16771
2 3 3   -0.131885
3 3 1   -0.737583
3 3 2    0.574936
3 3 3    0.158605
4 3 1   -0.0804331
4 3 2    1.32114
4 3 3    0.450485
;

W[i,j,k] :=
1 3 4   -0.0111865
1 3 5   -0.0131599
1 3 6   -0.00395063
2 3 4    0.00538594
2 3 5   -0.0140678
2 3 6   -0.0389413
3 3 4   -0.0111337
3 3 5   -0.0131628
3 3 6   -0.00406199
4 3 4   -0.0277324
4 3 5   -0.0122535
4 3 6    0.0309842
;

f11 = 4.36361

f12 = 7.56102

f13 = 4.20321

f21 = 7.07541

f22 = 9.13717

f23 = -1.86834

f31 = 5.99011

f32 = 7.50198

f33 = -0.507526

