solve_message = ' \
Ipopt 3.9.1: Optimal Solution Found'

Solve time:
_solve_time = 3.74402

Objective:
torque = 3.64537

cnh1 = -0.236454

cnh2 = -0.935816

cnh3 = -0.215739

snh1 = -0.907794

snh2 = 0.0651733

snh3 = 0.912938

Hx = 0.0711873

Hy = -0.014663

Hz = -0.0287659

cnf11 = 0.270735

cnf21 = 0.591394

cnf31 = 0.52744

cnf12 = 0.270735

cnf22 = 0.471083

cnf32 = 0.424859

cnt1 = 0.460045

cnt2 = 0.427254

snf11 = 0.898166

snf21 = 0.728185

snf31 = 0.83631

snf12 = 0.898166

snf22 = 0.948726

snf32 = 0.926844

snt1 = 0.943188

snt2 = 0.921983

p :=
1 1    0.0161545
1 2    0.0233557
1 3    0.064449
2 1   -0.0268914
2 2    0.018657
2 3   -0.0601427
3 1   -0.0243564
3 2   -0.0243564
3 3   -0.00495826
;

mf :=
1 1    0.0269061
1 2   -0.272376
1 3   -0.718706
2 1    0.668628
2 2   -0.346146
2 3    0.522029
;

mt [*] :=
1   0.738584
2   0.548794
3  -0.18979
;

phi :=
1 1   0.0713881
1 2   0.0482706
1 3   0.0413224
2 1   0.0090086
2 2   0
2 3   0.000380842
3 1   0.0710765
3 2   0.0479906
3 3   0.0411392
4 1   0.299857
4 2   0.264718
4 3   0.138523
;

l [*,1,*]
:       1            2           3        :=
1    0.0263066   -0.272778   -0.71855
2    0.779702     0.231975   -0.914325
3    0.0287045   -0.271171   -0.719173
4   -0.725887    -0.776725   -0.523087

 [*,2,*]
:      1           2           3        :=
1   0.668405   -0.345636    0.522587
2   0.948768   -0.987292   -0.17832
3   0.669297   -0.347678    0.520356
4   0.388489    0.294997    1.22238

 [*,3,*]
:      1           2            3        :=
1   0.73811     0.549277    -0.190256
2   1.33357    -0.0575109    0.395182
3   0.740005    0.547345    -0.188393
4   0.143602    1.1551      -0.77476
;

W[i,j,k] :=
1 1 1    0.0263066
1 1 2   -0.272778
1 1 3   -0.71855
2 1 1    0.779702
2 1 2    0.231975
2 1 3   -0.914325
3 1 1    0.0287045
3 1 2   -0.271171
3 1 3   -0.719173
4 1 1   -0.725887
4 1 2   -0.776725
4 1 3   -0.523087
;

W[i,j,k] :=
1 1 4    0.00079805
1 1 5    0.0133032
1 1 6   -0.00502099
2 1 4   -0.0363052
2 1 5    0.0650215
2 1 6   -0.014463
3 1 4    0.000679959
3 1 5    0.0134678
3 1 6   -0.00505104
4 1 4    0.0378421
4 1 5   -0.0383325
4 1 6    0.00440599
;

W[i,j,k] :=
1 2 1    0.668405
1 2 2   -0.345636
1 2 3    0.522587
2 2 1    0.948768
2 2 2   -0.987292
2 2 3   -0.17832
3 2 1    0.669297
3 2 2   -0.347678
3 2 3    0.520356
4 2 1    0.388489
4 2 2    0.294997
4 2 3    1.22238
;

W[i,j,k] :=
1 2 4   -0.0110376
1 2 5   -0.0261466
1 2 6   -0.00317579
2 2 4   -0.0627053
2 2 5   -0.0618567
2 2 6    0.00884853
3 2 4   -0.011202
3 2 5   -0.0262602
3 2 6   -0.00313752
4 2 4    0.0405478
4 2 5    0.00950663
4 2 6   -0.0151809
;

W[i,j,k] :=
1 3 1    0.73811
1 3 2    0.549277
1 3 3   -0.190256
2 3 1    1.33357
2 3 2   -0.0575109
2 3 3    0.395182
3 3 1    0.740005
3 3 2    0.547345
3 3 3   -0.188393
4 3 1    0.143602
4 3 2    1.1551
4 3 3   -0.77476
;

W[i,j,k] :=
1 3 4    0.00735741
1 3 5   -0.0082937
1 3 6    0.00459931
2 3 4   -0.00991037
2 3 5    0.00301303
2 3 6    0.0338817
3 3 4    0.00730245
3 3 5   -0.00825771
3 3 6    0.00469251
4 3 4    0.0245976
4 3 5   -0.0195824
4 3 6   -0.0246364
;

f11 = 8.20305

f12 = 10.6879

f13 = -2.43669

f21 = 5.63315

f22 = 7.55892

f23 = 2.2261

f31 = -1.31875

f32 = 3.48157

f33 = -2.4776

