solve_message = ' \
Ipopt 3.9.1: Optimal Solution Found'

Solve time:
_solve_time = 6.87964

Objective:
torque = 3.59843

cnh1 = 0.54035

cnh2 = -0.892545

cnh3 = -0.27778

snh1 = 0.766826

snh2 = -0.288727

snh3 = 0.896012

Hx = -0.0536462

Hy = 0.0282483

Hz = -0.0215294

cnf11 = 0.838404

cnf21 = 0.54695

cnf31 = 0.512288

cnf12 = 0.838404

cnf22 = 0.245273

cnf32 = 0.390231

cnt1 = 0.357757

cnt2 = 0.45468

snf11 = 0.420807

snf21 = 0.762132

snf31 = 0.844621

snf12 = 0.420807

snf22 = 0.964689

snf32 = 0.918166

snt1 = 0.867185

snt2 = 0.870643

p :=
1 1   -0.0138698
1 2   -0.0302974
1 3    0.0587783
2 1    0.00921402
2 2   -0.0331895
2 3   -0.020206
3 1    0.0323164
3 2    0.014711
3 3   -0.00935134
;

mf :=
1 1    0.105409
1 2    0.517774
1 3   -0.583327
2 1   -0.352316
2 2    0.767386
2 3   -0.13904
;

mt [*] :=
1  -0.773045
2  -0.232689
3   0.0569143
;

phi :=
1 1   0.0366555
1 2   0.013189
1 3   0.0770472
2 1   0
2 2   0
2 3   0.00999292
3 1   0.0363726
3 2   0.0129871
3 3   0.0767043
4 1   0.291401
4 2   0.157562
4 3   0.352383
;

l [*,1,*]
:       1          2           3        :=
1    0.105997   0.518013   -0.582976
2   -0.632479   0.217619   -1.02333
3    0.103647   0.517057   -0.584378
4    0.843295   0.817927   -0.143326

 [*,2,*]
:       1           2           3        :=
1   -0.352016    0.767589   -0.138393
2   -0.728502    0.512144   -0.951674
3   -0.353214    0.766776   -0.140981
4    0.0238687   1.02263     0.673591

 [*,3,*]
:       1           2           3         :=
1   -0.772852   -0.233359    0.0566253
2   -1.01549     0.609066    0.419892
3   -0.773624   -0.230678    0.0577815
4   -0.530606   -1.07444    -0.306062
;

W[i,j,k] :=
1 1 1    0.105997
1 1 2    0.518013
1 1 3   -0.582976
2 1 1   -0.632479
2 1 2    0.217619
2 1 3   -1.02333
3 1 1    0.103647
3 1 2    0.517057
3 1 3   -0.584378
4 1 1    0.843295
4 1 2    0.817927
4 1 3   -0.143326
;

W[i,j,k] :=
1 1 4   -0.0127853
1 1 5   -0.00185544
1 1 6   -0.0039733
2 1 4    0.0182129
2 1 5   -0.0513694
2 1 6   -0.0221808
3 1 4   -0.0126866
3 1 5   -0.00201303
3 1 6   -0.00403125
4 1 4   -0.043734
4 1 5    0.0475796
4 1 6    0.0142052
;

W[i,j,k] :=
1 2 1   -0.352016
1 2 2    0.767589
1 2 3   -0.138393
2 2 1   -0.728502
2 2 2    0.512144
2 2 3   -0.951674
3 2 1   -0.353214
3 2 2    0.766776
3 2 3   -0.140981
4 2 1    0.0238687
4 2 2    1.02263
4 2 3    0.673591
;

W[i,j,k] :=
1 2 4    0.0201031
1 2 5    0.008388
1 2 6   -0.00461067
2 2 4    0.041934
2 2 5    0.0234888
2 2 6   -0.0194597
3 2 4    0.0201726
3 2 5    0.00843606
3 2 6   -0.00465793
4 2 4   -0.00169294
4 2 5   -0.00668877
4 2 6    0.0102147
;

W[i,j,k] :=
1 3 1   -0.772852
1 3 2   -0.233359
1 3 3    0.0566253
2 3 1   -1.01549
2 3 2    0.609066
2 3 3    0.419892
3 3 1   -0.773624
3 3 2   -0.230678
3 3 3    0.0577815
4 3 1   -0.530606
4 3 2   -1.07444
4 3 3   -0.306062
;

W[i,j,k] :=
1 3 4   -0.00134921
1 3 5    0.00539728
1 3 6    0.0038281
2 3 4    0.0118726
2 3 5   -0.00407326
2 3 6    0.0346216
3 3 4   -0.00130712
3 3 5    0.00536714
3 3 6    0.00392611
4 3 4   -0.0145499
4 3 5    0.0148527
4 3 6   -0.0269163
;

f11 = 7.89224

f12 = 10.1537

f13 = -1.9532

f21 = 0.349939

f22 = 0

f23 = 0.0627903

f31 = 4.75998

f32 = 10.5189

f33 = -6.94819

