solve_message = ' \
Ipopt 3.9.1: Converged to a locally infeasible point. Problem may be infeasible.'

Solve time:
_solve_time = 5.99044

Objective:
torque = 6.14223

cnh1 = 0.778253

cnh2 = 0.932545

cnh3 = -0.0996747

snh1 = 0.523758

snh2 = -0.101786

snh3 = 0.932773

Hx = -0.0377304

Hy = 0.0478371

Hz = 0.0384645

cnf11 = 0.932614

cnf21 = 0.357431

cnf31 = 0.454589

cnf12 = 0.932614

cnf22 = -0.0800878

cnf32 = 0.371367

cnt1 = 0.482478

cnt2 = 0.429601

snf11 = 0.101169

snf21 = 0.86732

snf31 = 0.870675

snf12 = 0.101169

snf22 = 0.934658

snf32 = 0.861444

snt1 = 0.94298

snt2 = 0.92384

p :=
1 1    0.0344044
1 2    0.00167769
1 3    0.0083458
2 1   -0.024912
2 2   -0.0223546
2 3    0.0524741
3 1   -0.0151363
3 2   -0.0309393
3 3    0.0243173
;

mf :=
1 1   -0.77328
1 2    0.0966464
1 3    0.0502034
2 1   -0.602108
2 2    0.478542
2 3    0.0267303
;

mt [*] :=
1  0.287917
2  0.893984
3  0.148313
;

phi :=
1 1   0.0676657
1 2   0.0173725
1 3   0.0417375
2 1   0
2 2   0
2 3   0
3 1   0.0672166
3 2   0.0171632
3 3   0.0412519
4 1   0.306532
4 2   0.128196
4 3   0.369317
;

l [*,1,*]
:       1           2            3         :=
1   -0.773347    0.0961899    0.0496356
2   -0.688945    0.669988     0.763174
3   -0.773078    0.0980161    0.0519067
4   -0.857614   -0.476693    -0.662765

 [*,2,*]
:       1          2           3         :=
1   -0.60232    0.478286    0.0261062
2   -0.336864   0.800008    0.810343
3   -0.601475   0.47931     0.0286023
4   -0.867352   0.157077   -0.75688

 [*,3,*]
:       1          2           3        :=
1    0.28848    0.893719    0.14886
2   -0.418105   1.22692    -0.538359
3    0.286231   0.89478     0.146673
4    0.993937   0.561052    0.834982
;

W[i,j,k] :=
1 1 1   -0.773347
1 1 2    0.0961899
1 1 3    0.0496356
2 1 1   -0.688945
2 1 2    0.669988
2 1 3    0.763174
3 1 1   -0.773078
3 1 2    0.0980161
3 1 3    0.0519067
4 1 1   -0.857614
4 1 2   -0.476693
4 1 3   -0.662765
;

W[i,j,k] :=
1 1 4   -0.000719509
1 1 5   -0.00816188
1 1 6    0.00460678
2 1 4   -0.00431122
2 1 5   -0.0320063
2 1 6    0.0242064
3 1 4   -0.00073094
3 1 5   -0.00823777
3 1 6    0.00466916
4 1 4    0.00286648
4 1 5    0.0156445
4 1 6   -0.0149615
;

W[i,j,k] :=
1 2 1   -0.60232
1 2 2    0.478286
1 2 3    0.0261062
2 2 1   -0.336864
2 2 2    0.800008
2 2 3    0.810343
3 2 1   -0.601475
3 2 2    0.47931
3 2 3    0.0286023
4 2 1   -0.867352
4 2 2    0.157077
4 2 3   -0.75688
;

W[i,j,k] :=
1 2 4   -0.0256812
1 2 5   -0.0309558
1 2 6   -0.0253796
2 2 4   -0.0600945
2 2 5    0.00251063
2 2 6   -0.0274602
3 2 4   -0.0257907
3 2 5   -0.0308493
3 2 6   -0.0253863
4 2 4    0.00867723
4 2 5   -0.0643689
4 2 6   -0.0233024
;

W[i,j,k] :=
1 3 1    0.28848
1 3 2    0.893719
1 3 3    0.14886
2 3 1   -0.418105
2 3 2    1.22692
2 3 3   -0.538359
3 3 1    0.286231
3 3 2    0.89478
3 3 3    0.146673
4 3 1    0.993937
4 3 2    0.561052
4 3 3    0.834982
;

W[i,j,k] :=
1 3 4   -0.0263384
1 3 5    0.00926823
1 3 6   -0.00460229
2 3 4   -0.0131788
2 3 5   -0.018316
2 3 6   -0.0315069
3 3 4   -0.0262965
3 3 5    0.00918043
3 3 6   -0.00468792
4 3 4   -0.039477
4 3 5    0.0368084
4 3 6    0.0222594
;

f11 = 12.9893

f12 = 15

f13 = -0.895158

f21 = 2.56118

f22 = 3.22992

f23 = -0.486829

f31 = 10.2192

f32 = 13.229

f33 = -2.77369

