solve_message = ' \
Ipopt 3.9.1: Optimal Solution Found'

Solve time:
_solve_time = 1.91881

Objective:
torque = 2.618

cnh1 = -0.735147

cnh2 = -0.109902

cnh3 = -0.694285

snh1 = -0.762547

snh2 = -0.931636

snh3 = -0.799924

Hx = -0.0176053

Hy = 0.0842887

Hz = -0.036972

cnf11 = 0.938001

cnf21 = 0.803236

cnf31 = 0.614124

cnf12 = 0.938001

cnf22 = 0.8018

cnf32 = 0.599733

cnt1 = 0.427474

cnt2 = 0.40578

snf11 = 0

snf21 = 0.484586

snf31 = 0.778822

snf12 = 0

snf22 = 0.54038

snf32 = 0.794551

snt1 = 0.969151

snt2 = 0.939278

p :=
1 1    0.0269677
1 2    0.00630792
1 3    0.0624542
2 1   -0.0233505
2 2   -0.0030845
2 3    0.0635845
3 1   -0.00623883
3 2   -0.0319343
3 3   -0.060502
;

mf :=
1 1   -0.0412026
1 2   -0.197163
1 3   -0.798973
2 1   -0.0796349
2 2   -0.131986
2 3   -0.83488
;

mt [*] :=
1  -0.0348706
2   0.863348
3   0.684221
;

phi :=
1 1   0.0653544
1 2   0.0634123
1 3   0.0951347
2 1   0.0282132
2 2   0.0273204
2 3   0.0381449
3 1   0.0652021
3 2   0.063265
3 3   0.0948788
4 1   0.132638
4 2   0.127918
4 3   0.231793
;

l [*,1,*]
:       1            2           3        :=
1   -0.0404746   -0.197758   -0.798908
2   -0.955467     0.549877   -0.880351
3   -0.0433868   -0.195378   -0.799167
4    0.873059    -0.9442     -0.717595

 [*,2,*]
:       1            2           3        :=
1   -0.0789066   -0.132612   -0.834865
2   -0.994281     0.653631   -0.853666
3   -0.08182     -0.130109   -0.834925
4    0.835008    -0.917601   -0.816095

 [*,3,*]
:       1           2           3        :=
1   -0.0354508   0.862803   0.684753
2    0.693829    1.54776    0.0162012
3   -0.0331297   0.864983   0.682625
4   -0.763568    0.17894    1.35224
;

W[i,j,k] :=
1 1 1   -0.0404746
1 1 2   -0.197758
1 1 3   -0.798908
2 1 1   -0.955467
2 1 2    0.549877
2 1 3   -0.880351
3 1 1   -0.0433868
3 1 2   -0.195378
3 1 3   -0.799167
4 1 1    0.873059
4 1 2   -0.9442
4 1 3   -0.717595
;

W[i,j,k] :=
1 1 4    0.00731136
1 1 5    0.0190169
1 1 6   -0.00507777
2 1 4   -0.0398953
2 1 5   -0.0359319
2 1 6    0.0208559
3 1 4    0.00716111
3 1 5    0.018842
3 1 6   -0.00499523
4 1 4    0.0544427
4 1 5    0.0738781
4 1 6   -0.0309701
;

W[i,j,k] :=
1 2 1   -0.0789066
1 2 2   -0.132612
1 2 3   -0.834865
2 2 1   -0.994281
2 2 2    0.653631
2 2 3   -0.853666
3 2 1   -0.08182
3 2 2   -0.130109
3 2 3   -0.834925
4 2 1    0.835008
4 2 2   -0.917601
4 2 3   -0.816095
;

W[i,j,k] :=
1 2 4    0.0110072
1 2 5   -0.0245117
1 2 6    0.00285316
2 2 4   -0.0389277
2 2 5   -0.0831544
2 2 6   -0.0183295
3 2 4    0.0108483
3 2 5   -0.0246984
3 2 6    0.00278574
4 2 4    0.0608625
4 2 5    0.0340374
4 2 6    0.024002
;

W[i,j,k] :=
1 3 1   -0.0354508
1 3 2    0.862803
1 3 3    0.684753
2 3 1    0.693829
2 3 2    1.54776
2 3 3    0.0162012
3 3 1   -0.0331297
3 3 2    0.864983
3 3 3    0.682625
4 3 1   -0.763568
4 3 2    0.17894
4 3 3    1.35224
;

W[i,j,k] :=
1 3 4    0.0303342
1 3 5    0.0064169
1 3 6   -0.00651498
2 3 4    0.0931251
2 3 5   -0.041877
2 3 6    0.0125007
3 3 4    0.030534
3 3 5    0.0062632
3 3 6   -0.00645446
4 3 4   -0.0323565
4 3 5    0.0546337
4 3 6   -0.0255004
;

f11 = -2.62101

f12 = 5.08956

f13 = -3.13495

f21 = 2.10921

f22 = 2.72857

f23 = 0.66022

f31 = 7.29476

f32 = 9.56551

f33 = -2.33703

