solve_message = ' \
Ipopt 3.9.1: Converged to a locally infeasible point. Problem may be infeasible.'

Solve time:
_solve_time = 23.915

Objective:
torque = 4.19138

cnh1 = -0.798972

cnh2 = 0.0736746

cnh3 = -0.935172

snh1 = -0.491573

snh2 = -0.935186

snh3 = -0.0738448

Hx = 0.0649833

Hy = 0.0628915

Hz = -0.0350998

cnf11 = 0.932738

cnf21 = -0.0800879

cnf31 = 0.371367

cnf12 = 0.932738

cnf22 = 0.926795

cnf32 = 0.618017

cnt1 = 0.607614

cnt2 = 0.533154

snf11 = 0

snf21 = 0.934658

snf31 = 0.861444

snf12 = 0

snf22 = 0.511199

snf32 = 0.795886

snt1 = 0.714706

snt2 = 0.833037

p :=
1 1    0.030941
1 2    0.00975951
1 3   -0.0566921
2 1   -0.00855637
2 2    0.0236268
2 3    0.063328
3 1    0.00709005
3 2    0.0196362
3 3   -0.0638228
;

mf :=
1 1    0.582666
1 2    0.397749
1 3   -0.184916
2 1   -0.106313
2 2    0.0296127
2 3   -0.931002
;

mt [*] :=
1  0.12758
2  0.100571
3  0.84841
;

phi :=
1 1   0.0501421
1 2   0.0884235
1 3   0.102038
2 1   0.0425588
2 2   0.0514837
2 3   0.0773783
3 1   0.0501125
3 2   0.0883039
3 3   0.101946
4 1   0.06182
4 2   0.126682
4 3   0.154145
;

l [*,1,*]
:      1           2           3        :=
1   0.582907    0.397216   -0.18533
2   0.279501    1.0667      0.333788
3   0.581941    0.399347   -0.183677
4   0.885829   -0.271201   -0.703619

 [*,2,*]
:       1            2           3        :=
1   -0.106448     0.028852   -0.931012
2    0.0635711    0.984944   -0.91803
3   -0.105907     0.031895   -0.930971
4   -0.276197    -0.925715   -0.943973

 [*,3,*]
:       1           2          3        :=
1    0.126868    0.100742   0.84853
2    1.02245    -0.115134   0.698599
3    0.129718    0.100055   0.848052
4   -0.767289    0.316274   0.998221
;

W[i,j,k] :=
1 1 1    0.582907
1 1 2    0.397216
1 1 3   -0.18533
2 1 1    0.279501
2 1 2    1.0667
2 1 3    0.333788
3 1 1    0.581941
3 1 2    0.399347
3 1 3   -0.183677
4 1 1    0.885829
4 1 2   -0.271201
4 1 3   -0.703619
;

W[i,j,k] :=
1 1 4    0.0207103
1 1 5   -0.0273119
1 1 6    0.0066014
2 1 4    0.0637312
2 1 5   -0.0261732
2 1 6    0.0302771
3 1 4    0.0208472
3 1 5   -0.0273083
3 1 6    0.00667675
4 1 4   -0.0222419
4 1 5   -0.0284488
4 1 6   -0.0170365
;

W[i,j,k] :=
1 2 1   -0.106448
1 2 2    0.028852
1 2 3   -0.931012
2 2 1    0.0635711
2 2 2    0.984944
2 2 3   -0.91803
3 2 1   -0.105907
3 2 2    0.031895
3 2 3   -0.930971
4 2 1   -0.276197
4 2 2   -0.925715
4 2 3   -0.943973
;

W[i,j,k] :=
1 2 4   -0.023824
1 2 5   -0.0147072
1 2 6    0.00226817
2 2 4   -0.0840646
2 2 5   -0.00382917
2 2 6   -0.00992952
3 2 4   -0.0240157
3 2 5   -0.0146726
3 2 6    0.00222934
4 2 4    0.0363206
4 2 5   -0.0255679
4 2 6    0.0144464
;

W[i,j,k] :=
1 3 1    0.126868
1 3 2    0.100742
1 3 3    0.84853
2 3 1    1.02245
2 3 2   -0.115134
2 3 3    0.698599
3 3 1    0.129718
3 3 2    0.100055
3 3 3    0.848052
4 3 1   -0.767289
4 3 2    0.316274
4 3 3    0.998221
;

W[i,j,k] :=
1 3 4    0.0230916
1 3 5   -0.0141132
1 3 6   -0.00177693
2 3 4    0.00636969
2 3 5   -0.0702089
2 3 6   -0.0208934
3 3 4    0.0230384
3 3 5   -0.0142917
3 3 6   -0.00183778
4 3 4    0.0397868
4 3 5    0.0418931
4 3 6    0.0173091
;

f11 = 4.65614

f12 = 7.90164

f13 = -0.488342

f21 = 3.22826

f22 = 4.97348

f23 = -0.05583

f31 = 7.92894

f32 = 10.0326

f33 = -0.231147

