solve_message = ' \
Ipopt 3.9.1: Optimal Solution Found'

Solve time:
_solve_time = 2.58962

Objective:
torque = 2.86462

cnh1 = 0.567798

cnh2 = 0.085533

cnh3 = -0.571311

snh1 = -0.894206

snh2 = 0.934176

snh3 = 0.891969

Hx = 0.0857254

Hy = 0.00799786

Hz = 0.0343927

cnf11 = 0.938036

cnf21 = 0.788405

cnf31 = 0.606804

cnf12 = 0.938036

cnf22 = 0.798263

cnf32 = 0.611637

cnt1 = 0.413943

cnt2 = 0.399375

snf11 = 0

snf21 = 0.508348

snf31 = 0.784327

snf12 = 0

snf22 = 0.492724

snf32 = 0.780706

snt1 = 0.975013

snt2 = 0.943643

p :=
1 1    5.48663e-05
1 2    0.0236471
1 3   -0.0642977
2 1   -0.000414763
2 2   -0.0277948
2 3   -0.0624032
3 1   -0.0306896
3 2    0.00738973
3 3    0.0591053
;

mf :=
1 1   -0.129611
1 2    0.0734785
1 3    0.807618
2 1   -0.156446
2 2    0.0540203
2 3    0.805799
;

mt [*] :=
1   0.868586
2  -0.0376081
3  -0.691785
;

phi :=
1 1   0.062549
1 2   0.0672373
1 3   0.0929807
2 1   0.0265998
2 2   0.0293432
2 3   0.0357186
3 1   0.0624022
3 2   0.0670815
3 3   0.0927219
4 1   0.126867
4 2   0.13638
4 3   0.233441
;

l [*,1,*]
:       1           2           3        :=
1   -0.130236    0.0740958   0.807493
2    0.654902   -0.701646    0.963947
3   -0.127737    0.0716268   0.807991
4   -0.914122    0.8486      0.651289

 [*,2,*]
:       1           2           3        :=
1   -0.157069    0.0546386   0.805672
2    0.625887   -0.72241     0.964844
3   -0.154577    0.0521654   0.806179
4   -0.938776    0.830447    0.646755

 [*,3,*]
:      1           2            3        :=
1   0.868039   -0.0383407   -0.69221
2   1.55627     0.882396    -0.158273
3   0.870229   -0.0354102   -0.69051
4   0.180905   -0.957608    -1.22529
;

W[i,j,k] :=
1 1 1   -0.130236
1 1 2    0.0740958
1 1 3    0.807493
2 1 1    0.654902
2 1 2   -0.701646
2 1 3    0.963947
3 1 1   -0.127737
3 1 2    0.0716268
3 1 3    0.807991
4 1 1   -0.914122
4 1 2    0.8486
4 1 3    0.651289
;

W[i,j,k] :=
1 1 4    0.0238591
1 1 5    0.00832958
1 1 6    0.00308379
2 1 4   -0.0223196
2 1 5   -0.0421616
2 1 6   -0.015525
3 1 4    0.0237121
3 1 5    0.00816888
3 1 6    0.00302456
4 1 4    0.0699641
4 1 5    0.0587402
4 1 6    0.0216629
;

W[i,j,k] :=
1 2 1   -0.157069
1 2 2    0.0546386
1 2 3    0.805672
2 2 1    0.625887
2 2 2   -0.72241
2 2 3    0.964844
3 2 1   -0.154577
3 2 2    0.0521654
3 2 3    0.806179
4 2 1   -0.938776
4 2 2    0.830447
4 2 3    0.646755
;

W[i,j,k] :=
1 2 4   -0.0189839
1 2 5    0.0101357
1 2 6   -0.00438837
2 2 4   -0.0718983
2 2 5   -0.0386571
2 2 6    0.0176958
3 2 4   -0.0191523
3 2 5    0.00998044
3 2 6   -0.00431808
4 2 4    0.0338461
4 2 5    0.0588507
4 2 6   -0.0264373
;

W[i,j,k] :=
1 3 1    0.868039
1 3 2   -0.0383407
1 3 3   -0.69221
2 3 1    1.55627
2 3 2    0.882396
2 3 3   -0.158273
3 3 1    0.870229
3 3 2   -0.0354102
3 3 3   -0.69051
4 3 1    0.180905
4 3 2   -0.957608
4 3 3   -1.22529
;

W[i,j,k] :=
1 3 4   -0.00284907
1 3 5    0.0300621
1 3 6   -0.00523788
2 3 4   -0.0533238
2 3 5    0.0871265
2 3 6   -0.0385807
3 3 4   -0.00300972
3 3 5    0.0302437
3 3 6   -0.005344
4 3 4    0.0475451
4 3 5   -0.0269114
4 3 6    0.0280518
;

f11 = 2.8915

f12 = 4.09978

f13 = -1.58633

f21 = -2.85651

f22 = 3.82392

f23 = 1.14833

f31 = 7.92976

f32 = 9.90677

f33 = -0.226185

