solve_message = ' \
Ipopt 3.9.1: Optimal Solution Found'

Solve time:
_solve_time = 5.85004

Objective:
torque = 4.04513

cnh1 = 0.901123

cnh2 = -0.938083

cnh3 = 0.305928

snh1 = -0.260725

snh2 = -0.000825145

snh3 = 0.886796

Hx = 0.0146962

Hy = 0.068241

Hz = 0.0323506

cnf11 = 0.333061

cnf21 = 0.42186

cnf31 = 0.473043

cnf12 = 0.333061

cnf22 = 0.567891

cnf32 = 0.519339

cnt1 = 0.449648

cnt2 = 0.432169

snf11 = 0.876966

snf21 = 0.837875

snf31 = 0.863438

snf12 = 0.876966

snf22 = 0.746659

snf32 = 0.840821

snt1 = 0.933143

snt2 = 0.914441

p :=
1 1   -0.0251857
1 2   -0.0213264
1 3    0.0595626
2 1   -0.0193982
2 2    0.021128
2 3   -0.0643137
3 1    0.0243564
3 2   -0.0243564
3 3    0.0025582
;

mf :=
1 1    0.388157
1 2    0.540669
1 3   -0.404746
2 1    0.260628
2 2   -0.0138306
2 3    0.726537
;

mt [*] :=
1  -0.535966
2   0.725756
3   0.18979
;

phi :=
1 1   0.0623947
1 2   0.0702511
1 3   0.0341678
2 1   0.00483268
2 2   0.0115016
2 3   0
3 1   0.0621114
3 2   0.069966
3 3   0.0339529
4 1   0.259466
4 2   0.25922
4 3   0.170064
;

l [*,1,*]
:       1           2           3        :=
1    0.388618    0.54014    -0.404952
2   -0.190074    1.20471    -0.145321
3    0.386776    0.542255   -0.404126
4    0.966386   -0.123375   -0.66417

 [*,2,*]
:       1           2           3        :=
1    0.260056   -0.0142615   0.726711
2    0.978464    0.527311    0.508752
3    0.262343   -0.0125378   0.726017
4   -0.457206   -0.55497     0.944321

 [*,3,*]
:        1           2           3        :=
1   -0.536391     0.72562     0.189112
2   -0.00281037   0.896749    1.04185
3   -0.534693     0.726165    0.191826
4   -1.06912      0.554764   -0.66227
;

W[i,j,k] :=
1 1 1    0.388618
1 1 2    0.54014
1 1 3   -0.404952
2 1 1   -0.190074
2 1 2    1.20471
2 1 3   -0.145321
3 1 1    0.386776
3 1 2    0.542255
3 1 3   -0.404126
4 1 1    0.966386
4 1 2   -0.123375
4 1 3   -0.66417
;

W[i,j,k] :=
1 1 4   -0.023536
1 1 5    0.012948
1 1 6   -0.00531601
2 1 4   -0.0686568
2 1 5   -0.0149813
2 1 6   -0.0343952
3 1 4   -0.0236796
3 1 5    0.0128592
3 1 6   -0.00540856
4 1 4    0.0215128
4 1 5    0.0408329
4 1 6    0.0237168
;

W[i,j,k] :=
1 2 1    0.260056
1 2 2   -0.0142615
1 2 3    0.726711
2 2 1    0.978464
2 2 2    0.527311
2 2 3    0.508752
3 2 1    0.262343
3 2 2   -0.0125378
3 2 3    0.726017
4 2 1   -0.457206
4 2 2   -0.55497
4 2 3    0.944321
;

W[i,j,k] :=
1 2 4    0.0144367
1 2 5   -0.00262827
1 2 6   -0.00521781
2 2 4    0.0446622
2 2 5   -0.0530597
2 2 6   -0.0309019
3 2 4    0.0145329
3 2 5   -0.00278878
3 2 6   -0.00529956
4 2 4   -0.0157406
4 2 5    0.0477227
4 2 6    0.0204253
;

W[i,j,k] :=
1 3 1   -0.536391
1 3 2    0.72562
1 3 3    0.189112
2 3 1   -0.00281037
2 3 2    0.896749
2 3 3    1.04185
3 3 1   -0.534693
3 3 2    0.726165
3 3 3    0.191826
4 3 1   -1.06912
4 3 2    0.554764
4 3 3   -0.66227
;

W[i,j,k] :=
1 3 4   -0.00646236
1 3 5   -0.00597828
1 3 6    0.00460895
2 3 4   -0.0276699
2 3 5   -0.025383
2 3 6    0.0217731
3 3 4   -0.00652986
3 3 5   -0.00604004
3 3 6    0.00466358
4 3 4    0.0147113
4 3 5    0.0133955
4 3 6   -0.0125279
;

f11 = 8.96658

f12 = 12.0616

f13 = -3.58185

f21 = 7.24149

f22 = 11.1221

f23 = 5.18167

f31 = -1.88262

f32 = 2.54732

f33 = -0.853601

