solve_message = ' \
Ipopt 3.9.1: Optimal Solution Found'

Solve time:
_solve_time = 72.3065

Objective:
torque = 5.76077

cnh1 = -0.373548

cnh2 = -0.938083

cnh3 = 8.13326e-07

snh1 = -0.860501

snh2 = -1.76444e-07

snh3 = -0.938083

Hx = -0.062434

Hy = 0.0387474

Hz = 8.0505e-08

cnf11 = 0.404317

cnf21 = 0.459714

cnf31 = 0.484432

cnf12 = 0.404317

cnf22 = 0.459714

cnf32 = 0.484432

cnt1 = 0.500495

cnt2 = 0.436964

snf11 = 0.84648

snf21 = 0.817718

snf31 = 0.858415

snf12 = 0.84648

snf22 = 0.817719

snf32 = 0.858415

snt1 = 0.933544

snt2 = 0.91922

p :=
1 1    0.0212759
1 2    0.022187
1 3   -0.0599836
2 1    0.021276
2 2    0.0221869
2 3    0.0599836
3 1    0.00833761
3 2   -0.0345145
3 3   -8.9755e-09
;

mf :=
1 1   -0.498888
1 2   -0.0901462
1 3    0.589035
2 1   -0.498889
2 2   -0.0901454
2 3   -0.589034
;

mt [*] :=
1  -0.212005
2   0.92473
3   6.40125e-07
;

phi :=
1 1   0.0578382
1 2   0.0580582
1 3   0.0362831
2 1   0.000327208
2 2   0.000834953
2 3   0
3 1   0.0575507
3 2   0.0577732
3 3   0.0360472
4 1   0.269056
4 2   0.264683
4 3   0.198867
;

l [*,1,*]
:       1           2           3        :=
1   -0.498714   -0.0908577   0.589036
2   -0.717922    0.803296    0.588084
3   -0.499412   -0.0880118   0.589033
4   -0.279856   -0.983585    0.589986

 [*,2,*]
:       1           2            3         :=
1   -0.498337   -0.0899863   -0.589488
2   -1.19252    -0.289977    -0.0188041
3   -0.500547   -0.0906228   -0.587672
4    0.194736    0.109686    -1.15926

 [*,3,*]
:       1          2            3          :=
1   -0.211416   0.924865    0.000561254
2   -0.951789   0.755127   -0.703998
3   -0.213772   0.924325   -0.0016812
4    0.527776   1.09433     0.703997
;

W[i,j,k] :=
1 1 1   -0.498714
1 1 2   -0.0908577
1 1 3    0.589036
2 1 1   -0.717922
2 1 2    0.803296
2 1 3    0.588084
3 1 1   -0.499412
3 1 2   -0.0880118
3 1 3    0.589033
4 1 1   -0.279856
4 1 2   -0.983585
4 1 3    0.589986
;

W[i,j,k] :=
1 1 4    0.00761895
1 1 5    0.0173824
1 1 6    0.00913188
2 1 4    0.0612324
2 1 5    0.0305515
2 1 6    0.0330194
3 1 4    0.00778959
3 1 5    0.0174243
3 1 6    0.0092079
4 1 4   -0.045909
4 1 5    0.00423429
4 1 6   -0.0147175
;

W[i,j,k] :=
1 2 1   -0.498337
1 2 2   -0.0899863
1 2 3   -0.589488
2 2 1   -1.19252
2 2 2   -0.289977
2 2 3   -0.0188041
3 2 1   -0.500547
3 2 2   -0.0906228
3 2 3   -0.587672
4 2 1    0.194736
4 2 2    0.109686
4 2 3   -1.15926
;

W[i,j,k] :=
1 2 4   -0.00768121
1 2 5   -0.0173501
1 2 6    0.00914201
2 2 4    0.0169767
2 2 5   -0.0711315
2 2 6    0.0202887
3 2 4   -0.00760273
3 2 5   -0.0175213
3 2 6    0.00917749
4 2 4   -0.0322998
4 2 5    0.0363454
4 2 6   -0.00198692
;

W[i,j,k] :=
1 3 1   -0.211416
1 3 2    0.924865
1 3 3    0.000561254
2 3 1   -0.951789
2 3 2    0.755127
2 3 3   -0.703998
3 3 1   -0.213772
3 3 2    0.924325
3 3 3   -0.0016812
4 3 1    0.527776
4 3 2    1.09433
4 3 3    0.703997
;

W[i,j,k] :=
1 3 4   -1.93631e-05
1 3 5   -4.67763e-06
1 3 6    0.000414249
2 3 4    0.0242981
2 3 5    0.00586967
2 3 6   -0.0265545
3 3 4    5.8034e-05
3 3 5    1.40191e-05
3 3 6    0.000328414
4 3 4   -0.0242981
4 3 5   -0.00586965
4 3 6    0.02734
;

f11 = 5.15615

f12 = 7.70762

f13 = 3.39923

f21 = 7.15137

f22 = 9.9447

f23 = -3.50312

f31 = 8.87721

f32 = 11.1037

f33 = -0.471994

