solve_message = ' \
Ipopt 3.9.1: Maximum Number of Iterations Exceeded.'

Solve time:
_solve_time = 115.144

Objective:
torque = 7.2122

cnh1 = -0.557851

cnh2 = 0.915288

cnh3 = 0.33829

snh1 = -0.857966

snh2 = -0.253083

snh3 = -0.998058

Hx = -0.0786286

Hy = 0.0394525

Hz = -0.0268585

cnf11 = 0.830579

cnf21 = 0.525936

cnf31 = 0.499318

cnf12 = 0.830642

cnf22 = 0.45778

cnf32 = 0.423516

cnt1 = 0.405703

cnt2 = 0.411971

snf11 = 0.469071

snf21 = 0.790178

snf31 = 0.855255

snf12 = 0.471676

snf22 = 0.945818

snf32 = 0.925619

snt1 = 0.963921

snt2 = 0.928529

p :=
1 1   -0.0204279
1 2   -0.0269456
1 3    0.0628117
2 1    0.00766098
2 2   -0.0347583
2 3   -0.0238993
3 1    0.0326032
3 2    0.01211
3 3   -0.0021653
;

mf :=
1 1    0.0434685
1 2    0.59211
1 3   -0.68185
2 1   -0.330224
2 2    1.02879
2 3   -0.0364234
;

mt [*] :=
1  -1.06157
2  -0.26021
3  -0.0347897
;

phi :=
1 1   0.0646403
1 2   0.0359944
1 3   0.0372368
2 1   0.0256908
2 2   0
2 3   0
3 1   0.0645038
3 2   0.0357105
3 3   0.036799
4 1   0.225592
4 2   0.224841
4 3   0.406567
;

l [*,1,*]
:       1           2           3        :=
1    0.048461    0.588423   -0.671505
2   -0.819391    0.19583    -1.18272
3    0.0456968   0.587175   -0.673133
4    0.917447    0.979022   -0.159296

 [*,2,*]
:       1          2          3         :=
1   -0.32516    1.02043   -0.0304727
2   -0.821016   0.90653   -1.05333
3   -0.326741   1.02007   -0.0337297
4    0.172682   1.13251    0.992879

 [*,3,*]
:       1           2           3         :=
1   -1.05257    -0.257116   -0.0303776
2   -1.43696     0.827786    0.359868
3   -1.0538     -0.253662   -0.0291373
4   -0.664259   -1.34304    -0.416627
;

W[i,j,k] :=
1 1 1    0.0497138
1 1 2    0.587955
1 1 3   -0.670155
2 1 1   -0.81938
2 1 2    0.196639
2 1 3   -1.18239
3 1 1    0.0469435
3 1 2    0.586712
3 1 3   -0.671788
4 1 1    0.922626
4 1 2    0.975854
4 1 3   -0.154928
;

W[i,j,k] :=
1 1 4   -0.0184242
1 1 5   -0.0108357
1 1 6   -0.0107295
2 1 4    0.0179421
2 1 5   -0.0754581
2 1 6   -0.0267145
3 1 4   -0.0183087
3 1 5   -0.0110413
3 1 6   -0.0107806
4 1 4   -0.0543575
4 1 5    0.0536214
4 1 6    0.00555902
;

W[i,j,k] :=
1 2 1   -0.324952
1 2 2    1.02014
1 2 3   -0.0300432
2 2 1   -0.822199
2 2 2    0.906568
2 2 3   -1.05358
3 2 1   -0.326538
3 2 2    1.01978
3 2 3   -0.0333039
4 2 1    0.177209
4 2 2    1.13025
4 2 3    0.996249
;

W[i,j,k] :=
1 2 4    0.0257259
1 2 5    0.00791669
1 2 6   -0.00342642
2 2 4    0.058275
2 2 5    0.0278119
2 2 6   -0.0216254
3 2 4    0.0258293
3 2 5    0.00798026
3 2 6   -0.00348458
4 2 4   -0.00650911
4 2 5   -0.0122962
4 2 6    0.0150827
;

W[i,j,k] :=
1 3 1   -1.05157
1 3 2   -0.25748
1 3 3   -0.029475
2 3 1   -1.43716
2 3 2    0.828154
2 3 3    0.359681
3 3 1   -1.0528
3 3 2   -0.254022
3 3 3   -0.0282401
4 3 1   -0.657345
4 3 2   -1.34686
4 3 3   -0.41108
;

W[i,j,k] :=
1 3 4   -0.000778719
1 3 5    0.00339686
1 3 6    0.00454787
2 3 4    0.00626059
2 3 5   -0.00843595
2 3 6    0.0442028
3 3 4   -0.000756646
3 3 5    0.00335949
3 3 6    0.00467393
4 3 4   -0.00718692
4 3 5    0.0146724
4 3 6   -0.0347677
;

f11 = 9.50589

f12 = 15

f13 = -1.77184

f21 = 6.69124

f22 = 8.32897

f23 = 0.590953

f31 = 10.7438

f32 = 15

f33 = -2.21697

