solve_message = ' \
Ipopt 3.9.1: Maximum Number of Iterations Exceeded.'

Solve time:
_solve_time = 69.6388

Objective:
torque = 4.73218

cnh1 = -0.605182

cnh2 = -0.97707

cnh3 = 0.0226792

snh1 = 0.728682

snh2 = -0.00881036

snh3 = -0.941616

Hx = 0.0805971

Hy = -0.109532

Hz = 0.0105291

cnf11 = -0.0137653

cnf21 = 0.769985

cnf31 = 0.595771

cnf12 = -0.0137913

cnf22 = 0.734966

cnf32 = 0.548851

cnt1 = -0.810361

cnt2 = 0.00461559

snf11 = 0.979348

snf21 = 0.548142

snf31 = 0.793531

snf12 = 0.97941

snf22 = 0.704921

snf32 = 0.839245

snt1 = 0.61409

snt2 = 0.997403

p :=
1 1   -0.00863782
1 2   -0.0259282
1 3   -0.0646071
2 1   -0.0106024
2 2   -0.0245894
2 3    0.0648302
3 1    0.00230555
3 2   -0.0350806
3 3    0.0113258
;

mf :=
1 1   -0.023673
1 2   -0.0133826
1 3    0.857952
2 1    0.159459
2 2    0.122974
2 3   -0.90262
;

mt [*] :=
1  -0.0643584
2  16.4994
3   0.00610372
;

phi :=
1 1   0.107457
1 2   0.0884441
1 3   0.040698
2 1   0.107493
2 2   0.0359308
2 3   0.0382015
3 1   0.107402
3 2   0.0882143
3 3   0.0406854
4 1   0.136774
4 2   0.203416
4 3   0.0475149
;

l [*,1,*]
:       1            2           3        :=
1   -0.0244365   -0.0134154   0.856719
2    0.96796     -0.14853     0.896251
3   -0.0212779   -0.0138454   0.856845
4   -1.01525      0.121454    0.817249

 [*,2,*]
:       1           2           3        :=
1   0.159396     0.122159   -0.902516
2   0.236984     1.13702    -0.773189
3   0.159643     0.125389   -0.902104
4   0.0819191   -0.891117   -1.03163

 [*,3,*]
:       1           2            3         :=
1   -0.0638984   0.899697    0.00669657
2   -0.791551    0.878979   -0.753364
3   -0.0662144   0.899632    0.00427747
4    0.662593    0.920379    0.765545
;

W[i,j,k] :=
1 1 1   -0.0244823
1 1 2   -0.0135743
1 1 3    0.856745
2 1 1    0.967791
2 1 2   -0.148845
2 1 3    0.896297
3 1 1   -0.021324
3 1 2   -0.0140047
3 1 3    0.856871
4 1 1   -1.01519
4 1 2    0.121411
4 1 3    0.817253
;

W[i,j,k] :=
1 1 4   -0.0230599
1 1 5    0.00861205
1 1 6   -4.11284e-05
2 1 4   -0.0328329
2 1 5   -0.0543492
2 1 6    0.0257378
3 1 4   -0.023091
3 1 5    0.00841166
3 1 6    4.09211e-05
4 1 4   -0.0133043
4 1 5    0.0714722
4 1 6   -0.0257795
;

W[i,j,k] :=
1 2 1    0.159396
1 2 2    0.122021
1 2 3   -0.902578
2 2 1    0.237059
2 2 2    1.13684
2 2 3   -0.773246
3 2 1    0.159643
3 2 2    0.125251
3 2 3   -0.902166
4 2 1    0.081829
4 2 2   -0.891287
4 2 3   -1.0317
;

W[i,j,k] :=
1 2 4    0.013918
1 2 5    0.00173549
1 2 6    0.0033224
2 2 4   -0.05471
2 2 5    0.00730399
2 2 6   -0.00589224
3 2 4    0.0136996
3 2 5    0.00175322
3 2 6    0.00329308
4 2 4    0.0824374
4 2 5   -0.00382635
4 2 6    0.0125213
;

W[i,j,k] :=
1 3 1   -0.0640384
1 3 2    0.899637
1 3 3    0.00672259
2 3 1   -0.791646
2 3 2    0.87881
2 3 3   -0.753175
3 3 1   -0.0663542
3 3 2    0.89957
3 3 3    0.004304
4 3 1    0.662406
4 3 2    0.920421
4 3 3    0.765408
;

W[i,j,k] :=
1 3 4   -0.0102336
1 3 5   -0.00118736
1 3 6    0.000414924
2 3 4    0.0166143
2 3 5   -0.00791913
2 3 6   -0.0250772
3 3 4   -0.0101481
3 3 5   -0.00120878
3 3 6    0.000333788
4 3 4   -0.0370386
4 3 5    0.00553355
4 3 6    0.0258663
;

f11 = 2.74501

f12 = 14.6565

f13 = -0.986825

f21 = 3.08247

f22 = 11.7204

f23 = 1.73251

f31 = 1.39795

f32 = 4.55027

f33 = 1.27407

