solve_message = ' \
Ipopt 3.9.1: Optimal Solution Found'

Solve time:
_solve_time = 2.29321

Objective:
torque = 3.64537

cnh1 = 0.907782

cnh2 = -0.935815

cnh3 = -0.215733

snh1 = -0.236498

snh2 = 0.0651972

snh3 = 0.91294

Hx = 0.0146642

Hy = 0.0711857

Hz = -0.0287662

cnf11 = 0.270684

cnf21 = 0.591395

cnf31 = 0.52744

cnf12 = 0.270684

cnf22 = 0.471067

cnf32 = 0.424852

cnt1 = 0.460038

cnt2 = 0.427278

snf11 = 0.898182

snf21 = 0.728184

snf31 = 0.83631

snf12 = 0.898182

snf22 = 0.948734

snf32 = 0.926849

snt1 = 0.943148

snt2 = 0.921955

p :=
1 1   -0.0233563
1 2    0.0161541
1 3    0.0644489
2 1   -0.0186572
2 2   -0.0268913
2 3   -0.0601426
3 1    0.0243564
3 2   -0.0243564
3 3   -0.00495878
;

mf :=
1 1    0.272357
1 2    0.0268998
1 3   -0.718713
2 1    0.34613
2 2    0.668639
2 3    0.52203
;

mt [*] :=
1  -0.548758
2   0.738548
3  -0.18979
;

phi :=
1 1   0.0714271
1 2   0.0482326
1 3   0.0413269
2 1   0.00904258
2 2   0
2 3   0.000420904
3 1   0.0711155
3 2   0.0479526
3 3   0.0411438
4 1   0.299886
4 2   0.264765
4 3   0.138406
;

l [*,1,*]
:       1           2            3        :=
1    0.272759    0.0263003   -0.718557
2   -0.231953    0.779729    -0.914309
3    0.271152    0.0286983   -0.71918
4    0.776665   -0.725927    -0.523117

 [*,2,*]
:       1          2           3        :=
1    0.345619   0.668416    0.522588
2    0.987333   0.948734   -0.178281
3    0.347661   0.669308    0.520357
4   -0.295072   0.388545    1.22234

 [*,3,*]
:       1           2           3        :=
1   -0.549241    0.738074   -0.190256
2    0.0575091   1.33351     0.395197
3   -0.54731     0.739969   -0.188393
4   -1.15502     0.143592   -0.774775
;

W[i,j,k] :=
1 1 1    0.272759
1 1 2    0.0263003
1 1 3   -0.718557
2 1 1   -0.231953
2 1 2    0.779729
2 1 3   -0.914309
3 1 1    0.271152
3 1 2    0.0286983
3 1 3   -0.71918
4 1 1    0.776665
4 1 2   -0.725927
4 1 3   -0.523117
;

W[i,j,k] :=
1 1 4   -0.0133027
1 1 5    0.000796147
1 1 6   -0.00502044
2 1 4   -0.0650225
2 1 5   -0.036304
2 1 6   -0.0144646
3 1 4   -0.0134673
3 1 5    0.000678066
3 1 6   -0.0050505
4 1 4    0.0383347
4 1 5    0.0378371
4 1 6    0.00440866
;

W[i,j,k] :=
1 2 1    0.345619
1 2 2    0.668416
1 2 3    0.522588
2 2 1    0.987333
2 2 2    0.948734
2 2 3   -0.178281
3 2 1    0.347661
3 2 2    0.669308
3 2 3    0.520357
4 2 1   -0.295072
4 2 2    0.388545
4 2 3    1.22234
;

W[i,j,k] :=
1 2 4    0.0261472
1 2 5   -0.0110364
1 2 6   -0.00317664
2 2 4    0.0618535
2 2 5   -0.062707
2 2 6    0.00884994
3 2 4    0.0262608
3 2 5   -0.0112008
3 2 6   -0.00313836
4 2 4   -0.00950219
4 2 5    0.0405518
4 2 6   -0.015184
;

W[i,j,k] :=
1 3 1   -0.549241
1 3 2    0.738074
1 3 3   -0.190256
2 3 1    0.0575091
2 3 2    1.33351
2 3 3    0.395197
3 3 1   -0.54731
3 3 2    0.739969
3 3 3   -0.188393
4 3 1   -1.15502
4 3 2    0.143592
4 3 3   -0.774775
;

W[i,j,k] :=
1 3 4    0.0082939
1 3 5    0.00735752
1 3 6    0.00459931
2 3 4   -0.00301302
2 3 5   -0.00991077
2 3 6    0.0338801
3 3 4    0.00825791
3 3 5    0.00730256
3 3 6    0.00469251
4 3 4    0.0195828
4 3 5    0.0245983
4 3 6   -0.0246348
;

f11 = 8.2029

f12 = 10.6874

f13 = -2.43579

f21 = 5.6332

f22 = 7.55864

f23 = 2.22537

f31 = -1.31879

f32 = 3.48173

f33 = -2.47773

