solve_message = ' \
Ipopt 3.9.1: Optimal Solution Found'

Solve time:
_solve_time = 2.94842

Objective:
torque = 2.61766

cnh1 = -0.762295

cnh2 = 0.109905

cnh3 = 0.694239

snh1 = 0.735452

snh2 = -0.931625

snh3 = 0.800008

Hx = -0.0842972

Hy = -0.0175838

Hz = -0.0369835

cnf11 = 0.937992

cnf21 = 0.803303

cnf31 = 0.61416

cnf12 = 0.937992

cnf22 = 0.801874

cnf32 = 0.599754

cnt1 = 0.427429

cnt2 = 0.405755

snf11 = 0

snf21 = 0.484466

snf31 = 0.778794

snf12 = 0

snf22 = 0.540324

snf32 = 0.794541

snt1 = 0.969176

snt2 = 0.939297

p :=
1 1   -0.00630893
1 2    0.0269684
1 3    0.0624526
2 1    0.00307749
2 2   -0.0233509
2 3    0.0635808
3 1    0.0319341
3 2   -0.00624923
3 3   -0.060507
;

mf :=
1 1    0.197344
1 2   -0.041227
1 3   -0.798919
2 1    0.132087
2 2   -0.079682
2 3   -0.834877
;

mt [*] :=
1  -0.863477
2  -0.0346375
3   0.684165
;

phi :=
1 1   0.0653377
1 2   0.0634318
1 3   0.0951399
2 1   0.0282059
2 2   0.0273352
2 3   0.0381517
3 1   0.0651854
3 2   0.0632845
3 3   0.094884
4 1   0.132595
4 2   0.127945
4 3   0.231781
;

l [*,1,*]
:       1           2            3        :=
1    0.197939   -0.0404991   -0.798855
2   -0.549975   -0.955325    -0.880417
3    0.195559   -0.0434108   -0.799114
4    0.94466     0.872867    -0.717422

 [*,2,*]
:       1           2            3        :=
1    0.132712   -0.0789538   -0.834862
2   -0.653865   -0.994156    -0.853722
3    0.130209   -0.0818667   -0.834922
4    0.918035    0.834788    -0.816033

 [*,3,*]
:       1           2            3        :=
1   -0.862932   -0.0352179   0.684697
2   -1.54767     0.694287    0.0160953
3   -0.865111   -0.0328961   0.682569
4   -0.179282   -0.763559    1.35223
;

W[i,j,k] :=
1 1 1    0.197939
1 1 2   -0.0404991
1 1 3   -0.798855
2 1 1   -0.549975
2 1 2   -0.955325
2 1 3   -0.880417
3 1 1    0.195559
3 1 2   -0.0434108
3 1 3   -0.799114
4 1 1    0.94466
4 1 2    0.872867
4 1 3   -0.717422
;

W[i,j,k] :=
1 1 4   -0.0190146
1 1 5    0.00732193
1 1 6   -0.00508261
2 1 4    0.0359191
2 1 5   -0.0399019
2 1 6    0.020859
3 1 4   -0.0188397
3 1 5    0.00717163
3 1 6   -0.00500005
4 1 4   -0.0738606
4 1 5    0.0544704
4 1 6   -0.0309829
;

W[i,j,k] :=
1 2 1    0.132712
1 2 2   -0.0789538
1 2 3   -0.834862
2 2 1   -0.653865
2 2 2   -0.994156
2 2 3   -0.853722
3 2 1    0.130209
3 2 2   -0.0818667
3 2 3   -0.834922
4 2 1    0.918035
4 2 2    0.834788
4 2 3   -0.816033
;

W[i,j,k] :=
1 2 4    0.0245147
1 2 5    0.0110073
1 2 6    0.00285596
2 2 4    0.0831444
2 2 5   -0.0389459
2 2 6   -0.0183278
3 2 4    0.0247013
3 2 5    0.0108483
3 2 6    0.00278854
4 2 4   -0.0340214
4 2 5    0.0608808
4 2 6    0.0240059
;

W[i,j,k] :=
1 3 1   -0.862932
1 3 2   -0.0352179
1 3 3    0.684697
2 3 1   -1.54767
2 3 2    0.694287
2 3 3    0.0160953
3 3 1   -0.865111
3 3 2   -0.0328961
3 3 3    0.682569
4 3 1   -0.179282
4 3 2   -0.763559
4 3 3    1.35223
;

W[i,j,k] :=
1 3 4   -0.0064098
1 3 5    0.0303483
1 3 6   -0.00651728
2 3 4    0.0419086
2 3 5    0.0931312
2 3 6    0.0124996
3 3 4   -0.00625601
3 3 5    0.0305481
3 3 6   -0.00645675
4 3 4   -0.0546511
4 3 5   -0.0323345
4 3 6   -0.0255038
;

f11 = -2.62206

f12 = 5.09103

f13 = -3.13568

f21 = 2.10823

f22 = 2.72746

f23 = 0.660563

f31 = 7.29422

f32 = 9.56471

f33 = -2.33736

