solve_message = ' \
Ipopt 3.9.1: Optimal Solution Found'

Solve time:
_solve_time = 5.24163

Objective:
torque = 3.64537

cnh1 = -0.907859

cnh2 = -0.935826

cnh3 = -0.215774

snh1 = 0.236203

snh2 = 0.0650384

snh3 = 0.91293

Hx = -0.0146557

Hy = -0.0711962

Hz = -0.0287638

cnf11 = 0.271025

cnf21 = 0.59139

cnf31 = 0.527438

cnf12 = 0.271025

cnf22 = 0.471176

cnf32 = 0.424898

cnt1 = 0.460087

cnt2 = 0.427116

snf11 = 0.898079

snf21 = 0.728188

snf31 = 0.836311

snf12 = 0.898079

snf22 = 0.948679

snf32 = 0.926819

snt1 = 0.943418

snt2 = 0.922145

p :=
1 1    0.0233519
1 2   -0.0161563
1 3    0.0644499
2 1    0.0186553
2 2    0.0268922
2 3   -0.0601433
3 1   -0.0243564
3 2    0.0243564
3 3   -0.00495525
;

mf :=
1 1   -0.272485
1 2   -0.0269442
1 3   -0.718666
2 1   -0.346235
2 2   -0.668564
2 3    0.522026
;

mt [*] :=
1   0.548998
2  -0.738789
3  -0.18979
;

phi :=
1 1   0.071563
1 2   0.0482869
1 3   0.0411968
2 1   0.00915908
2 2   0
2 3   0.000162014
3 1   0.0712514
3 2   0.0480068
3 3   0.041013
4 1   0.299521
4 2   0.264929
4 3   0.138571
;

l [*,1,*]
:       1           2            3        :=
1   -0.272886   -0.0263449   -0.71851
2    0.2321     -0.779548    -0.914416
3   -0.271279   -0.0287421   -0.719134
4   -0.777068    0.725657    -0.522917

 [*,2,*]
:       1           2           3        :=
1   -0.345725   -0.668341    0.522584
2   -0.987052   -0.948963   -0.178533
3   -0.347766   -0.669234    0.520352
4    0.294579   -0.388167    1.22258

 [*,3,*]
:       1            2           3        :=
1    0.549481    -0.738315   -0.190256
2   -0.0575184   -1.33392     0.395094
3    0.54755     -0.74021    -0.188393
4    1.15551     -0.143658   -0.774673
;

W[i,j,k] :=
1 1 1   -0.272886
1 1 2   -0.0263449
1 1 3   -0.71851
2 1 1    0.2321
2 1 2   -0.779548
2 1 3   -0.914416
3 1 1   -0.271279
3 1 2   -0.0287421
3 1 3   -0.719134
4 1 1   -0.777068
4 1 2    0.725657
4 1 3   -0.522917
;

W[i,j,k] :=
1 1 4    0.0133064
1 1 5   -0.000808901
1 1 6   -0.00502404
2 1 4    0.0650154
2 1 5    0.0363122
2 1 6   -0.0144541
3 1 4    0.013471
3 1 5   -0.000690752
3 1 6   -0.00505405
4 1 4   -0.0383201
4 1 5   -0.0378708
4 1 6    0.00439097
;

W[i,j,k] :=
1 2 1   -0.345725
1 2 2   -0.668341
1 2 3    0.522584
2 2 1   -0.987052
2 2 2   -0.948963
2 2 3   -0.178533
3 2 1   -0.347766
3 2 2   -0.669234
3 2 3    0.520352
4 2 1    0.294579
4 2 2   -0.388167
4 2 3    1.22258
;

W[i,j,k] :=
1 2 4   -0.0261428
1 2 5    0.0110441
1 2 6   -0.00317078
2 2 4   -0.0618749
2 2 5    0.0626952
2 2 6    0.00884086
3 2 4   -0.0262565
3 2 5    0.0112085
3 2 6   -0.00313255
4 2 4    0.0095323
4 2 5   -0.0405246
4 2 6   -0.0151633
;

W[i,j,k] :=
1 3 1    0.549481
1 3 2   -0.738315
1 3 3   -0.190256
2 3 1   -0.0575184
2 3 2   -1.33392
2 3 3    0.395094
3 3 1    0.54755
3 3 2   -0.74021
3 3 3   -0.188393
4 3 1    1.15551
4 3 2   -0.143658
4 3 3   -0.774673
;

W[i,j,k] :=
1 3 4   -0.00829249
1 3 5   -0.00735677
1 3 6    0.0045993
2 3 4    0.00301316
2 3 5    0.0099081
2 3 6    0.0338905
3 3 4   -0.00825651
3 3 5   -0.00730182
3 3 6    0.00469253
4 3 4   -0.0195801
4 3 5   -0.0245941
4 3 6   -0.0246452
;

f11 = 8.20387

f12 = 10.6907

f13 = -2.44177

f21 = 5.63287

f22 = 7.56052

f23 = 2.23026

f31 = -1.31855

f32 = 3.48066

f33 = -2.4769

