solve_message = ' \
Ipopt 3.9.1: Converged to a locally infeasible point. Problem may be infeasible.'

Solve time:
_solve_time = 5.36643

Objective:
torque = 7.30339

cnh1 = 0.929947

cnh2 = 0.938083

cnh3 = -0.358473

snh1 = 0.123283

snh2 = -0.000603424

snh3 = 0.866889

Hx = -0.00596708

Hy = 0.082088

Hz = 0.0567626

cnf11 = 0.924353

cnf21 = -0.0800879

cnf31 = 0.371367

cnf12 = 0.924353

cnf22 = 0.592279

cnf32 = 0.478373

cnt1 = 0.642134

cnt2 = 0.49358

snf11 = 0.159909

snf21 = 0.934658

snf31 = 0.861444

snf12 = 0.159909

snf22 = 0.865997

snf32 = 0.890972

snt1 = 0.83985

snt2 = 0.883469

p :=
1 1   -0.00403844
1 2    0.0316441
1 3    0.0580328
2 1    0.0339764
2 2   -0.00930884
2 3    0.046497
3 1   -0.0321431
3 2   -0.0123799
3 3    0.0205127
;

mf :=
1 1   -0.311714
1 2    0.628481
1 3    0.316768
2 1   -0.818447
2 2    0.34312
2 3    0.0411672
;

mt [*] :=
1  0.811013
2  0.456186
3  0.143523
;

phi :=
1 1   0.0328396
1 2   0.0821481
1 3   0.0534102
2 1   0.0172056
2 2   0.0193444
2 3   0
3 1   0.0327838
3 2   0.0818484
3 3   0.0530873
4 1   0.0530316
4 2   0.273569
4 3   0.331694
;

l [*,1,*]
:       1          2           3        :=
1   -0.312234   0.628438    0.316298
2    0.342308   0.683083    0.906536
3   -0.310151   0.628612    0.318177
4   -0.965733   0.57388    -0.272998

 [*,2,*]
:       1           2            3         :=
1   -0.818573    0.342828     0.0404459
2   -0.660715    0.710178     0.94687
3   -0.81807     0.343997     0.0433309
4   -0.976178   -0.0239367   -0.864532

 [*,3,*]
:      1           2           3        :=
1   0.811344    0.455501    0.143831
2   0.395314    1.3168     -0.243117
3   0.81002     0.458242    0.142599
4   1.22671    -0.40442     0.530161
;

W[i,j,k] :=
1 1 1   -0.312234
1 1 2    0.628438
1 1 3    0.316298
2 1 1    0.342308
2 1 2    0.683083
2 1 3    0.906536
3 1 1   -0.310151
3 1 2    0.628612
3 1 3    0.318177
4 1 1   -0.965733
4 1 2    0.57388
4 1 3   -0.272998
;

W[i,j,k] :=
1 1 4   -0.0264611
1 1 5   -0.0168425
1 1 6    0.00734246
2 1 4   -0.0109548
2 1 5    0.0235261
2 1 6   -0.0135906
3 1 4   -0.0264117
3 1 5   -0.016714
3 1 6    0.00727583
4 1 4   -0.0419427
4 1 5   -0.0571467
4 1 6    0.0282421
;

W[i,j,k] :=
1 2 1   -0.818573
1 2 2    0.342828
1 2 3    0.0404459
2 2 1   -0.660715
2 2 2    0.710178
2 2 3    0.94687
3 2 1   -0.81807
3 2 2    0.343997
3 2 3    0.0433309
4 2 1   -0.976178
4 2 2   -0.0239367
4 2 3   -0.864532
;

W[i,j,k] :=
1 2 4   -0.0163169
1 2 5   -0.0394353
1 2 6    0.00402807
2 2 4   -0.0418354
2 2 5   -0.0628924
2 2 6    0.0179788
3 2 4   -0.0163982
3 2 5   -0.03951
3 2 6    0.00407247
4 2 4    0.00916078
4 2 5   -0.0160157
4 2 6   -0.00990037
;

W[i,j,k] :=
1 3 1    0.811344
1 3 2    0.455501
1 3 3    0.143831
2 3 1    0.395314
2 3 2    1.3168
2 3 3   -0.243117
3 3 1    0.81002
3 3 2    0.458242
3 3 3    0.142599
4 3 1    1.22671
4 3 2   -0.40442
4 3 3    0.530161
;

W[i,j,k] :=
1 3 4   -0.0111241
1 3 5    0.021266
1 3 6   -0.00459687
2 3 4   -0.0240012
2 3 5    0.000294407
2 3 6   -0.0374319
3 3 4   -0.0111651
3 3 5    0.0211992
3 3 6   -0.00470138
4 3 4    0.00173241
4 3 5    0.0422041
4 3 6    0.0281858
;

f11 = 7.76815

f12 = 13.3533

f13 = 5.51681

f21 = 7.19097

f22 = 9.37966

f23 = -2.1716

f31 = 12.7147

f32 = 15

f33 = 3.56326

