solve_message = ' \
Ipopt 3.9.1: Maximum Number of Iterations Exceeded.'

Solve time:
_solve_time = 82.4621

Objective:
torque = 7.07713

cnh1 = -0.90503

cnh2 = 0.71042

cnh3 = 0.08758

snh1 = -0.315359

snh2 = 0.623055

snh3 = 0.959012

Hx = 0.0251615

Hy = -0.0621924

Hz = 0.0217505

cnf11 = 0.924158

cnf21 = 0.669867

cnf31 = 0.551019

cnf12 = 0.923734

cnf22 = 0.263995

cnf32 = 0.35026

cnt1 = 0.468845

cnt2 = 0.457199

snf11 = 0.496326

snf21 = 0.677221

snf31 = 0.824851

snf12 = 0.497822

snf22 = 1

snf32 = 0.967038

snt1 = 0.891678

snt2 = 0.890512

p :=
1 1   -0.0283692
1 2    0.0171259
1 3   -0.0629032
2 1   -0.0314894
2 2    0.0156252
2 3    0.0388613
3 1    0.0167896
3 2    0.0303615
3 3    0.0575578
;

mf :=
1 1    0.383335
1 2   -0.081734
1 3    0.835719
2 1    0.818142
2 2   -0.535969
2 3    0.0912323
;

mt [*] :=
1  -0.327229
2  -0.673595
3  -0.544983
;

phi :=
1 1   0.0535436
1 2   0.0168067
1 3   0.0927957
2 1   0
2 2   0
2 3   0.0318075
3 1   0.0532506
3 2   0.01664
3 3   0.0924996
4 1   0.266053
4 2   0.121845
4 3   0.30531
;

l [*,1,*]
:       1           2           3        :=
1    0.38402    -0.0804801   0.835718
2   -0.036202   -1.00029     0.907379
3    0.382682   -0.0834077   0.835946
4    0.803547    0.837894    0.764149

 [*,2,*]
:      1           2           3         :=
1   0.818298   -0.535795    0.0917263
2   0.278642   -1.27693     0.657483
3   0.816581   -0.538153    0.093527
4   1.35709     0.204177   -0.473148

 [*,3,*]
:       1           2           3        :=
1   -0.327371   -0.673289   -0.54489
2    0.598141   -0.915013   -0.840391
3   -0.324425   -0.674059   -0.545831
4   -1.25146    -0.431857   -0.249907
;

W[i,j,k] :=
1 1 1    0.383893
1 1 2   -0.0803234
1 1 3    0.835723
2 1 1   -0.0363391
2 1 2   -1.00005
2 1 3    0.907449
3 1 1    0.382555
3 1 2   -0.0832507
3 1 3    0.835952
4 1 1    0.803407
4 1 2    0.838006
4 1 3    0.764067
;

W[i,j,k] :=
1 1 4    0.00908291
1 1 5   -0.000462799
1 1 6   -0.00467137
2 1 4   -0.0471101
2 1 5    0.0276475
2 1 6    0.0277654
3 1 4    0.0089041
3 1 5   -0.000373356
3 1 6   -0.00456813
4 1 4    0.0651404
4 1 5   -0.0284919
4 1 6   -0.0370514
;

W[i,j,k] :=
1 2 1    0.818307
1 2 2   -0.535799
1 2 3    0.0917077
2 2 1    0.278683
2 2 2   -1.27692
2 2 3    0.657491
3 2 1    0.816589
3 2 2   -0.538158
3 2 3    0.0935085
4 2 1    1.35706
4 2 2    0.204192
4 2 3   -0.473212
;

W[i,j,k] :=
1 2 4    0.0223719
1 2 5    0.0345129
1 2 6    0.00409467
2 2 4    0.0595378
2 2 5    0.0304055
2 2 6    0.0354611
3 2 4    0.0224902
3 2 5    0.0344998
3 2 6    0.00419449
4 2 4   -0.0147704
4 2 5    0.038643
4 2 6   -0.0272171
;

W[i,j,k] :=
1 3 1   -0.327308
1 3 2   -0.673269
1 3 3   -0.544866
2 3 1    0.598076
2 3 2   -0.915011
2 3 3   -0.840245
3 3 1   -0.324362
3 3 2   -0.674038
3 3 3   -0.545807
4 3 1   -1.25132
4 3 2   -0.431728
4 3 3   -0.250047
;

W[i,j,k] :=
1 3 4    0.0222156
1 3 5   -0.00953929
1 3 6   -0.00147563
2 3 4    0.0270984
2 3 5    0.0484209
2 3 6   -0.033241
3 3 4    0.0222312
3 3 5   -0.00935484
3 3 6   -0.00157674
4 3 4    0.017251
4 3 5   -0.0673482
4 3 6    0.0302533
;

f11 = 5.11417

f12 = 13.5793

f13 = -1.28996

f21 = 7.25962

f22 = 9.26861

f23 = 1.6044

f31 = 12.9893

f32 = 15

f33 = 0.144174

