solve_message = ' \
Ipopt 3.9.1: Converged to a locally infeasible point. Problem may be infeasible.'

Solve time:
_solve_time = 16.1773

Objective:
torque = 8.02195

cnh1 = -0.176258

cnh2 = 0.92807

cnh3 = -0.337087

snh1 = -0.921376

snh2 = 0.136701

snh3 = -0.875427

Hx = -0.0745344

Hy = 0.0116696

Hz = 0.0589674

cnf11 = 0.932738

cnf21 = -0.0800876

cnf31 = 0.371367

cnf12 = 0.932738

cnf22 = 0.730017

cnf32 = 0.527517

cnt1 = 0.525991

cnt2 = 0.447181

snf11 = 0

snf21 = 0.934658

snf31 = 0.861444

snf12 = 0

snf22 = 0.767512

snf32 = 0.861922

snt1 = 0.919419

snt2 = 0.912863

p :=
1 1   -0.0316475
1 2    0.00395455
1 3    0.058048
2 1   -0.00145593
2 2   -0.0344144
2 3    0.00170477
3 1    0.0208339
3 2    0.0287359
3 3    0.0319426
;

mf :=
1 1   -0.629723
1 2    0.310477
1 3    0.319246
2 1   -0.0973769
2 2    0.873242
2 3    0.13432
;

mt [*] :=
1  -0.637964
2  -0.694591
3   0.0671416
;

phi :=
1 1   0.027118
1 2   0.0672366
1 3   0.0857864
2 1   0.0121513
2 2   0
2 3   0.0145131
3 1   0.0270651
3 2   0.0668746
3 3   0.085439
4 1   0.0457094
4 2   0.31029
4 3   0.286314
;

l [*,1,*]
:       1           2           3        :=
1   -0.629321   0.310717     0.319775
2   -1.13516    0.0089913   -0.345891
3   -0.630931   0.309756     0.317657
4   -0.124286   0.611961     0.98438

 [*,2,*]
:       1           2           3        :=
1   -0.0966359   0.873265    0.134613
2   -1.02781     0.843832   -0.23429
3   -0.0995997   0.873171    0.133439
4    0.833057    0.902651    0.502928

 [*,3,*]
:       1           2           3         :=
1   -0.637749   -0.694875    0.0663938
2   -0.908248   -0.337336    1.00624
3   -0.63861    -0.693737    0.0693851
4   -0.367682   -1.05184    -0.871952
;

W[i,j,k] :=
1 1 1   -0.629321
1 1 2    0.310717
1 1 3    0.319775
2 1 1   -1.13516
2 1 2    0.0089913
2 1 3   -0.345891
3 1 1   -0.630931
3 1 2    0.309756
3 1 3    0.317657
4 1 1   -0.124286
4 1 2    0.611961
4 1 3    0.98438
;

W[i,j,k] :=
1 1 4   -0.0167719
1 1 5   -0.0264107
1 1 6   -0.00734474
2 1 4   -0.00188977
2 1 5   -0.0768405
2 1 6    0.0042045
3 1 4   -0.0167245
3 1 5   -0.0265712
3 1 6   -0.00730798
4 1 4   -0.0316303
4 1 5    0.0239386
4 1 6   -0.0188756
;

W[i,j,k] :=
1 2 1   -0.0966359
1 2 2    0.873265
1 2 3    0.134613
2 2 1   -1.02781
2 2 2    0.843832
2 2 3   -0.23429
3 2 1   -0.0995997
3 2 2    0.873171
3 2 3    0.133439
4 2 1    0.833057
4 2 2    0.902651
4 2 3    0.502928
;

W[i,j,k] :=
1 2 4   -0.00612136
1 2 5    3.12453e-05
1 2 6   -0.00459709
2 2 4    0.00662441
2 2 5   -0.0020933
2 2 6   -0.0366002
3 2 4   -0.00608079
3 2 5    2.44833e-05
3 2 6   -0.00469895
4 2 4   -0.0188468
4 2 5    0.0021524
4 2 6    0.027355
;

W[i,j,k] :=
1 3 1   -0.637749
1 3 2   -0.694875
1 3 3    0.0663938
2 3 1   -0.908248
2 3 2   -0.337336
2 3 3    1.00624
3 3 1   -0.63861
3 3 2   -0.693737
3 3 3    0.0693851
4 3 1   -0.367682
4 3 2   -1.05184
4 3 3   -0.871952
;

W[i,j,k] :=
1 3 4    0.024104
1 3 5   -0.0217546
1 3 6    0.00384928
2 3 4    0.0396905
2 3 5   -0.0499757
2 3 6    0.0190712
3 3 4    0.0241536
3 3 5   -0.0218444
3 3 6    0.00389773
4 3 4    0.00854229
4 3 5    0.00642149
4 3 6   -0.0113484
;

f11 = 5.52189

f12 = 14.4183

f13 = 7.10551

f21 = 10.6535

f22 = 13.3539

f23 = -0.867011

f31 = 12.2675

f32 = 15

f33 = 4.88537

