solve_message = ' \
Ipopt 3.9.1: Optimal Solution Found'

Solve time:
_solve_time = 6.94204

Objective:
torque = 2.6177

cnh1 = -0.762118

cnh2 = 0.109881

cnh3 = 0.694005

snh1 = 0.735646

snh2 = -0.931628

snh3 = 0.800218

Hx = -0.0842973

Hy = -0.0175876

Hz = -0.0369781

cnf11 = 0.937993

cnf21 = 0.803293

cnf31 = 0.614155

cnf12 = 0.937993

cnf22 = 0.801851

cnf32 = 0.599757

cnt1 = 0.427434

cnt2 = 0.405758

snf11 = 0

snf21 = 0.484484

snf31 = 0.778798

snf12 = 0

snf22 = 0.540306

snf32 = 0.794534

snt1 = 0.969173

snt2 = 0.939295

p :=
1 1   -0.0063038
1 2    0.0269696
1 3    0.0624529
2 1    0.00308018
2 2   -0.0233507
2 3    0.0635819
3 1    0.0319342
3 2   -0.00624799
3 3   -0.0605069
;

mf :=
1 1    0.197284
1 2   -0.0412389
1 3   -0.798932
2 1    0.132058
2 2   -0.0796703
2 3   -0.834854
;

mt [*] :=
1  -0.863449
2  -0.0346692
3   0.684204
;

phi :=
1 1   0.0652915
1 2   0.0634798
1 3   0.0951341
2 1   0.0281762
2 2   0.0273675
2 3   0.0381437
3 1   0.0651393
3 2   0.0633324
3 3   0.0948782
4 1   0.132512
4 2   0.128029
4 3   0.231797
;

l [*,1,*]
:       1           2            3        :=
1    0.197879   -0.040511    -0.798867
2   -0.550013   -0.955353    -0.88037
3    0.195499   -0.0434227   -0.799127
4    0.944579    0.872872    -0.717494

 [*,2,*]
:       1           2            3        :=
1    0.132684   -0.0789421   -0.834839
2   -0.653834   -0.994159    -0.853672
3    0.130181   -0.081855    -0.834899
4    0.917947    0.834815    -0.816036

 [*,3,*]
:       1           2            3        :=
1   -0.862904   -0.0352496   0.684736
2   -1.54772     0.694197    0.0161604
3   -0.865083   -0.032928    0.682608
4   -0.179176   -0.763533    1.35224
;

W[i,j,k] :=
1 1 1    0.197879
1 1 2   -0.040511
1 1 3   -0.798867
2 1 1   -0.550013
2 1 2   -0.955353
2 1 3   -0.88037
3 1 1    0.195499
3 1 2   -0.0434227
3 1 3   -0.799127
4 1 1    0.944579
4 1 2    0.872872
4 1 3   -0.717494
;

W[i,j,k] :=
1 1 4   -0.0190151
1 1 5    0.00732225
1 1 6   -0.00508136
2 1 4    0.0359213
2 1 5   -0.0398996
2 1 6    0.020856
3 1 4   -0.0188403
3 1 5    0.00717195
3 1 6   -0.0049988
4 1 4   -0.0738639
4 1 5    0.0544687
4 1 6   -0.0309773
;

W[i,j,k] :=
1 2 1    0.132684
1 2 2   -0.0789421
1 2 3   -0.834839
2 2 1   -0.653834
2 2 2   -0.994159
2 2 3   -0.853672
3 2 1    0.130181
3 2 2   -0.081855
3 2 3   -0.834899
4 2 1    0.917947
4 2 2    0.834815
4 2 3   -0.816036
;

W[i,j,k] :=
1 2 4    0.0245134
1 2 5    0.0110078
1 2 6    0.00285511
2 2 4    0.0831444
2 2 5   -0.0389425
2 2 6   -0.0183297
3 2 4    0.0247
3 2 5    0.0108488
3 2 6    0.00278768
4 2 4   -0.034024
4 2 5    0.0608784
4 2 6    0.0240061
;

W[i,j,k] :=
1 3 1   -0.862904
1 3 2   -0.0352496
1 3 3    0.684736
2 3 1   -1.54772
2 3 2    0.694197
2 3 3    0.0161604
3 3 1   -0.865083
3 3 2   -0.032928
3 3 3    0.682608
4 3 1   -0.179176
4 3 2   -0.763533
4 3 3    1.35224
;

W[i,j,k] :=
1 3 4   -0.00641108
1 3 5    0.0303451
1 3 6   -0.00651705
2 3 4    0.0419027
2 3 5    0.0931318
2 3 6    0.0124985
3 3 4   -0.00625731
3 3 5    0.0305449
3 3 6   -0.00645653
4 3 4   -0.0546478
4 3 5   -0.0323414
4 3 6   -0.0255023
;

f11 = -2.62193

f12 = 5.09064

f13 = -3.13538

f21 = 2.10842

f22 = 2.72762

f23 = 0.660347

f31 = 7.2942

f32 = 9.5647

f33 = -2.33735

