solve_message = ' \
Ipopt 3.9.1: Optimal Solution Found'

Solve time:
_solve_time = 5.47564

Objective:
torque = 3.64537

cnh1 = -0.907812

cnh2 = 0.935819

cnh3 = 0.215746

snh1 = 0.236385

snh2 = 0.0651395

snh3 = -0.912937

Hx = 0.014661

Hy = 0.0711896

Hz = -0.028765

cnf11 = 0.270815

cnf21 = 0.591393

cnf31 = 0.527439

cnf12 = 0.270815

cnf22 = 0.471108

cnf32 = 0.42487

cnt1 = 0.460054

cnt2 = 0.427217

snf11 = 0.898142

snf21 = 0.728186

snf31 = 0.836311

snf12 = 0.898142

snf22 = 0.948713

snf32 = 0.926837

snt1 = 0.943249

snt2 = 0.922026

p :=
1 1   -0.023355
1 2    0.0161546
1 3    0.0644493
2 1   -0.0186564
2 2   -0.0268917
2 3   -0.0601429
3 1    0.0243564
3 2   -0.0243564
3 3   -0.00495738
;

mf :=
1 1    0.272409
1 2    0.0269186
1 3   -0.718694
2 1    0.346168
2 2    0.668609
2 3    0.522031
;

mt [*] :=
1  -0.548848
2   0.738637
3  -0.18979
;

phi :=
1 1   0.0715258
1 2   0.0482938
1 3   0.0411896
2 1   0.00913464
2 2   0
2 3   0.000219727
3 1   0.0712143
3 2   0.0480137
3 3   0.0410061
4 1   0.299626
4 2   0.264882
4 3   0.138565
;

l [*,1,*]
:       1           2            3        :=
1    0.272811    0.0263191   -0.718538
2   -0.232006    0.779662    -0.914349
3    0.271204    0.0287169   -0.719161
4    0.776822   -0.725822    -0.523039

 [*,2,*]
:       1          2           3        :=
1    0.345658   0.668386    0.522589
2    0.987226   0.948822   -0.178372
3    0.3477     0.669279    0.520358
4   -0.294887   0.388398    1.22243

 [*,3,*]
:       1           2           3        :=
1   -0.549331    0.738163   -0.190256
2    0.0575102   1.33366     0.395162
3   -0.547399    0.740059   -0.188393
4   -1.1552      0.143617   -0.77474
;

W[i,j,k] :=
1 1 1    0.272811
1 1 2    0.0263191
1 1 3   -0.718538
2 1 1   -0.232006
2 1 2    0.779662
2 1 3   -0.914349
3 1 1    0.271204
3 1 2    0.0287169
3 1 3   -0.719161
4 1 1    0.776822
4 1 2   -0.725822
4 1 3   -0.523039
;

W[i,j,k] :=
1 1 4   -0.0133039
1 1 5    0.000800983
1 1 6   -0.00502182
2 1 4   -0.0650195
2 1 5   -0.0363072
2 1 6   -0.0144611
3 1 4   -0.0134685
3 1 5    0.000682876
3 1 6   -0.00505186
4 1 4    0.0383292
4 1 5    0.03785
4 1 6    0.00440237
;

W[i,j,k] :=
1 2 1    0.345658
1 2 2    0.668386
1 2 3    0.522589
2 2 1    0.987226
2 2 2    0.948822
2 2 3   -0.178372
3 2 1    0.3477
3 2 2    0.669279
3 2 3    0.520358
4 2 1   -0.294887
4 2 2    0.388398
4 2 3    1.22243
;

W[i,j,k] :=
1 2 4    0.0261454
1 2 5   -0.0110393
1 2 6   -0.00317432
2 2 4    0.0618616
2 2 5   -0.0627025
2 2 6    0.00884665
3 2 4    0.0262591
3 2 5   -0.0112037
3 2 6   -0.00313606
4 2 4   -0.00951389
4 2 5    0.0405415
4 2 6   -0.0151761
;

W[i,j,k] :=
1 3 1   -0.549331
1 3 2    0.738163
1 3 3   -0.190256
2 3 1    0.0575102
2 3 2    1.33366
2 3 3    0.395162
3 3 1   -0.547399
3 3 2    0.740059
3 3 3   -0.188393
4 3 1   -1.1552
4 3 2    0.143617
4 3 3   -0.77474
;

W[i,j,k] :=
1 3 4    0.00829331
1 3 5    0.0073572
1 3 6    0.00459931
2 3 4   -0.00301327
2 3 5   -0.00990984
2 3 6    0.0338839
3 3 4    0.00825732
3 3 5    0.00730224
3 3 6    0.00469251
4 3 4    0.0195818
4 3 5    0.0245967
4 3 6   -0.0246386
;

f11 = 8.20327

f12 = 10.6886

f13 = -2.43805

f21 = 5.63305

f22 = 7.55932

f23 = 2.22723

f31 = -1.31868

f32 = 3.48135

f33 = -2.47745

