solve_message = ' \
Ipopt 3.9.1: Converged to a locally infeasible point. Problem may be infeasible.'

Solve time:
_solve_time = 17.1289

Objective:
torque = 9.24875

cnh1 = 0.759335

cnh2 = 0.68294

cnh3 = -0.0586289

snh1 = 0.550827

snh2 = -0.643112

snh3 = 0.936249

Hx = -0.0418567

Hy = 0.0506742

Hz = -0.0306275

cnf11 = 0.535647

cnf21 = 0.291591

cnf31 = 0.366653

cnf12 = 0.535647

cnf22 = 0.750444

cnf32 = 0.58928

cnt1 = 0.419317

cnt2 = 0.412154

snf11 = 0.770118

snf21 = 0.992365

snf31 = 0.954404

snf12 = 0.770118

snf22 = 0.56288

snf32 = 0.797012

snt1 = 0.959771

snt2 = 0.930544

p :=
1 1    0.0331213
1 2   -0.00369275
1 3   -0.0532952
2 1   -0.0101406
2 2   -0.0272377
2 3    0.0641129
3 1   -0.00316154
3 2   -0.033791
3 3   -0.0568076
;

mf :=
1 1   -0.845864
1 2    0.264448
1 3    0.128637
2 1    0.0425007
2 2    0.0864285
2 3   -0.777895
;

mt [*] :=
1  0.0154013
2  0.792702
3  0.534177
;

phi :=
1 1   0.010819
1 2   0
1 3   0.0732427
2 1   0
2 2   0
2 3   0.0265511
3 1   0.010728
3 2   0
3 3   0.0729859
4 1   0.325373
4 2   0.351339
4 3   0.189102
;

l [*,1,*]
:       1           2           3        :=
1   -0.846074    0.263847    0.128167
2   -0.581426    1.01973     0.719983
3   -0.845232    0.266252    0.13005
4   -1.1103     -0.490828   -0.462706

 [*,2,*]
:       1            2            3        :=
1    0.0432228    0.0863329   -0.777825
2   -0.864234     0.206385    -0.866049
3    0.0403346    0.086715    -0.778106
4    0.949232    -0.0335272   -0.689741

 [*,3,*]
:       1          2           3        :=
1    0.015641   0.792289    0.534859
2   -0.28567    1.31072    -0.322754
3    0.014682   0.79394     0.532129
4    0.316472   0.274685    1.3911
;

W[i,j,k] :=
1 1 1   -0.846074
1 1 2    0.263847
1 1 3    0.128167
2 1 1   -0.581426
2 1 2    1.01973
2 1 3    0.719983
3 1 1   -0.845232
3 1 2    0.266252
3 1 3    0.13005
4 1 1   -1.1103
4 1 2   -0.490828
4 1 3   -0.462706
;

W[i,j,k] :=
1 1 4    0.0135885
1 1 5    0.0408466
1 1 6    0.0056146
2 1 4    0.0516878
2 1 5    0.00714042
2 1 6    0.0316276
3 1 4    0.0137097
3 1 5    0.0407393
3 1 6    0.0056974
4 1 4   -0.0244501
4 1 5    0.074499
4 1 6   -0.0203569
;

W[i,j,k] :=
1 2 1    0.0432228
1 2 2    0.0863329
1 2 3   -0.777825
2 2 1   -0.864234
2 2 2    0.206385
2 2 3   -0.866049
3 2 1    0.0403346
3 2 2    0.086715
3 2 3   -0.778106
4 2 1    0.949232
4 2 2   -0.0335272
4 2 3   -0.689741
;

W[i,j,k] :=
1 2 4    0.0156511
1 2 5   -0.00511647
1 2 6    0.000301824
2 2 4    0.0103573
2 2 5   -0.0641908
2 2 6   -0.0256326
3 2 4    0.0156343
3 2 5   -0.00530449
3 2 6    0.00021928
4 2 4    0.0209365
4 2 5    0.0538636
4 2 6    0.0261949
;

W[i,j,k] :=
1 3 1    0.015641
1 3 2    0.792289
1 3 3    0.534859
2 3 1   -0.28567
2 3 2    1.31072
2 3 3   -0.322754
3 3 1    0.014682
3 3 2    0.79394
3 3 3    0.532129
4 3 1    0.316472
4 3 2    0.274685
4 3 3    1.3911
;

W[i,j,k] :=
1 3 4    0.0269346
1 3 5    0.000802451
1 3 6   -0.00197633
2 3 4    0.0853651
2 3 5    0.0152078
2 3 6   -0.013797
3 3 4    0.0271206
3 3 5    0.0008483
3 3 6   -0.00201395
4 3 4   -0.0314026
4 3 5   -0.01358
4 3 6    0.00982547
;

f11 = 12.4769

f12 = 15

f13 = 4.31331

f21 = 3.94353

f22 = 15

f23 = -1.22752

f31 = 13.1926

f32 = 15

f33 = -0.561999

