solve_message = ' \
Ipopt 3.9.1: Optimal Solution Found'

Solve time:
_solve_time = 8.19005

Objective:
torque = 3.64537

cnh1 = 0.907806

cnh2 = -0.935818

cnh3 = -0.215746

snh1 = -0.236406

snh2 = 0.0651472

snh3 = 0.912937

Hx = 0.0146616

Hy = 0.071189

Hz = -0.0287655

cnf11 = 0.270791

cnf21 = 0.591393

cnf31 = 0.527439

cnf12 = 0.270791

cnf22 = 0.471101

cnf32 = 0.424867

cnt1 = 0.460054

cnt2 = 0.427227

snf11 = 0.898149

snf21 = 0.728185

snf31 = 0.836311

snf12 = 0.898149

snf22 = 0.948717

snf32 = 0.926839

snt1 = 0.943233

snt2 = 0.922014

p :=
1 1   -0.023355
1 2    0.0161549
1 3    0.0644492
2 1   -0.0186567
2 2   -0.0268915
2 3   -0.0601428
3 1    0.0243564
3 2   -0.0243564
3 3   -0.00495768
;

mf :=
1 1    0.272397
1 2    0.0269132
1 3   -0.718698
2 1    0.346164
2 2    0.668615
2 3    0.522028
;

mt [*] :=
1  -0.548833
2   0.738623
3  -0.18979
;

phi :=
1 1   0.0713238
1 2   0.0482713
1 3   0.0413708
2 1   0.00895321
2 2   0
2 3   0.000436205
3 1   0.0710122
3 2   0.0479913
3 3   0.0411876
4 1   0.299941
4 2   0.264626
4 3   0.138555
;

l [*,1,*]
:       1           2            3        :=
1    0.272799    0.0263137   -0.718542
2   -0.231998    0.779672    -0.914343
3    0.271192    0.0287115   -0.719165
4    0.776791   -0.725843    -0.523054

 [*,2,*]
:       1          2           3        :=
1    0.345653   0.668392    0.522586
2    0.987246   0.948805   -0.178361
3    0.347696   0.669285    0.520355
4   -0.294916   0.388427    1.22242

 [*,3,*]
:       1           2           3        :=
1   -0.549316    0.73815    -0.190256
2    0.0575127   1.33364     0.395164
3   -0.547385    0.740045   -0.188393
4   -1.15518     0.143613   -0.774743
;

W[i,j,k] :=
1 1 1    0.272799
1 1 2    0.0263137
1 1 3   -0.718542
2 1 1   -0.231998
2 1 2    0.779672
2 1 3   -0.914343
3 1 1    0.271192
3 1 2    0.0287115
3 1 3   -0.719165
4 1 1    0.776791
4 1 2   -0.725843
4 1 3   -0.523054
;

W[i,j,k] :=
1 1 4   -0.0133039
1 1 5    0.00080014
1 1 6   -0.00502159
2 1 4   -0.0650203
2 1 5   -0.0363065
2 1 6   -0.0144613
3 1 4   -0.0134685
3 1 5    0.000682038
3 1 6   -0.00505164
4 1 4    0.0383301
4 1 5    0.0378476
4 1 6    0.00440307
;

W[i,j,k] :=
1 2 1    0.345653
1 2 2    0.668392
1 2 3    0.522586
2 2 1    0.987246
2 2 2    0.948805
2 2 3   -0.178361
3 2 1    0.347696
3 2 2    0.669285
3 2 3    0.520355
4 2 1   -0.294916
4 2 2    0.388427
4 2 3    1.22242
;

W[i,j,k] :=
1 2 4    0.0261458
1 2 5   -0.0110388
1 2 6   -0.00317484
2 2 4    0.0618602
2 2 5   -0.0627034
2 2 6    0.00884699
3 2 4    0.0262595
3 2 5   -0.0112033
3 2 6   -0.00313658
4 2 4   -0.00951153
4 2 5    0.0405433
4 2 6   -0.0151775
;

W[i,j,k] :=
1 3 1   -0.549316
1 3 2    0.73815
1 3 3   -0.190256
2 3 1    0.0575127
2 3 2    1.33364
2 3 3    0.395164
3 3 1   -0.547385
3 3 2    0.740045
3 3 3   -0.188393
4 3 1   -1.15518
4 3 2    0.143613
4 3 3   -0.774743
;

W[i,j,k] :=
1 3 4    0.00829347
1 3 5    0.00735729
1 3 6    0.00459931
2 3 4   -0.00301304
2 3 5   -0.00990992
2 3 6    0.0338834
3 3 4    0.00825748
3 3 5    0.00730233
3 3 6    0.00469251
4 3 4    0.0195819
4 3 5    0.024597
4 3 6   -0.0246381
;

f11 = 8.20321

f12 = 10.6884

f13 = -2.43767

f21 = 5.6331

f22 = 7.55923

f23 = 2.22691

f31 = -1.31871

f32 = 3.48139

f33 = -2.47747

