solve_message = ' \
Ipopt 3.9.1: Optimal Solution Found'

Solve time:
_solve_time = 3.30722

Objective:
torque = 2.61759

cnh1 = -0.762327

cnh2 = -0.109924

cnh3 = -0.694292

snh1 = 0.735428

snh2 = -0.931621

snh3 = -0.799973

Hx = 0.0842994

Hy = 0.0175837

Hz = -0.0369874

cnf11 = 0.93799

cnf21 = 0.803318

cnf31 = 0.614168

cnf12 = 0.93799

cnf22 = 0.801889

cnf32 = 0.599756

cnt1 = 0.427421

cnt2 = 0.40575

snf11 = 0

snf21 = 0.484439

snf31 = 0.778787

snf12 = 0

snf22 = 0.54032

snf32 = 0.794541

snt1 = 0.969181

snt2 = 0.939301

p :=
1 1    0.00631402
1 2   -0.0269676
1 3    0.0624522
2 1   -0.00307406
2 2    0.0233508
2 3    0.0635798
3 1   -0.0319333
3 2    0.00625162
3 3   -0.0605075
;

mf :=
1 1   -0.197404
1 2    0.0412272
1 3   -0.798904
2 1   -0.13212
2 2    0.0797016
2 3   -0.834878
;

mt [*] :=
1  0.863515
2  0.0346153
3  0.684137
;

phi :=
1 1   0.0653608
1 2   0.0634105
1 3   0.095141
2 1   0.0282212
2 2   0.0273243
2 3   0.0381551
3 1   0.0652085
3 2   0.0632632
3 3   0.0948852
4 1   0.132637
4 2   0.127898
4 3   0.231771
;

l [*,1,*]
:       1           2            3        :=
1   -0.197999    0.0404993   -0.798839
2    0.549933    0.955324    -0.880439
3   -0.195619    0.043411    -0.799098
4   -0.944738   -0.872866    -0.717368

 [*,2,*]
:       1           2            3        :=
1   -0.132746    0.0789734   -0.834863
2    0.653869    0.994174    -0.853733
3   -0.130242    0.0818862   -0.834923
4   -0.918106   -0.834767    -0.816023

 [*,3,*]
:      1           2            3        :=
1   0.86297     0.0351958   0.684669
2   1.54768    -0.694329    0.0160383
3   0.865149    0.0328738   0.682541
4   0.179354    0.763557    1.35223
;

W[i,j,k] :=
1 1 1   -0.197999
1 1 2    0.0404993
1 1 3   -0.798839
2 1 1    0.549933
2 1 2    0.955324
2 1 3   -0.880439
3 1 1   -0.195619
3 1 2    0.043411
3 1 3   -0.799098
4 1 1   -0.944738
4 1 2   -0.872866
4 1 3   -0.717368
;

W[i,j,k] :=
1 1 4    0.0190135
1 1 5   -0.00732161
1 1 6   -0.00508385
2 1 4   -0.0359188
2 1 5    0.0399036
2 1 6    0.0208623
3 1 4    0.0188386
3 1 5   -0.0071713
3 1 6   -0.00500127
4 1 4    0.0738581
4 1 5   -0.0544715
4 1 6   -0.0309886
;

W[i,j,k] :=
1 2 1   -0.132746
1 2 2    0.0789734
1 2 3   -0.834863
2 2 1    0.653869
2 2 2    0.994174
2 2 3   -0.853733
3 2 1   -0.130242
3 2 2    0.0818862
3 2 3   -0.834923
4 2 1   -0.918106
4 2 2   -0.834767
4 2 3   -0.816023
;

W[i,j,k] :=
1 2 4   -0.0245158
1 2 5   -0.0110064
1 2 6    0.00285695
2 2 4   -0.0831447
2 2 5    0.0389484
2 2 6   -0.0183245
3 2 4   -0.0247024
3 2 5   -0.0108474
3 2 6    0.00278953
4 2 4    0.0340195
4 2 5   -0.0608814
4 2 6    0.0240046
;

W[i,j,k] :=
1 3 1    0.86297
1 3 2    0.0351958
1 3 3    0.684669
2 3 1    1.54768
2 3 2   -0.694329
2 3 3    0.0160383
3 3 1    0.865149
3 3 2    0.0328738
3 3 3    0.682541
4 3 1    0.179354
4 3 2    0.763557
4 3 3    1.35223
;

W[i,j,k] :=
1 3 4    0.00640991
1 3 5   -0.0303524
1 3 6   -0.00651887
2 3 4   -0.0419118
2 3 5   -0.0931339
2 3 6    0.0124967
3 3 4    0.00625611
3 3 5   -0.0305522
3 3 6   -0.00645835
4 3 4    0.0546546
4 3 5    0.032329
4 3 6   -0.0255041
;

f11 = -2.62229

f12 = 5.09136

f13 = -3.13586

f21 = 2.10798

f22 = 2.7272

f23 = 0.660684

f31 = 7.29413

f32 = 9.56456

f33 = -2.33736

