solve_message = ' \
Ipopt 3.9.1: Converged to a locally infeasible point. Problem may be infeasible.'

Solve time:
_solve_time = 19.6405

Objective:
torque = 9.24875

cnh1 = -0.550821

cnh2 = -0.682941

cnh3 = 0.0586275

snh1 = 0.75934

snh2 = -0.643111

snh3 = -0.936249

Hx = 0.0506745

Hy = 0.041856

Hz = -0.0306276

cnf11 = 0.535645

cnf21 = 0.291587

cnf31 = 0.366653

cnf12 = 0.535645

cnf22 = 0.750444

cnf32 = 0.58928

cnt1 = 0.419316

cnt2 = 0.412155

snf11 = 0.77012

snf21 = 0.992365

snf31 = 0.954404

snf12 = 0.77012

snf22 = 0.56288

snf32 = 0.797012

snt1 = 0.95977

snt2 = 0.930543

p :=
1 1   -0.00369316
1 2   -0.0331213
1 3   -0.0532952
2 1   -0.0272377
2 2    0.0101407
2 3    0.0641129
3 1   -0.033791
3 2    0.00316168
3 3   -0.0568076
;

mf :=
1 1    0.264459
1 2    0.845859
1 3    0.128638
2 1    0.0864278
2 2   -0.0425029
2 3   -0.777895
;

mt [*] :=
1   0.792701
2  -0.0154087
3   0.534174
;

phi :=
1 1   0
1 2   0.142738
1 3   0
2 1   0
2 2   0.204961
2 3   0.0128775
3 1   0
3 2   0.142683
3 3   0
4 1   0.189295
4 2   0.079003
4 3   0.49468
;

l [*,1,*]
:       1          2           3        :=
1    0.263857   0.84607     0.128168
2    1.01974    0.581412    0.719981
3    0.266263   0.845227    0.130051
4   -0.490815   1.11031    -0.462701

 [*,2,*]
:       1            2            3        :=
1    0.0863322   -0.043225    -0.777825
2    0.206392     0.864231    -0.866051
3    0.0867144   -0.0403367   -0.778105
4   -0.0335361   -0.949233    -0.689739

 [*,3,*]
:      1           2            3        :=
1   0.792289   -0.0156484    0.534857
2   1.31072     0.285658    -0.322756
3   0.793939   -0.0146894    0.532127
4   0.274683   -0.316474     1.3911
;

W[i,j,k] :=
1 1 1    0.263857
1 1 2    0.84607
1 1 3    0.128168
2 1 1    1.01974
2 1 2    0.581412
2 1 3    0.719981
3 1 1    0.266263
3 1 2    0.845227
3 1 3    0.130051
4 1 1   -0.490815
4 1 2    1.11031
4 1 3   -0.462701
;

W[i,j,k] :=
1 1 4    0.0408464
1 1 5   -0.013589
1 1 6    0.00561461
2 1 4    0.0071398
2 1 5   -0.051688
2 1 6    0.0316277
3 1 4    0.0407391
3 1 5   -0.0137102
3 1 6    0.00569741
4 1 4    0.0744992
4 1 5    0.0244493
4 1 6   -0.020357
;

W[i,j,k] :=
1 2 1    0.0863322
1 2 2   -0.043225
1 2 3   -0.777825
2 2 1    0.206392
2 2 2    0.864231
2 2 3   -0.866051
3 2 1    0.0867144
3 2 2   -0.0403367
3 2 3   -0.778105
4 2 1   -0.0335361
4 2 2   -0.949233
4 2 3   -0.689739
;

W[i,j,k] :=
1 2 4   -0.00511642
1 2 5   -0.0156511
1 2 6    0.000301878
2 2 4   -0.0641907
2 2 5   -0.0103568
2 2 6   -0.0256326
3 2 4   -0.00530444
3 2 5   -0.0156343
3 2 6    0.000219334
4 2 4    0.0538636
4 2 5   -0.020937
4 2 6    0.026195
;

W[i,j,k] :=
1 3 1    0.792289
1 3 2   -0.0156484
1 3 3    0.534857
2 3 1    1.31072
2 3 2    0.285658
2 3 3   -0.322756
3 3 1    0.793939
3 3 2   -0.0146894
3 3 3    0.532127
4 3 1    0.274683
4 3 2   -0.316474
4 3 3    1.3911
;

W[i,j,k] :=
1 3 4    0.000802095
1 3 5   -0.0269347
1 3 6   -0.00197618
2 3 4    0.0152071
2 3 5   -0.0853651
2 3 6   -0.0137967
3 3 4    0.000847943
3 3 5   -0.0271206
3 3 6   -0.00201381
4 3 4   -0.0135799
4 3 5    0.0314026
4 3 6    0.00982551
;

f11 = 12.477

f12 = 15

f13 = 4.31332

f21 = 3.9435

f22 = 15

f23 = -1.22749

f31 = 13.1926

f32 = 15

f33 = -0.562044

