solve_message = ' \
Ipopt 3.9.1: Converged to a locally infeasible point. Problem may be infeasible.'

Solve time:
_solve_time = 11.2633

Objective:
torque = 8.29831

cnh1 = 0.837989

cnh2 = 0.429127

cnh3 = 0.877918

snh1 = -0.421632

snh2 = -0.834176

snh3 = 0.330546

Hx = 0.0635652

Hy = 0.00131822

Hz = -0.0653084

cnf11 = 0.932738

cnf21 = -0.0800879

cnf31 = 0.371367

cnf12 = 0.932738

cnf22 = 0.889875

cnf32 = 0.598352

cnt1 = 0.473374

cnt2 = 0.425818

snf11 = 0

snf21 = 0.934658

snf31 = 0.861444

snf12 = 0

snf22 = 0.574564

snf32 = 0.811423

snt1 = 0.947585

snt2 = 0.926235

p :=
1 1    0.0255267
1 2   -0.0172124
1 3   -0.05992
2 1    0.0308661
2 2   -0.0027124
2 3    0.0596455
3 1   -0.0310001
3 2    0.0120077
3 3   -0.0589788
;

mf :=
1 1    0.531577
1 2   -0.0032942
1 3   -0.534872
2 1   -0.392565
2 2    0.272788
2 3   -0.789232
;

mt [*] :=
1   0.811925
2  -0.173827
3   0.44762
;

phi :=
1 1   0.0353714
1 2   0.082001
1 3   0.0886453
2 1   0.0217483
2 2   0.0188347
2 3   0.0294856
3 1   0.035324
3 2   0.0817034
3 3   0.0883739
4 1   0.0517369
4 2   0.25457
4 3   0.239803
;

l [*,1,*]
:       1            2            3         :=
1   0.531198    -0.00376188   -0.535257
2   1.00747      0.584003     -0.0504218
3   0.532714    -0.00189115   -0.533714
4   0.0556873   -0.590589     -1.01932

 [*,2,*]
:       1           2           3        :=
1   -0.393169    0.272305   -0.789082
2    0.365079    0.880383   -0.978375
3   -0.390755    0.27424    -0.789684
4   -1.15021    -0.334804   -0.600091

 [*,3,*]
:      1           2           3        :=
1   0.811765   -0.173345    0.448272
2   1.01337    -0.778924   -0.370812
3   0.812406   -0.175273    0.445665
4   0.610476    0.431267    1.26605
;

W[i,j,k] :=
1 1 1    0.531198
1 1 2   -0.00376188
1 1 3   -0.535257
2 1 1    1.00747
2 1 2    0.584003
2 1 3   -0.0504218
3 1 1    0.532714
3 1 2   -0.00189115
3 1 3   -0.533714
4 1 1    0.0556873
4 1 2   -0.590589
4 1 3   -1.01932
;

W[i,j,k] :=
1 1 4    0.00898763
1 1 5   -0.018166
1 1 6    0.00904715
2 1 4    0.0358613
2 1 5   -0.0590805
2 1 6    0.0322486
3 1 4    0.00907317
3 1 5   -0.0182963
3 1 6    0.009121
4 1 4   -0.0178432
4 1 5    0.0226831
4 1 6   -0.0141173
;

W[i,j,k] :=
1 2 1   -0.393169
1 2 2    0.272305
1 2 3   -0.789082
2 2 1    0.365079
2 2 2    0.880383
2 2 3   -0.978375
3 2 1   -0.390755
3 2 2    0.27424
3 2 3   -0.789684
4 2 1   -1.15021
4 2 2   -0.334804
4 2 3   -0.600091
;

W[i,j,k] :=
1 2 4   -0.0141015
1 2 5    0.000905133
1 2 6    0.00733856
2 2 4   -0.0498572
2 2 5    0.051974
2 2 6    0.0281642
3 2 4   -0.0142153
3 2 5    0.00106767
3 2 6    0.00740484
4 2 4    0.0215972
4 2 5   -0.0500822
4 2 6   -0.0134539
;

W[i,j,k] :=
1 3 1    0.811765
1 3 2   -0.173345
1 3 3    0.448272
2 3 1    1.01337
2 3 2   -0.778924
2 3 3   -0.370812
3 3 1    0.812406
3 3 2   -0.175273
3 3 3    0.445665
4 3 1    0.610476
4 3 2    0.431267
4 3 3    1.26605
;

W[i,j,k] :=
1 3 4   -0.004841
1 3 5   -0.0339804
1 3 6   -0.00437368
2 3 4   -0.0503926
2 3 5   -0.0712628
2 3 6    0.0119784
3 3 4   -0.00498598
3 3 5   -0.0340991
3 3 6   -0.00432163
4 3 4    0.0406379
4 3 5    0.00324249
4 3 6   -0.0206997
;

f11 = 13.1124

f12 = 15

f13 = 1.55694

f21 = 5.20795

f22 = 10.3165

f23 = -2.71602

f31 = 13.1767

f32 = 15

f33 = -0.857119

