solve_message = ' \
Ipopt 3.9.1: Optimal Solution Found'

Solve time:
_solve_time = 3.22922

Objective:
torque = 4.04513

cnh1 = -0.901122

cnh2 = -0.938083

cnh3 = 0.305922

snh1 = 0.260728

snh2 = -0.000833473

snh3 = 0.886799

Hx = -0.0146964

Hy = -0.0682406

Hz = 0.0323499

cnf11 = 0.33306

cnf21 = 0.42186

cnf31 = 0.473043

cnf12 = 0.33306

cnf22 = 0.567889

cnf32 = 0.519338

cnt1 = 0.449644

cnt2 = 0.432173

snf11 = 0.876967

snf21 = 0.837875

snf31 = 0.863438

snf12 = 0.876967

snf22 = 0.74666

snf32 = 0.840822

snt1 = 0.933136

snt2 = 0.914437

p :=
1 1    0.0251856
1 2    0.0213265
1 3    0.0595627
2 1    0.0193991
2 2   -0.0211272
2 3   -0.0643137
3 1   -0.0243564
3 2    0.0243564
3 3    0.002558
;

mf :=
1 1   -0.388155
1 2   -0.540666
1 3   -0.404752
2 1   -0.260635
2 2    0.0138262
2 3    0.726535
;

mt [*] :=
1   0.53596
2  -0.725749
3   0.18979
;

phi :=
1 1   0.0624081
1 2   0.0702434
1 3   0.0341647
2 1   0.00484174
2 2   0.0114942
2 3   0
3 1   0.0621248
3 2   0.0699584
3 3   0.0339498
4 1   0.259471
4 2   0.259227
4 3   0.170032
;

l [*,1,*]
:       1           2           3        :=
1   -0.388615   -0.540137   -0.404959
2    0.190072   -1.20471    -0.145323
3   -0.386773   -0.542252   -0.404133
4   -0.966379    0.123381   -0.66418

 [*,2,*]
:       1           2           3        :=
1   -0.260063    0.0142571   0.726708
2   -0.978471   -0.527311    0.508738
3   -0.26235     0.0125334   0.726014
4    0.457199    0.554962    0.94433

 [*,3,*]
:       1            2           3        :=
1   0.536384     -0.725613    0.189112
2   0.00280282   -0.896743    1.04185
3   0.534686     -0.726158    0.191826
4   1.06911      -0.554757   -0.662263
;

W[i,j,k] :=
1 1 1   -0.388615
1 1 2   -0.540137
1 1 3   -0.404959
2 1 1    0.190072
2 1 2   -1.20471
2 1 3   -0.145323
3 1 1   -0.386773
3 1 2   -0.542252
3 1 3   -0.404133
4 1 1   -0.966379
4 1 2    0.123381
4 1 3   -0.66418
;

W[i,j,k] :=
1 1 4    0.0235357
1 1 5   -0.0129478
1 1 6   -0.00531588
2 1 4    0.0686568
2 1 5    0.0149812
2 1 6   -0.034395
3 1 4    0.0236793
3 1 5   -0.0128589
3 1 6   -0.00540843
4 1 4   -0.0215135
4 1 5   -0.0408324
4 1 6    0.0237169
;

W[i,j,k] :=
1 2 1   -0.260063
1 2 2    0.0142571
1 2 3    0.726708
2 2 1   -0.978471
2 2 2   -0.527311
2 2 3    0.508738
3 2 1   -0.26235
3 2 2    0.0125334
3 2 3    0.726014
4 2 1    0.457199
4 2 2    0.554962
4 2 3    0.94433
;

W[i,j,k] :=
1 2 4   -0.0144364
1 2 5    0.00262812
1 2 6   -0.00521784
2 2 4   -0.0446615
2 2 5    0.05306
2 2 6   -0.0309017
3 2 4   -0.0145326
3 2 5    0.00278863
3 2 6   -0.00529958
4 2 4    0.0157405
4 2 5   -0.0477233
4 2 6    0.0204251
;

W[i,j,k] :=
1 3 1    0.536384
1 3 2   -0.725613
1 3 3    0.189112
2 3 1    0.00280282
2 3 2   -0.896743
2 3 3    1.04185
3 3 1    0.534686
3 3 2   -0.726158
3 3 3    0.191826
4 3 1    1.06911
4 3 2   -0.554757
4 3 3   -0.662263
;

W[i,j,k] :=
1 3 4    0.00646219
1 3 5    0.00597815
1 3 6    0.00460895
2 3 4    0.0276695
2 3 5    0.0253828
2 3 6    0.0217732
3 3 4    0.00652969
3 3 5    0.00603991
3 3 6    0.00466358
4 3 4   -0.0147113
4 3 5   -0.0133956
4 3 6   -0.0125279
;

f11 = 8.96663

f12 = 12.0617

f13 = -3.58177

f21 = 7.24142

f22 = 11.122

f23 = 5.18166

f31 = -1.8826

f32 = 2.54735

f33 = -0.853685

