solve_message = ' \
Ipopt 3.9.1: Converged to a locally infeasible point. Problem may be infeasible.'

Solve time:
_solve_time = 15.5221

Objective:
torque = 8.45386

cnh1 = -0.656628

cnh2 = 0.552872

cnh3 = -0.0333008

snh1 = -0.669955

snh2 = -0.757847

snh3 = 0.937492

Hx = 0.0490997

Hy = -0.0411454

Hz = -0.0212718

cnf11 = 0.712822

cnf21 = 0.293023

cnf31 = 0.359286

cnf12 = 0.712822

cnf22 = 0.6865

cnf32 = 0.562643

cnt1 = 0.43217

cnt2 = 0.476104

snf11 = 0.609824

snf21 = 0.99635

snf31 = 0.962893

snf12 = 0.609824

snf22 = 0.639311

snf32 = 0.814979

snt1 = 0.832604

snt2 = 0.862127

p :=
1 1   -0.0344246
1 2    0.000514611
1 3   -0.0319538
2 1    0.00261249
2 2    0.0291764
2 3    0.0639809
3 1    0.00538352
3 2    0.0328729
3 3   -0.0588059
;

mf :=
1 1    0.889645
1 2   -0.147973
1 3   -0.127746
2 1    0.0757463
2 2   -0.117059
2 3   -0.784609
;

mt [*] :=
1   0.0509256
2  -0.591387
3   0.592205
;

phi :=
1 1   0.0365977
1 2   0.0803927
1 3   0.0446877
2 1   0.00250584
2 2   0.0277907
2 3   0
3 1   0.0364281
3 2   0.0801518
3 3   0.0444333
4 1   0.149374
4 2   0.211908
4 3   0.318226
;

l [*,1,*]
:      1           2           3        :=
1   0.88961    -0.147502   -0.128405
2   0.934065   -0.739203    0.700119
3   0.889752   -0.149386   -0.125768
4   0.845226    0.443255   -0.955608

 [*,2,*]
:       1            2            3        :=
1    0.075025    -0.117082    -0.784634
2    0.981514    -0.0884212   -0.752899
3    0.0779102   -0.116991    -0.784533
4   -0.830018    -0.145697    -0.816319

 [*,3,*]
:       1            2            3        :=
1    0.0507744   -0.590898     0.592774
2    0.240855    -1.20624     -0.121564
3    0.0513794   -0.592856     0.5905
4   -0.139003     0.0234621    1.30597
;

W[i,j,k] :=
1 1 1    0.88961
1 1 2   -0.147502
1 1 3   -0.128405
2 1 1    0.934065
2 1 2   -0.739203
2 1 3    0.700119
3 1 1    0.889752
3 1 2   -0.149386
3 1 3   -0.125768
4 1 1    0.845226
4 1 2    0.443255
4 1 3   -0.955608
;

W[i,j,k] :=
1 1 4   -0.00477934
1 1 5   -0.0328467
1 1 6    0.0046199
2 1 4   -0.0232601
2 1 5   -0.00574563
2 1 6    0.0249661
3 1 4   -0.00483816
3 1 5   -0.0327605
3 1 6    0.00468466
4 1 4    0.0136719
4 1 5   -0.0599046
4 1 6   -0.0156938
;

W[i,j,k] :=
1 2 1    0.075025
1 2 2   -0.117082
1 2 3   -0.784634
2 2 1    0.981514
2 2 2   -0.0884212
2 2 3   -0.752899
3 2 1    0.0779102
3 2 2   -0.116991
3 2 3   -0.784533
4 2 1   -0.830018
4 2 2   -0.145697
4 2 3   -0.816319
;

W[i,j,k] :=
1 2 4   -0.0154017
1 2 5    0.00685001
1 2 6   -0.00249483
2 2 4   -0.0163096
2 2 5    0.0647651
2 2 6   -0.028868
3 2 4   -0.0154046
3 2 5    0.00703434
3 2 6   -0.00257877
4 2 4   -0.0144954
4 2 5   -0.0509727
4 2 6    0.0238363
;

W[i,j,k] :=
1 3 1    0.0507744
1 3 2   -0.590898
1 3 3    0.592774
2 3 1    0.240855
2 3 2   -1.20624
2 3 3   -0.121564
3 3 1    0.0513794
3 3 2   -0.592856
3 3 3    0.5905
4 3 1   -0.139003
4 3 2    0.0234621
4 3 3    1.30597
;

W[i,j,k] :=
1 3 4   -0.0152621
1 3 5   -0.00617704
1 3 6   -0.00485021
2 3 4   -0.0749301
2 3 5   -0.0135093
2 3 6   -0.0144114
3 3 4   -0.015452
3 3 5   -0.00620038
3 3 6   -0.00488064
4 3 4    0.0443108
4 3 5    0.0011435
4 3 6    0.00469575
;

f11 = 8.57038

f12 = 15

f13 = -3.02387

f21 = 5.60606

f22 = 15

f23 = 1.46296

f31 = 13.1941

f32 = 15

f33 = -0.52574

