solve_message = ' \
Ipopt 3.9.1: Optimal Solution Found'

Solve time:
_solve_time = 19.4065

Objective:
torque = 2.85182

cnh1 = 0.640464

cnh2 = 0.304276

cnh3 = -1.02868

snh1 = -0.685424

snh2 = 0.887365

snh3 = 0.0144918

Hx = 0.0409433

Hy = -0.0419279

Hz = 0.0631638

cnf11 = 0.934169

cnf21 = 0.852409

cnf31 = 0.641218

cnf12 = 0.934169

cnf22 = 0.852541

cnf32 = 0.641298

cnt1 = 0.354898

cnt2 = 0.36138

snf11 = 0

snf21 = 0.391663

snf31 = 0.757344

snf12 = 0

snf22 = 0.391375

snf32 = 0.757278

snt1 = 0.998022

snt2 = 0.973664

p :=
1 1    0.0292213
1 2   -0.0100774
1 3   -0.0597522
2 1    0.00875889
2 2   -0.029724
2 3   -0.0596418
3 1   -0.0238412
3 2    0.0253843
3 3    0.0517469
;

mf :=
1 1   -0.258367
1 2    0.380024
1 3    0.664749
2 1   -0.36556
2 2    0.277753
2 3    0.665211
;

mt [*] :=
1   0.639129
2  -0.667199
3  -0.362658
;

phi :=
1 1   0.0664109
1 2   0.067126
1 3   0.0978122
2 1   0.03084
2 2   0.0356202
2 3   0.0440748
3 1   0.066267
3 2   0.0670026
3 3   0.0975777
4 1   0.128409
4 2   0.117595
4 3   0.215187
;

l [*,1,*]
:       1           2          3        :=
1   -0.258261    0.380722   0.664388
2   -0.390449   -0.496437   1.11904
3   -0.258682    0.37793    0.665835
4   -0.126284    1.25648    0.210463

 [*,2,*]
:       1           2          3        :=
1   -0.365457    0.278492   0.664946
2   -0.494937   -0.650033   0.998346
3   -0.365869    0.275536   0.666007
4   -0.236183    1.20554    0.332077

 [*,3,*]
:       1           2           3        :=
1    0.638522   -0.66746    -0.363273
2    1.40102    -0.34059     0.409435
3    0.640949   -0.666419   -0.360813
4   -0.122756   -0.993808   -1.13475
;

W[i,j,k] :=
1 1 1   -0.258261
1 1 2    0.380722
1 1 3    0.664388
2 1 1   -0.390449
2 1 2   -0.496437
2 1 3    1.11904
3 1 1   -0.258682
3 1 2    0.37793
3 1 3    0.665835
4 1 1   -0.126284
4 1 2    1.25648
4 1 3    0.210463
;

W[i,j,k] :=
1 1 4    0.0160537
1 1 5   -0.0039826
1 1 6    0.00852259
2 1 4   -0.0409402
2 1 5   -0.00936956
2 1 6   -0.0184413
3 1 4    0.0158723
3 1 5   -0.00399974
3 1 6    0.00843677
4 1 4    0.0729566
4 1 5    0.00139577
4 1 6    0.0354434
;

W[i,j,k] :=
1 2 1   -0.365457
1 2 2    0.278492
1 2 3    0.664946
2 2 1   -0.494937
2 2 2   -0.650033
2 2 3    0.998346
3 2 1   -0.365869
3 2 2    0.275536
3 2 3    0.666007
4 2 1   -0.236183
4 2 2    1.20554
4 2 3    0.332077
;

W[i,j,k] :=
1 2 4   -0.00315511
1 2 5    0.0159723
1 2 6   -0.00842357
2 2 4   -0.068444
2 2 5    0.0207745
2 2 6   -0.0204051
3 2 4   -0.00336291
3 2 5    0.0159876
3 2 6   -0.0084617
4 2 4    0.0620297
4 2 5    0.0111778
4 2 6    0.00353883
;

W[i,j,k] :=
1 3 1    0.638522
1 3 2   -0.66746
1 3 3   -0.363273
2 3 1    1.40102
2 3 2   -0.34059
2 3 3    0.409435
3 3 1    0.640949
3 3 2   -0.666419
3 3 3   -0.360813
4 3 1   -0.122756
4 3 2   -0.993808
4 3 3   -1.13475
;

W[i,j,k] :=
1 3 4    0.0253175
1 3 5    0.0243806
1 3 6   -0.000295406
2 3 4    0.0280177
2 3 5    0.0822596
2 3 6   -0.0274438
3 3 4    0.0253261
3 3 5    0.0245649
3 3 6   -0.000381813
4 3 4    0.0226216
4 3 5   -0.033406
4 3 6    0.0268097
;

f11 = 2.04983

f12 = 2.66118

f13 = -0.671248

f21 = -3.4114

f22 = 4.63024

f23 = 1.48438

f31 = 8.23716

f32 = 10.4319

f33 = 1.38477

