solve_message = ' \
Ipopt 3.9.1: Optimal Solution Found'

Solve time:
_solve_time = 7.90925

Objective:
torque = 3.64537

cnh1 = -0.907793

cnh2 = -0.935816

cnh3 = -0.215738

snh1 = 0.236459

snh2 = 0.0651764

snh3 = 0.912939

Hx = -0.0146631

Hy = -0.0711871

Hz = -0.0287659

cnf11 = 0.27073

cnf21 = 0.591394

cnf31 = 0.52744

cnf12 = 0.27073

cnf22 = 0.471081

cnf32 = 0.424858

cnt1 = 0.460044

cnt2 = 0.427256

snf11 = 0.898168

snf21 = 0.728185

snf31 = 0.83631

snf12 = 0.898168

snf22 = 0.948727

snf32 = 0.926845

snt1 = 0.943184

snt2 = 0.92198

p :=
1 1    0.0233558
1 2   -0.0161544
1 3    0.064449
2 1    0.018657
2 2    0.0268914
2 3   -0.0601427
3 1   -0.0243564
3 2    0.0243564
3 3   -0.0049583
;

mf :=
1 1   -0.272375
1 2   -0.0269059
1 3   -0.718706
2 1   -0.346144
2 2   -0.668629
2 3    0.52203
;

mt [*] :=
1   0.54879
2  -0.738579
3  -0.18979
;

phi :=
1 1   0.0715162
1 2   0.048288
1 3   0.041203
2 1   0.0091249
2 2   0
2 3   0.000241296
3 1   0.0712046
3 2   0.048008
3 3   0.0410196
4 1   0.299662
4 2   0.264885
4 3   0.138526
;

l [*,1,*]
:       1           2            3        :=
1   -0.272777   -0.0263064   -0.71855
2    0.231971   -0.779705    -0.914323
3   -0.27117    -0.0287043   -0.719173
4   -0.77672     0.725891    -0.52309

 [*,2,*]
:       1           2           3        :=
1   -0.345634   -0.668406    0.522587
2   -0.987296   -0.948764   -0.178315
3   -0.347676   -0.669298    0.520357
4    0.295005   -0.388494    1.22237

 [*,3,*]
:       1           2           3        :=
1    0.549273   -0.738106   -0.190256
2   -0.05751    -1.33356     0.395184
3    0.547342   -0.740001   -0.188393
4    1.15509    -0.143601   -0.774762
;

W[i,j,k] :=
1 1 1   -0.272777
1 1 2   -0.0263064
1 1 3   -0.71855
2 1 1    0.231971
2 1 2   -0.779705
2 1 3   -0.914323
3 1 1   -0.27117
3 1 2   -0.0287043
3 1 3   -0.719173
4 1 1   -0.77672
4 1 2    0.725891
4 1 3   -0.52309
;

W[i,j,k] :=
1 1 4    0.0133032
1 1 5   -0.000797839
1 1 6   -0.00502094
2 1 4    0.0650215
2 1 5    0.0363051
2 1 6   -0.0144633
3 1 4    0.0134678
3 1 5   -0.000679749
3 1 6   -0.005051
4 1 4   -0.0383327
4 1 5   -0.0378416
4 1 6    0.00440637
;

W[i,j,k] :=
1 2 1   -0.345634
1 2 2   -0.668406
1 2 3    0.522587
2 2 1   -0.987296
2 2 2   -0.948764
2 2 3   -0.178315
3 2 1   -0.347676
3 2 2   -0.669298
3 2 3    0.520357
4 2 1    0.295005
4 2 2   -0.388494
4 2 3    1.22237
;

W[i,j,k] :=
1 2 4   -0.0261466
1 2 5    0.0110374
1 2 6   -0.00317587
2 2 4   -0.0618564
2 2 5    0.0627055
2 2 6    0.00884868
3 2 4   -0.0262603
3 2 5    0.0112019
3 2 6   -0.0031376
4 2 4    0.00950621
4 2 5   -0.0405482
4 2 6   -0.0151812
;

W[i,j,k] :=
1 3 1    0.549273
1 3 2   -0.738106
1 3 3   -0.190256
2 3 1   -0.05751
2 3 2   -1.33356
2 3 3    0.395184
3 3 1    0.547342
3 3 2   -0.740001
3 3 3   -0.188393
4 3 1    1.15509
4 3 2   -0.143601
4 3 3   -0.774762
;

W[i,j,k] :=
1 3 4   -0.0082937
1 3 5   -0.00735742
1 3 6    0.00459931
2 3 4    0.00301307
2 3 5    0.00991043
2 3 6    0.0338815
3 3 4   -0.00825772
3 3 5   -0.00730246
3 3 6    0.00469251
4 3 4   -0.0195824
4 3 5   -0.0245977
4 3 6   -0.0246362
;

f11 = 8.20303

f12 = 10.6878

f13 = -2.43659

f21 = 5.63315

f22 = 7.55889

f23 = 2.22603

f31 = -1.31875

f32 = 3.48159

f33 = -2.47763

