solve_message = ' \
Ipopt 3.9.1: Converged to a locally infeasible point. Problem may be infeasible.'

Solve time:
_solve_time = 8.26805

Objective:
torque = 5.85289

cnh1 = 0.589656

cnh2 = 0.769071

cnh3 = -0.575268

snh1 = -0.729593

snh2 = -0.53715

snh3 = -0.740991

Hx = -0.0511006

Hy = -0.0240586

Hz = 0.0220036

cnf11 = -0.171227

cnf21 = 0.265359

cnf31 = 0.430354

cnf12 = -0.171227

cnf22 = 0.40975

cnf32 = 0.46878

cnt1 = 0.599693

cnt2 = 0.476044

snf11 = 0.922324

snf21 = 0.899769

snf31 = 0.877991

snf12 = 0.922324

snf22 = 0.845653

snf32 = 0.865707

snt1 = 0.873137

snt2 = 0.894965

p :=
1 1    0.0209677
1 2    0.0286552
1 3    0.00799138
2 1    0.00140925
2 2   -0.0307072
2 3   -0.0611534
3 1    0.000116472
3 2    0.0320682
3 3   -0.0576579
;

mf :=
1 1   -0.546156
1 2   -0.562656
1 3    0.0300436
2 1   -0.203826
2 2    0.249823
2 3    0.702807
;

mt [*] :=
1   0.073397
2  -0.639259
3   0.730975
;

phi :=
1 1   0
1 2   0.0822042
1 3   0
2 1   0
2 2   0.0475889
2 3   0
3 1   0
3 2   0.082014
3 3   0
4 1   0.434879
4 2   0.390855
4 3   0.0196662
;

l [*,1,*]
:       1           2           3         :=
1   -0.546197   -0.562603    0.0293044
2   -0.494567   -0.629472    0.958395
3   -0.546033   -0.562815    0.0322614
4   -0.597745   -0.49584    -0.898305

 [*,2,*]
:       1          2          3        :=
1   -0.203148   0.249692   0.703061
2   -1.05472    0.413644   0.38359
3   -0.205858   0.250214   0.702044
4    0.647061   0.086002   1.02202

 [*,3,*]
:       1            2           3        :=
1    0.073861    -0.639709    0.730514
2   -0.509226    -0.0740763   1.31083
3    0.0720051   -0.637909    0.732361
4    0.656018    -1.20444     0.151123
;

W[i,j,k] :=
1 1 1   -0.546197
1 1 2   -0.562603
1 1 3    0.0293044
2 1 1   -0.494567
2 1 2   -0.629472
2 1 3    0.958395
3 1 1   -0.546033
3 1 2   -0.562815
3 1 3    0.0322614
4 1 1   -0.597745
4 1 2   -0.49584
4 1 3   -0.898305
;

W[i,j,k] :=
1 1 4    0.00533569
1 1 5   -0.00497932
1 1 6    0.0038549
2 1 4    0.0324934
2 1 5   -0.0240476
2 1 6    0.000973329
3 1 4    0.00542213
3 1 5   -0.00504001
3 1 6    0.00384573
4 1 4   -0.0217787
4 1 5    0.0140586
4 1 6    0.00673187
;

W[i,j,k] :=
1 2 1   -0.203148
1 2 2    0.249692
1 2 3    0.703061
2 2 1   -1.05472
2 2 2    0.413644
2 2 3    0.38359
3 2 1   -0.205858
3 2 2    0.250214
3 2 3    0.702044
4 2 1    0.647061
4 2 2    0.086002
4 2 3    1.02202
;

W[i,j,k] :=
1 2 4   -0.00631951
1 2 5    0.0114324
1 2 6   -0.00588623
2 2 4    0.0135168
2 2 5    0.0639589
2 2 6   -0.0318045
3 2 4   -0.00625638
3 2 5    0.0115996
3 2 6   -0.00596873
4 2 4   -0.0261242
4 2 5   -0.0410103
4 2 6    0.0199906
;

W[i,j,k] :=
1 3 1    0.073861
1 3 2   -0.639709
1 3 3    0.730514
2 3 1   -0.509226
2 3 2   -0.0740763
2 3 3    1.31083
3 3 1    0.0720051
3 3 2   -0.637909
3 3 3    0.732361
4 3 1    0.656018
4 3 2   -1.20444
4 3 3    0.151123
;

W[i,j,k] :=
1 3 4   -0.013458
1 3 5   -0.00434375
1 3 6   -0.0024431
2 3 4    0.0377649
2 3 5    0.0292083
2 3 6    0.0163213
3 3 4   -0.013295
3 3 5   -0.00423697
3 3 6   -0.00238337
4 3 4   -0.0645992
4 3 5   -0.0378422
4 3 6   -0.0211776
;

f11 = 11.8586

f12 = 15

f13 = 5.80814

f21 = 11.3884

f22 = 14.2289

f23 = 0.00679413

f31 = -0.338032

f32 = 0

f33 = 0.110156

