solve_message = ' \
Ipopt 3.9.1: Optimal Solution Found'

Solve time:
_solve_time = 1.70041

Objective:
torque = 3.59843

cnh1 = -0.766833

cnh2 = -0.892544

cnh3 = -0.277777

snh1 = 0.54034

snh2 = -0.28873

snh3 = 0.896013

Hx = -0.0282477

Hy = -0.0536465

Hz = -0.0215292

cnf11 = 0.838408

cnf21 = 0.54695

cnf31 = 0.512288

cnf12 = 0.838408

cnf22 = 0.245271

cnf32 = 0.390237

cnt1 = 0.357756

cnt2 = 0.45468

snf11 = 0.4208

snf21 = 0.762132

snf31 = 0.844621

snf12 = 0.4208

snf22 = 0.96468

snf32 = 0.918159

snt1 = 0.867186

snt2 = 0.870643

p :=
1 1    0.0302978
1 2   -0.0138691
1 3    0.058778
2 1    0.0331896
2 2    0.00921367
2 3   -0.0202062
3 1   -0.0147114
3 2    0.0323163
3 3   -0.00935155
;

mf :=
1 1   -0.517779
1 2    0.105402
1 3   -0.583323
2 1   -0.767374
2 2   -0.352313
2 3   -0.139039
;

mt [*] :=
1   0.232697
2  -0.773042
3   0.0569174
;

phi :=
1 1   0.0366208
1 2   0.0132143
1 3   0.0770858
2 1   0
2 2   0
2 3   0.0100202
3 1   0.0363378
3 2   0.0130125
3 3   0.0767429
4 1   0.291485
4 2   0.157438
4 3   0.352345
;

l [*,1,*]
:       1           2           3        :=
1   -0.518018    0.105989   -0.582973
2   -0.217617   -0.632482   -1.02333
3   -0.517062    0.103639   -0.584374
4   -0.81794     0.843283   -0.143321

 [*,2,*]
:       1           2            3        :=
1   -0.767577   -0.352014    -0.138392
2   -0.51213    -0.728498    -0.951666
3   -0.766764   -0.353212    -0.140981
4   -1.02262     0.0238702    0.673584

 [*,3,*]
:       1           2           3         :=
1    0.233367   -0.772849    0.0566283
2   -0.609055   -1.01549     0.419896
3    0.230686   -0.773621    0.0577845
4    1.07445    -0.530596   -0.30606
;

W[i,j,k] :=
1 1 1   -0.518018
1 1 2    0.105989
1 1 3   -0.582973
2 1 1   -0.217617
2 1 2   -0.632482
2 1 3   -1.02333
3 1 1   -0.517062
3 1 2    0.103639
3 1 3   -0.584374
4 1 1   -0.81794
4 1 2    0.843283
4 1 3   -0.143321
;

W[i,j,k] :=
1 1 4    0.00185548
1 1 5   -0.0127853
1 1 6   -0.00397321
2 1 4    0.0513687
2 1 5    0.0182135
2 1 6   -0.022181
3 1 4    0.00201307
3 1 5   -0.0126866
3 1 6   -0.00403116
4 1 4   -0.0475788
4 1 5   -0.0437346
4 1 6    0.0142055
;

W[i,j,k] :=
1 2 1   -0.767577
1 2 2   -0.352014
1 2 3   -0.138392
2 2 1   -0.51213
2 2 2   -0.728498
2 2 3   -0.951666
3 2 1   -0.766764
3 2 2   -0.353212
3 2 3   -0.140981
4 2 1   -1.02262
4 2 2    0.0238702
4 2 3    0.673584
;

W[i,j,k] :=
1 2 4   -0.00838796
1 2 5    0.020103
1 2 6   -0.00461099
2 2 4   -0.0234885
2 2 5    0.0419336
2 2 6   -0.01946
3 2 4   -0.00843603
3 2 5    0.0201725
3 2 6   -0.00465825
4 2 4    0.00668851
4 2 5   -0.00169279
4 2 6    0.0102143
;

W[i,j,k] :=
1 3 1    0.233367
1 3 2   -0.772849
1 3 3    0.0566283
2 3 1   -0.609055
2 3 2   -1.01549
2 3 3    0.419896
3 3 1    0.230686
3 3 2   -0.773621
3 3 3    0.0577845
4 3 1    1.07445
4 3 2   -0.530596
4 3 3   -0.30606
;

W[i,j,k] :=
1 3 4   -0.00539732
1 3 5   -0.00134927
1 3 6    0.0038281
2 3 4    0.00407306
2 3 5    0.0118728
2 3 6    0.0346216
3 3 4   -0.00536718
3 3 5   -0.00130718
3 3 6    0.00392611
4 3 4   -0.0148526
4 3 5   -0.0145503
4 3 6   -0.0269163
;

f11 = 7.89223

f12 = 10.1537

f13 = -1.95328

f21 = 0.34994

f22 = 0

f23 = 0.0627878

f31 = 4.76002

f32 = 10.5189

f33 = -6.94817

