solve_message = ' \
Ipopt 3.9.1: Optimal Solution Found'

Solve time:
_solve_time = 32.495

Objective:
torque = 2.61757

cnh1 = -0.762365

cnh2 = -0.109932

cnh3 = -0.694335

snh1 = 0.735391

snh2 = -0.93162

snh3 = -0.799936

Hx = 0.0842995

Hy = 0.0175838

Hz = -0.0369888

cnf11 = 0.937989

cnf21 = 0.803321

cnf31 = 0.61417

cnf12 = 0.937989

cnf22 = 0.801894

cnf32 = 0.599756

cnt1 = 0.427419

cnt2 = 0.405749

snf11 = 0

snf21 = 0.484433

snf31 = 0.778786

snf12 = 0

snf22 = 0.540324

snf32 = 0.794542

snt1 = 0.969181

snt2 = 0.939301

p :=
1 1    0.00631573
1 2   -0.0269672
1 3    0.0624521
2 1   -0.00307329
2 2    0.0233507
2 3    0.0635794
3 1   -0.0319332
3 2    0.00625207
3 3   -0.0605076
;

mf :=
1 1   -0.197422
1 2    0.0412249
1 3   -0.7989
2 1   -0.132129
2 2    0.0797064
2 3   -0.834882
;

mt [*] :=
1  0.863523
2  0.0346125
3  0.684128
;

phi :=
1 1   0.0653369
1 2   0.0634352
1 3   0.0951374
2 1   0.0282063
2 2   0.0273413
2 3   0.0381487
3 1   0.0651846
3 2   0.0632879
3 3   0.0948816
4 1   0.132591
4 2   0.127939
4 3   0.231786
;

l [*,1,*]
:       1           2            3        :=
1   -0.198017    0.040497    -0.798835
2    0.549914    0.955324    -0.880449
3   -0.195636    0.0434087   -0.799095
4   -0.944755   -0.872871    -0.71735

 [*,2,*]
:       1           2            3        :=
1   -0.132754    0.0789782   -0.834867
2    0.653867    0.994181    -0.853741
3   -0.130251    0.081891    -0.834927
4   -0.918121   -0.834765    -0.816022

 [*,3,*]
:      1           2           3        :=
1   0.862978    0.035193   0.68466
2   1.54767    -0.694337   0.0160195
3   0.865157    0.032871   0.682531
4   0.179375    0.763559   1.35223
;

W[i,j,k] :=
1 1 1   -0.198017
1 1 2    0.040497
1 1 3   -0.798835
2 1 1    0.549914
2 1 2    0.955324
2 1 3   -0.880449
3 1 1   -0.195636
3 1 2    0.0434087
3 1 3   -0.799095
4 1 1   -0.944755
4 1 2   -0.872871
4 1 3   -0.71735
;

W[i,j,k] :=
1 1 4    0.0190132
1 1 5   -0.00732134
1 1 6   -0.00508419
2 1 4   -0.0359187
2 1 5    0.039904
2 1 6    0.0208632
3 1 4    0.0188384
3 1 5   -0.00717103
3 1 6   -0.0050016
4 1 4    0.0738575
4 1 5   -0.0544713
4 1 6   -0.0309902
;

W[i,j,k] :=
1 2 1   -0.132754
1 2 2    0.0789782
1 2 3   -0.834867
2 2 1    0.653867
2 2 2    0.994181
2 2 3   -0.853741
3 2 1   -0.130251
3 2 2    0.081891
3 2 3   -0.834927
4 2 1   -0.918121
4 2 2   -0.834765
4 2 3   -0.816022
;

W[i,j,k] :=
1 2 4   -0.0245161
1 2 5   -0.0110062
1 2 6    0.00285719
2 2 4   -0.0831449
2 2 5    0.0389487
2 2 6   -0.0183237
3 2 4   -0.0247027
3 2 5   -0.0108472
3 2 6    0.00278978
4 2 4    0.0340191
4 2 5   -0.0608815
4 2 6    0.0240043
;

W[i,j,k] :=
1 3 1    0.862978
1 3 2    0.035193
1 3 3    0.68466
2 3 1    1.54767
2 3 2   -0.694337
2 3 3    0.0160195
3 3 1    0.865157
3 3 2    0.032871
3 3 3    0.682531
4 3 1    0.179375
4 3 2    0.763559
4 3 3    1.35223
;

W[i,j,k] :=
1 3 4    0.00640998
1 3 5   -0.0303533
1 3 6   -0.00651923
2 3 4   -0.0419125
2 3 5   -0.0931344
2 3 6    0.0124963
3 3 4    0.00625618
3 3 5   -0.0305531
3 3 6   -0.0064587
4 3 4    0.0546554
4 3 5    0.0323276
4 3 6   -0.0255044
;

f11 = -2.62234

f12 = 5.09146

f13 = -3.13592

f21 = 2.10793

f22 = 2.72716

f23 = 0.660735

f31 = 7.29414

f32 = 9.56455

f33 = -2.33735

