solve_message = ' \
Ipopt 3.9.1: Optimal Solution Found'

Solve time:
_solve_time = 23.6966

Objective:
torque = 2.61769

cnh1 = -0.762175

cnh2 = -0.109886

cnh3 = -0.694086

snh1 = 0.735572

snh2 = -0.931628

snh3 = -0.800137

Hx = 0.084297

Hy = 0.0175854

Hz = -0.0369798

cnf11 = 0.937993

cnf21 = 0.803295

cnf31 = 0.614156

cnf12 = 0.937993

cnf22 = 0.801861

cnf32 = 0.599755

cnt1 = 0.427433

cnt2 = 0.405757

snf11 = 0

snf21 = 0.48448

snf31 = 0.778797

snf12 = 0

snf22 = 0.540314

snf32 = 0.794537

snt1 = 0.969173

snt2 = 0.939295

p :=
1 1    0.00630487
1 2   -0.0269693
1 3    0.0624528
2 1   -0.00307985
2 2    0.0233509
2 3    0.0635816
3 1   -0.0319342
3 2    0.0062481
3 3   -0.0605071
;

mf :=
1 1   -0.1973
1 2    0.0412338
1 3   -0.79893
2 1   -0.132065
2 2    0.0796703
2 3   -0.834866
;

mt [*] :=
1  0.863454
2  0.0346565
3  0.684193
;

phi :=
1 1   0.0653555
1 2   0.0634157
1 3   0.0951384
2 1   0.0282169
2 2   0.0273274
2 3   0.0381517
3 1   0.0652032
3 2   0.0632684
3 3   0.0948826
4 1   0.13263
4 2   0.127909
4 3   0.231776
;

l [*,1,*]
:       1           2            3        :=
1   -0.197895    0.0405059   -0.798865
2    0.550007    0.955337    -0.880387
3   -0.195514    0.0434176   -0.799124
4   -0.944604   -0.872865    -0.717473

 [*,2,*]
:       1           2            3        :=
1   -0.132691    0.0789421   -0.834851
2    0.653852    0.994149    -0.853695
3   -0.130187    0.081855    -0.834911
4   -0.917978   -0.834805    -0.816037

 [*,3,*]
:      1           2            3        :=
1   0.862909    0.0352369   0.684725
2   1.5477     -0.694235    0.0161456
3   0.865089    0.0329152   0.682597
4   0.17921     0.763545    1.35224
;

W[i,j,k] :=
1 1 1   -0.197895
1 1 2    0.0405059
1 1 3   -0.798865
2 1 1    0.550007
2 1 2    0.955337
2 1 3   -0.880387
3 1 1   -0.195514
3 1 2    0.0434176
3 1 3   -0.799124
4 1 1   -0.944604
4 1 2   -0.872865
4 1 3   -0.717473
;

W[i,j,k] :=
1 1 4    0.0190151
1 1 5   -0.00732235
1 1 6   -0.00508171
2 1 4   -0.03592
2 1 5    0.0399002
2 1 6    0.0208566
3 1 4    0.0188403
3 1 5   -0.00717205
3 1 6   -0.00499916
4 1 4    0.0738626
4 1 5   -0.0544696
4 1 6   -0.0309787
;

W[i,j,k] :=
1 2 1   -0.132691
1 2 2    0.0789421
1 2 3   -0.834851
2 2 1    0.653852
2 2 2    0.994149
2 2 3   -0.853695
3 2 1   -0.130187
3 2 2    0.081855
3 2 3   -0.834911
4 2 1   -0.917978
4 2 2   -0.834805
4 2 3   -0.816037
;

W[i,j,k] :=
1 2 4   -0.0245138
1 2 5   -0.0110079
1 2 6    0.0028553
2 2 4   -0.0831441
2 2 5    0.0389437
2 2 6   -0.0183298
3 2 4   -0.0247004
3 2 5   -0.0108489
3 2 6    0.00278787
4 2 4    0.034023
4 2 5   -0.0608798
4 2 6    0.0240066
;

W[i,j,k] :=
1 3 1    0.862909
1 3 2    0.0352369
1 3 3    0.684725
2 3 1    1.5477
2 3 2   -0.694235
2 3 3    0.0161456
3 3 1    0.865089
3 3 2    0.0329152
3 3 3    0.682597
4 3 1    0.17921
4 3 2    0.763545
4 3 3    1.35224
;

W[i,j,k] :=
1 3 4    0.00641035
1 3 5   -0.0303459
1 3 6   -0.00651676
2 3 4   -0.0419052
2 3 5   -0.0931313
2 3 6    0.0124997
3 3 4    0.00625658
3 3 5   -0.0305458
3 3 6   -0.00645624
4 3 4    0.0546488
4 3 5    0.0323393
4 3 6   -0.0255029
;

f11 = -2.62196

f12 = 5.09077

f13 = -3.13549

f21 = 2.10836

f22 = 2.72758

f23 = 0.660427

f31 = 7.29421

f32 = 9.56472

f33 = -2.33737

