solve_message = ' \
Ipopt 3.9.1: Maximum Number of Iterations Exceeded.'

Solve time:
_solve_time = 87.3294

Objective:
torque = 7.52832

cnh1 = -0.904234

cnh2 = -0.667557

cnh3 = -0.106143

snh1 = -0.3738

snh2 = -0.663659

snh3 = 0.99094

Hx = 0.0378804

Hy = -0.0996642

Hz = -0.0381585

cnf11 = 0.602359

cnf21 = 0.735827

cnf31 = 0.571761

cnf12 = 0.602327

cnf22 = 0.51432

cnf32 = 0.443826

cnt1 = 0.460919

cnt2 = 0.435084

snf11 = 0.745737

snf21 = 0.622861

snf31 = 0.813842

snf12 = 0.745722

snf22 = 0.923779

snf32 = 0.914322

snt1 = 0.930512

snt2 = 0.913469

p :=
1 1   -0.0207262
1 2   -0.0181711
1 3    0.0645671
2 1    0.01864
2 2    0.0293621
2 3   -0.0498722
3 1   -0.0317805
3 2    0.00622936
3 3   -0.0575488
;

mf :=
1 1    0.085291
1 2    0.0248661
1 3   -0.859064
2 1   -0.416791
2 2   -0.892741
2 3    0.0387054
;

mt [*] :=
1   0.780559
2  -0.358329
3   0.502425
;

phi :=
1 1   0.0739344
1 2   0.0464774
1 3   0.0637952
2 1   0.0244997
2 2   0
2 3   0.0113278
3 1   0.073711
3 2   0.0462465
3 3   0.0635457
4 1   0.202706
4 2   0.19873
4 3   0.228286
;

l [*,1,*]
:       1            2            3        :=
1    0.0845558    0.0247947   -0.859128
2    1.04144     -0.333828    -0.774342
3    0.0876014    0.0236533   -0.858858
4   -0.870805     0.382847    -0.943779

 [*,2,*]
:       1           2           3         :=
1   -0.417184   -0.892519    0.0392907
2    0.179641   -1.29001    -0.772123
3   -0.415284   -0.893784    0.0367081
4   -1.01306    -0.495658    0.84941

 [*,3,*]
:      1           2          3        :=
1   0.780912   -0.357652   0.502305
2   0.309942   -1.3361     0.640066
3   0.779413   -0.360766   0.502744
4   1.25113     0.61924    0.364765
;

W[i,j,k] :=
1 1 1    0.0845553
1 1 2    0.0247972
1 1 3   -0.859128
2 1 1    1.04144
2 1 2   -0.333826
2 1 3   -0.774341
3 1 1    0.0876009
3 1 2    0.0236558
3 1 3   -0.858858
4 1 1   -0.870806
4 1 2    0.38285
4 1 3   -0.943778
;

W[i,j,k] :=
1 1 4    0.0140103
1 1 5   -0.0123402
1 1 6    0.00102523
2 1 4    0.0355876
2 1 5    0.0510646
2 1 6    0.0258441
3 1 4    0.014079
3 1 5   -0.0121384
3 1 6    0.00110422
4 1 4   -0.00753297
4 1 5   -0.0756432
4 1 6   -0.0237539
;

W[i,j,k] :=
1 2 1   -0.417183
1 2 2   -0.892519
1 2 3    0.0392905
2 2 1    0.179643
2 2 2   -1.29001
2 2 3   -0.772124
3 2 1   -0.415283
3 2 2   -0.893784
3 2 3    0.0367079
4 2 1   -1.01306
4 2 2   -0.495657
4 2 3    0.849412
;

W[i,j,k] :=
1 2 4   -0.0433627
1 2 5    0.0200594
1 2 6   -0.00438131
2 2 4   -0.086954
2 2 5    0.00533473
2 2 6   -0.0292638
3 2 4   -0.0435015
3 2 5    0.0200125
3 2 6   -0.00446051
4 2 4    0.000158216
4 2 5    0.034762
4 2 6    0.0204619
;

W[i,j,k] :=
1 3 1    0.780912
1 3 2   -0.357649
1 3 3    0.502306
2 3 1    0.309943
2 3 2   -1.3361
2 3 3    0.640065
3 3 1    0.779413
3 3 2   -0.360763
3 3 3    0.502744
4 3 1    1.25113
4 3 2    0.619247
4 3 3    0.364767
;

W[i,j,k] :=
1 3 4   -0.0174463
1 3 5   -0.0289778
1 3 6    0.00651899
2 3 4   -0.0728836
2 3 5    0.00250631
2 3 6    0.040513
3 3 4   -0.0176227
3 3 5   -0.0288776
3 3 6    0.00662718
4 3 4    0.0379016
4 3 5   -0.0604099
4 3 6   -0.0274204
;

f11 = 2.46449

f12 = 13.5823

f13 = -2.5192

f21 = 12.0263

f22 = 15

f23 = 0.436742

f31 = 8.31256

f32 = 14.5085

f33 = 5.73616

