solve_message = ' \
Ipopt 3.9.1: Converged to a locally infeasible point. Problem may be infeasible.'

Solve time:
_solve_time = 5.16363

Objective:
torque = 5.89325

cnh1 = 0.490913

cnh2 = -0.0119971

cnh3 = 0.937821

snh1 = -0.799378

snh2 = 0.938006

snh3 = 0.022182

Hx = -0.036186

Hy = 0.0775717

Hz = -0.0485606

cnf11 = -0.00625785

cnf21 = 0.500557

cnf31 = 0.43699

cnf12 = -0.00625785

cnf22 = 0.324176

cnf32 = 0.365165

cnt1 = -0.080088

cnt2 = 0.371367

snf11 = 0.938063

snf21 = 0.933509

snf31 = 0.919203

snf12 = 0.938063

snf22 = 0.995144

snf32 = 0.963003

snt1 = 0.934658

snt2 = 0.861444

p :=
1 1   -0.0185284
1 2   -0.02834
1 3   -0.0494855
2 1    0.0332073
2 2   -0.00656967
2 3   -0.0495678
3 1   -0.006505
3 2    0.0314542
3 3   -0.0575366
;

mf :=
1 1    0.353968
1 2    0.817945
1 3    0.0018813
2 1   -0.829425
2 2    0.318616
2 3    0.00565344
;

mt [*] :=
1  -0.347382
2   0.598857
3  -0.251476
;

phi :=
1 1   0.0214484
1 2   0.0149082
1 3   0.00274903
2 1   0
2 2   0
2 3   0
3 1   0.0210841
3 2   0.0146135
3 3   0.00270196
4 1   0.480379
4 2   0.481325
4 3   0.0264442
;

l [*,1,*]
:       1          2            3          :=
1    0.354494   0.817715    0.00243314
2   -0.306406   1.10587    -0.691101
3    0.352391   0.818633    0.000225782
4    1.01434    0.530025    0.694861

 [*,2,*]
:       1           2            3         :=
1   -0.829629    0.318093    0.00508503
2   -0.57361     0.974809    0.719439
3   -0.828814    0.320183    0.00735866
4   -1.08524    -0.337575   -0.708129

 [*,3,*]
:       1          2           3        :=
1   -0.346828   0.599019   -0.251977
2   -1.04349    0.396324    0.377752
3   -0.349045   0.598374   -0.249972
4    0.348726   0.801391   -0.8807
;

W[i,j,k] :=
1 1 1    0.354494
1 1 2    0.817715
1 1 3    0.00243314
2 1 1   -0.306406
2 1 2    1.10587
2 1 3   -0.691101
3 1 1    0.352391
3 1 2    0.818633
3 1 3    0.000225782
4 1 1    1.01434
4 1 2    0.530025
4 1 3    0.694861
;

W[i,j,k] :=
1 1 4    0.0403961
1 1 5   -0.0174972
1 1 6   -0.00510458
2 1 4    0.0743101
2 1 5    0.00235769
2 1 6   -0.0291734
3 1 4    0.040504
3 1 5   -0.017434
3 1 6   -0.00518119
4 1 4    0.00653623
4 1 5   -0.0373205
4 1 6    0.0189259
;

W[i,j,k] :=
1 2 1   -0.829629
1 2 2    0.318093
1 2 3    0.00508503
2 2 1   -0.57361
2 2 2    0.974809
2 2 3    0.719439
3 2 1   -0.828814
3 2 2    0.320183
3 2 3    0.00735866
4 2 1   -1.08524
4 2 2   -0.337575
4 2 3   -0.708129
;

W[i,j,k] :=
1 2 4    0.0157338
1 2 5    0.0409541
1 2 6    0.00511264
2 2 4    0.0435927
2 2 5    0.00454199
2 2 6    0.0286024
3 2 4    0.0158225
3 2 5    0.0408382
3 2 6    0.0051874
4 2 4   -0.0120807
4 2 5    0.0773081
4 2 6   -0.0183396
;

W[i,j,k] :=
1 3 1   -0.346828
1 3 2    0.599019
1 3 3   -0.251977
2 3 1   -1.04349
2 3 2    0.396324
2 3 3    0.377752
3 3 1   -0.349045
3 3 2    0.598374
3 3 3   -0.249972
4 3 1    0.348726
4 3 2    0.801391
4 3 3   -0.8807
;

W[i,j,k] :=
1 3 4    0.0265398
1 3 5    0.0183162
1 3 6    0.00701257
2 3 4    0.034685
2 3 5    0.0624963
2 3 6    0.0302442
3 3 4    0.0265657
3 3 5    0.0184568
3 3 6    0.00708651
4 3 4    0.0184076
4 3 5   -0.0257935
4 3 6   -0.0161819
;

f11 = 13.2033

f12 = 15

f13 = 0.178401

f21 = 11.0914

f22 = 13.8592

f23 = -0.17202

f31 = 0.281277

f32 = 0

f33 = -0.217406

