solve_message = ' \
Ipopt 3.9.1: Optimal Solution Found'

Solve time:
_solve_time = 7.45685

Objective:
torque = 2.69436

cnh1 = -0.957231

cnh2 = -0.102452

cnh3 = 0.333673

snh1 = 0.453556

snh2 = 0.932472

snh3 = 1.00532

Hx = -0.0207183

Hy = -0.0852625

Hz = 0.0344395

cnf11 = 0.938062

cnf21 = 0.810444

cnf31 = 0.617804

cnf12 = 0.938062

cnf22 = 0.788465

cnf32 = 0.606829

cnt1 = 0.400093

cnt2 = 0.392429

snf11 = 0

snf21 = 0.47242

snf31 = 0.776006

snf12 = 0

snf22 = 0.50827

snf32 = 0.784309

snt1 = 0.980778

snt2 = 0.948529

p :=
1 1    0.0276602
1 2   -0.00395435
1 3   -0.0625601
2 1   -0.023365
2 2    0.00432298
2 3   -0.06355
3 1   -0.00723803
3 2    0.0306699
3 3    0.0587956
;

mf :=
1 1   -0.0574582
1 2    0.187491
1 3    0.801424
2 1   -0.0787261
2 2    0.129094
2 3    0.80739
;

mt [*] :=
1  -0.0473203
2  -0.888796
3  -0.686332
;

phi :=
1 1   0.0647272
1 2   0.064811
1 3   0.0926026
2 1   0.0271907
2 2   0.0279119
2 3   0.03524
3 1   0.0645726
3 2   0.0646598
3 3   0.0923429
4 1   0.133543
4 2   0.131483
4 3   0.234078
;

l [*,1,*]
:       1            2          3        :=
1   -0.0567311    0.188071   0.801387
2   -0.970575    -0.541104   0.847886
3   -0.0596396    0.185751   0.801535
4    0.855655     0.916083   0.754963

 [*,2,*]
:       1            2          3        :=
1   -0.0780014    0.12968    0.807391
2   -0.988756    -0.607096   0.806591
3   -0.0809001    0.127335   0.807388
4    0.831301     0.865281   0.80819

 [*,3,*]
:       1           2            3         :=
1   -0.047863   -0.888214   -0.686874
2    0.634248   -1.61943    -0.00617495
3   -0.045692   -0.890541   -0.684707
4   -0.728886   -0.158164   -1.36649
;

W[i,j,k] :=
1 1 1   -0.0567311
1 1 2    0.188071
1 1 3    0.801387
2 1 1   -0.970575
2 1 2   -0.541104
2 1 3    0.847886
3 1 1   -0.0596396
3 1 2    0.185751
3 1 3    0.801535
4 1 1    0.855655
4 1 2    0.916083
4 1 3    0.754963
;

W[i,j,k] :=
1 1 4    0.0085968
1 1 5   -0.0186174
1 1 6    0.00497776
2 1 4   -0.0372044
2 1 5    0.0372666
2 1 6   -0.018805
3 1 4    0.00845102
3 1 5   -0.0184396
3 1 6    0.00490206
4 1 4    0.0543249
4 1 5   -0.0744123
4 1 6    0.0287226
;

W[i,j,k] :=
1 2 1   -0.0780014
1 2 2    0.12968
1 2 3    0.807391
2 2 1   -0.988756
2 2 2   -0.607096
2 2 3    0.806591
3 2 1   -0.0809001
3 2 2    0.127335
3 2 3    0.807388
4 2 1    0.831301
4 2 2    0.865281
4 2 3    0.80819
;

W[i,j,k] :=
1 2 4    0.0117315
1 2 5    0.0238217
1 2 6   -0.00269278
2 2 4   -0.0350941
2 2 5    0.0816815
2 2 6    0.0184592
3 2 4    0.0115824
3 2 5    0.0240059
3 2 6   -0.00262546
4 2 4    0.0584824
4 2 5   -0.0339458
4 2 6   -0.023811
;

W[i,j,k] :=
1 3 1   -0.047863
1 3 2   -0.888214
1 3 3   -0.686874
2 3 1    0.634248
2 3 2   -1.61943
2 3 3   -0.00617495
3 3 1   -0.045692
3 3 2   -0.890541
3 3 3   -0.684707
4 3 1   -0.728886
4 3 2   -0.158164
4 3 3   -1.36649
;

W[i,j,k] :=
1 3 4    0.0311567
1 3 5   -0.00778575
1 3 6    0.00789687
2 3 4    0.0950259
2 3 5    0.0372463
2 3 6   -0.00773082
3 3 4    0.03136
3 3 5   -0.00764242
3 3 6    0.00784713
4 3 4   -0.0326106
4 3 5   -0.052746
4 3 6    0.0234996
;

f11 = 3.29157

f12 = 4.45472

f13 = -1.40928

f21 = -1.84618

f22 = 2.42539

f23 = 0.69025

f31 = 5.9327

f32 = 9.78372

f33 = -0.508368

