solve_message = ' \
Ipopt 3.9.1: Optimal Solution Found'

Solve time:
_solve_time = 25.9898

Objective:
torque = 5.27635

cnh1 = -0.537748

cnh2 = 0.938036

cnh3 = -0.165369

snh1 = -0.768653

snh2 = -0.00940422

snh3 = 0.923392

Hx = 0.0534392

Hy = -0.0487707

Hz = 0.0186796

cnf11 = 0.379163

cnf21 = 0.513975

cnf31 = 0.501483

cnf12 = 0.379163

cnf22 = 0.417048

cnf32 = 0.471624

cnt1 = 0.494778

cnt2 = 0.434643

snf11 = 0.858042

snf21 = 0.784748

snf31 = 0.85021

snf12 = 0.858042

snf22 = 0.840281

snf32 = 0.864036

snt1 = 0.936586

snt2 = 0.920672

p :=
1 1   -0.0160679
1 2   -0.0249648
1 3   -0.06113
2 1   -0.0299387
2 2   -0.00838359
2 3    0.0594902
3 1   -0.000504807
3 2    0.0355037
3 3    0.00170368
;

mf :=
1 1    0.362549
1 2    0.0923573
1 3    0.677812
2 1    0.600361
2 2   -0.117427
2 3   -0.482932
;

mt [*] :=
1   0.0248063
2  -0.942575
3   0.108513
;

phi :=
1 1   0.0605424
1 2   0.0557635
1 3   0.038666
2 1   0.00205896
2 2   0
2 3   0
3 1   0.0602501
3 2   0.0554778
3 3   0.0384425
4 1   0.275211
4 2   0.267766
4 3   0.18096
;

l [*,1,*]
:      1           2           3        :=
1   0.362501    0.0930831   0.677708
2   0.423057   -0.819123    0.80779
3   0.362693    0.0901798   0.678122
4   0.302041    1.00383     0.547833

 [*,2,*]
:       1            2            3        :=
1    0.599873    -0.117541    -0.483462
2    1.21413      0.0256274    0.183489
3    0.601828    -0.117085    -0.481339
4   -0.0134044   -0.26048     -1.14935

 [*,3,*]
:       1            2           3        :=
1    0.0241299   -0.942539    0.108983
2    0.874325    -0.987557   -0.482248
3    0.0268358   -0.942683    0.107102
4   -0.824709    -0.897594    0.699272
;

W[i,j,k] :=
1 1 1    0.362501
1 1 2    0.0930831
1 1 3    0.677708
2 1 1    0.423057
2 1 2   -0.819123
2 1 3    0.80779
3 1 1    0.362693
3 1 2    0.0901798
3 1 3    0.678122
4 1 1    0.302041
4 1 2    1.00383
4 1 3    0.547833
;

W[i,j,k] :=
1 1 4   -0.0112287
1 1 5   -0.0112703
1 1 6    0.0075541
2 1 4   -0.0702393
2 1 5   -0.0128819
2 1 6    0.0237231
3 1 4   -0.0114165
3 1 5   -0.0112754
3 1 6    0.00760556
4 1 4    0.0476879
4 1 5   -0.00966124
4 1 6   -0.00858914
;

W[i,j,k] :=
1 2 1    0.599873
1 2 2   -0.117541
1 2 3   -0.483462
2 2 1    1.21413
2 2 2    0.0256274
2 2 3    0.183489
3 2 1    0.601828
3 2 2   -0.117085
3 2 3   -0.481339
4 2 1   -0.0134044
4 2 2   -0.26048
4 2 3   -1.14935
;

W[i,j,k] :=
1 2 4    0.0110457
1 2 5    0.0212123
1 2 6    0.0085481
2 2 4   -0.00306288
2 2 5    0.0777223
2 2 6    0.00941152
3 2 4    0.0110008
3 2 5    0.0213922
3 2 6    0.00855084
4 2 4    0.0251317
4 2 5   -0.0352075
4 2 6    0.00768605
;

W[i,j,k] :=
1 3 1    0.0241299
1 3 2   -0.942539
1 3 3    0.108983
2 3 1    0.874325
2 3 2   -0.987557
2 3 3   -0.482248
3 3 1    0.0268358
3 3 2   -0.942683
3 3 3    0.107102
4 3 1   -0.824709
4 3 2   -0.897594
4 3 3    0.699272
;

W[i,j,k] :=
1 3 4    0.0054751
1 3 5    9.6124e-05
1 3 6   -0.000380898
2 3 4   -0.0154391
2 3 5    0.00124613
2 3 6   -0.0305432
3 3 4    0.00540854
3 3 5    9.97843e-05
3 3 6   -0.000476898
4 3 4    0.0263559
4 3 5   -0.00105205
4 3 6    0.0297333
;

f11 = 5.20933

f12 = 8.50057

f13 = 4.38508

f21 = 6.09912

f22 = 8.75002

f23 = -1.03468

f31 = 7.53024

f32 = 9.42885

f33 = -0.559956

