solve_message = ' \
Ipopt 3.9.1: Optimal Solution Found'

Solve time:
_solve_time = 69.7792

Objective:
torque = 4.90783

cnh1 = -0.904204

cnh2 = 0.927752

cnh3 = -0.417406

snh1 = -0.24983

snh2 = 0.138836

snh3 = 0.840102

Hx = 0.0103566

Hy = -0.0654485

Hz = 0.048217

cnf11 = 0.208545

cnf21 = 0.624644

cnf31 = 0.53927

cnf12 = 0.208545

cnf22 = 0.335352

cnf32 = 0.44854

cnt1 = 0.451405

cnt2 = 0.416469

snf11 = 0.914609

snf21 = 0.699871

snf31 = 0.829451

snf12 = 0.914609

snf22 = 0.876093

snf32 = 0.872766

snt1 = 0.958245

snt2 = 0.932231

p :=
1 1    0.00216731
1 2   -0.0296521
1 3   -0.0637011
2 1   -0.0221813
2 2    0.0240776
2 3    0.0557799
3 1    0.0249734
3 2    0.0249731
3 3    0.0124759
;

mf :=
1 1    0.0232467
1 2    0.139935
1 3    0.758667
2 1    0.348207
2 2   -0.660722
2 3   -0.231062
;

mt [*] :=
1  -0.576715
2  -0.736017
3   0.159301
;

phi :=
1 1   0.0676932
1 2   0.0614376
1 3   0.0344655
2 1   0.00569135
2 2   0.00188839
2 3   0.00164846
3 1   0.0673806
3 2   0.0611379
3 3   0.0343275
4 1   0.304831
4 2   0.28762
4 3   0.0984564
;

l [*,1,*]
:       1            2          3        :=
1    0.0236709    0.140523   0.758539
2   -0.509424    -0.597649   0.919954
3    0.0219742    0.138173   0.759053
4    0.555916     0.877516   0.597381

 [*,2,*]
:       1           2           3        :=
1    0.34782    -0.660671   -0.231683
2    0.83317    -0.724865    0.549011
3    0.349365   -0.660876   -0.229199
4   -0.136755   -0.59658    -1.01113

 [*,3,*]
:       1           2            3        :=
1   -0.577308   -0.735495     0.159532
2    0.16771    -1.3916      -0.131884
3   -0.574936   -0.737583     0.158605
4   -1.32114    -0.0804325    0.450484
;

W[i,j,k] :=
1 1 1    0.0236709
1 1 2    0.140523
1 1 3    0.758539
2 1 1   -0.509424
2 1 2   -0.597649
2 1 3    0.919954
3 1 1    0.0219742
3 1 2    0.138173
3 1 3    0.759053
4 1 1    0.555916
4 1 2    0.877516
4 1 3    0.597381
;

W[i,j,k] :=
1 1 4   -0.0135408
1 1 5   -0.00315185
1 1 6    0.00100645
2 1 4   -0.0653495
2 1 5    0.0304571
2 1 6   -0.0164008
3 1 4   -0.0137057
3 1 5   -0.00304488
3 1 6    0.000951046
4 1 4    0.0381852
4 1 5   -0.0367071
4 1 6    0.0183859
;

W[i,j,k] :=
1 2 1    0.34782
1 2 2   -0.660671
1 2 3   -0.231683
2 2 1    0.83317
2 2 2   -0.724865
2 2 3    0.549011
3 2 1    0.349365
3 2 2   -0.660876
3 2 3   -0.229199
4 2 1   -0.136755
4 2 2   -0.59658
4 2 3   -1.01113
;

W[i,j,k] :=
1 2 4    0.0312738
1 2 5    0.0142623
1 2 6    0.0062799
2 2 4    0.0536517
2 2 5    0.0586519
2 2 6   -0.00398223
3 2 4    0.031345
3 2 5    0.0144036
3 2 6    0.00624724
4 2 4    0.00893151
4 2 5   -0.0300564
4 2 6    0.0165257
;

W[i,j,k] :=
1 3 1   -0.577308
1 3 2   -0.735495
1 3 3    0.159532
2 3 1    0.16771
2 3 2   -1.3916
2 3 3   -0.131884
3 3 1   -0.574936
3 3 2   -0.737583
3 3 3    0.158605
4 3 1   -1.32114
4 3 2   -0.0804325
4 3 3    0.450484
;

W[i,j,k] :=
1 3 4    0.01316
1 3 5   -0.0111865
1 3 6   -0.00395062
2 3 4    0.0140679
2 3 5    0.00538592
2 3 6   -0.0389413
3 3 4    0.0131628
3 3 5   -0.0111337
3 3 6   -0.00406199
4 3 4    0.0122535
4 3 5   -0.0277324
4 3 6    0.0309842
;

f11 = 4.36361

f12 = 7.56101

f13 = 4.2032

f21 = 7.07541

f22 = 9.13716

f23 = -1.86833

f31 = 5.9901

f32 = 7.50196

f33 = -0.507529

