solve_message = ' \
Ipopt 3.9.1: Converged to a locally infeasible point. Problem may be infeasible.'

Solve time:
_solve_time = 48.4383

Objective:
torque = 4.34054

cnh1 = 0.237891

cnh2 = 0.718629

cnh3 = 0.0101385

snh1 = -1.03219

snh2 = -0.602969

snh3 = 0.00561538

Hx = -0.0306818

Hy = 0.00497912

Hz = -0.060308

cnf11 = -1

cnf21 = -0.0244208

cnf31 = 0.376667

cnf12 = -1

cnf22 = -0.429886

cnf32 = 0.199458

cnt1 = 0.0872119

cnt2 = 0.267658

snf11 = 0

snf21 = 0.937765

snf31 = 0.869863

snf12 = 0

snf22 = 0.96809

snf32 = 0.94834

snt1 = 0.962026

snt2 = 1

p :=
1 1   -0.0311967
1 2    0.00401922
1 3   -0.0588983
2 1   -0.0237538
2 2   -0.0248936
2 3   -0.0352593
3 1   -0.0310465
3 2    0.00450369
3 3   -0.0590413
;

mf :=
1 1    0.0655084
1 2   -0.263974
1 3    0.204943
2 1   -0.0316134
2 2    0.162727
2 3   -0.143842
;

mt [*] :=
1   0.0661346
2  -0.261626
3   0.20184
;

phi :=
1 1   0.084309
1 2   0.0758121
1 3   0.0901588
2 1   0.0942369
2 2   0.128707
2 3   0.13348
3 1   0.0843397
3 2   0.0759406
3 3   0.0902717
4 1   0.0749693
4 2   0.0432056
4 3   0.0603813
;

l [*,1,*]
:       1            2           3        :=
1    0.0656185   -0.264428    0.20532
2   -0.0727243    0.305654   -0.267983
3    0.0651782   -0.262614    0.203813
4    0.203741    -0.833601    0.677867

 [*,2,*]
:       1            2           3        :=
1   -0.0315009    0.162278   -0.143472
2   -0.172877     0.726931   -0.608697
3   -0.0319509    0.164075   -0.144952
4    0.10965     -0.401474    0.321012

 [*,3,*]
:       1            2           3        :=
1    0.0662433   -0.262073    0.202211
2   -0.0703641    0.299712   -0.264675
3    0.0658086   -0.260285    0.200725
4    0.202633    -0.822962    0.668352
;

W[i,j,k] :=
1 1 1    0.0656185
1 1 2   -0.264428
1 1 3    0.20532
2 1 1   -0.0727243
2 1 2    0.305654
2 1 3   -0.267983
3 1 1    0.0651782
3 1 2   -0.262614
3 1 3    0.203813
4 1 1    0.203741
4 1 2   -0.833601
4 1 3    0.677867
;

W[i,j,k] :=
1 1 4   -0.0147491
1 1 5    0.00254048
1 1 6    0.00798554
2 1 4    0.0169254
2 1 5   -0.00407685
2 1 6   -0.0092431
3 1 4   -0.0146483
3 1 5    0.00251942
3 1 6    0.00793071
4 1 4   -0.0463731
4 1 5    0.00914725
4 1 6    0.0251867
;

W[i,j,k] :=
1 2 1   -0.0315009
1 2 2    0.162278
1 2 3   -0.143472
2 2 1   -0.172877
2 2 2    0.726931
2 2 3   -0.608697
3 2 1   -0.0319509
3 2 2    0.164075
3 2 3   -0.144952
4 2 1    0.10965
4 2 2   -0.401474
4 2 3    0.321012
;

W[i,j,k] :=
1 2 4    0.00929334
1 2 5   -0.0022973
1 2 6   -0.0046389
2 2 4    0.0407838
2 2 5   -0.00836335
2 2 6   -0.0215709
3 2 4    0.00939357
3 2 5   -0.0023166
3 2 6   -0.00469279
4 2 4   -0.0221468
4 2 5    0.00375908
4 2 6    0.0122661
;

W[i,j,k] :=
1 3 1    0.0662433
1 3 2   -0.262073
1 3 3    0.202211
2 3 1   -0.0703641
2 3 2    0.299712
2 3 3   -0.264675
3 3 1    0.0658086
3 3 2   -0.260285
3 3 3    0.200725
4 3 1    0.202633
4 3 2   -0.822962
4 3 3    0.668352
;

W[i,j,k] :=
1 3 4   -0.0145624
1 3 5    0.00236687
1 3 6    0.00783812
2 3 4    0.0165034
2 3 5   -0.00406285
2 3 6   -0.00898812
3 3 4   -0.0144636
3 3 5    0.00234641
3 3 6    0.00778457
4 3 4   -0.0455787
4 3 5    0.00878633
4 3 6    0.0246375
;

f11 = 12.6745

f12 = 15

f13 = -3.70357

f21 = -10.6322

f22 = 14.7099

f23 = 5.05577

f31 = 0.309638

f32 = 0

f33 = -0.174719

