solve_message = ' \
Ipopt 3.9.1: Optimal Solution Found'

Solve time:
_solve_time = 7.48805

Objective:
torque = 5.27637

cnh1 = 0.537746

cnh2 = 0.938036

cnh3 = -0.165369

snh1 = 0.768655

snh2 = -0.00940443

snh3 = 0.923392

Hx = -0.0534393

Hy = 0.0487705

Hz = 0.0186796

cnf11 = 0.379163

cnf21 = 0.513976

cnf31 = 0.501483

cnf12 = 0.379163

cnf22 = 0.417047

cnf32 = 0.471624

cnt1 = 0.494778

cnt2 = 0.434642

snf11 = 0.858042

snf21 = 0.784748

snf31 = 0.85021

snf12 = 0.858042

snf22 = 0.840281

snf32 = 0.864036

snt1 = 0.936587

snt2 = 0.920672

p :=
1 1    0.0160679
1 2    0.0249648
1 3   -0.0611301
2 1    0.0299387
2 2    0.00838363
2 3    0.0594902
3 1    0.000504991
3 2   -0.0355037
3 3    0.0017037
;

mf :=
1 1   -0.362549
1 2   -0.0923584
1 3    0.677812
2 1   -0.600362
2 2    0.117425
2 3   -0.482932
;

mt [*] :=
1  -0.0248098
2   0.942575
3   0.108513
;

phi :=
1 1   0.0605469
1 2   0.0557482
1 3   0.0386737
2 1   0.00205888
2 2   0
2 3   0
3 1   0.0602546
3 2   0.0554625
3 3   0.0384502
4 1   0.275253
4 2   0.267765
4 3   0.180921
;

l [*,1,*]
:       1           2           3        :=
1   -0.3625     -0.0930843   0.677708
2   -0.423059    0.819122    0.80779
3   -0.362693   -0.0901809   0.678122
4   -0.302038   -1.00384     0.547834

 [*,2,*]
:       1            2           3        :=
1   -0.599873     0.117539   -0.483462
2   -1.21413     -0.025631    0.183489
3   -0.601829     0.117084   -0.48134
4    0.0134036    0.260481   -1.14935

 [*,3,*]
:       1           2           3        :=
1   -0.0241333   0.94254     0.108984
2   -0.874328    0.987554   -0.482248
3   -0.0268393   0.942683    0.107102
4    0.824706    0.897597    0.699272
;

W[i,j,k] :=
1 1 1   -0.3625
1 1 2   -0.0930843
1 1 3    0.677708
2 1 1   -0.423059
2 1 2    0.819122
2 1 3    0.80779
3 1 1   -0.362693
3 1 2   -0.0901809
3 1 3    0.678122
4 1 1   -0.302038
4 1 2   -1.00384
4 1 3    0.547834
;

W[i,j,k] :=
1 1 4    0.0112286
1 1 5    0.0112703
1 1 6    0.00755408
2 1 4    0.0702393
2 1 5    0.0128821
2 1 6    0.0237232
3 1 4    0.0114164
3 1 5    0.0112754
3 1 6    0.00760555
4 1 4   -0.047688
4 1 5    0.00966105
4 1 6   -0.00858923
;

W[i,j,k] :=
1 2 1   -0.599873
1 2 2    0.117539
1 2 3   -0.483462
2 2 1   -1.21413
2 2 2   -0.025631
2 2 3    0.183489
3 2 1   -0.601829
3 2 2    0.117084
3 2 3   -0.48134
4 2 1    0.0134036
4 2 2    0.260481
4 2 3   -1.14935
;

W[i,j,k] :=
1 2 4   -0.0110456
1 2 5   -0.0212124
1 2 6    0.00854809
2 2 4    0.0030631
2 2 5   -0.0777223
2 2 6    0.00941146
3 2 4   -0.0110007
3 2 5   -0.0213922
3 2 6    0.00855083
4 2 4   -0.0251318
4 2 5    0.0352074
4 2 6    0.00768609
;

W[i,j,k] :=
1 3 1   -0.0241333
1 3 2    0.94254
1 3 3    0.108984
2 3 1   -0.874328
2 3 2    0.987554
2 3 3   -0.482248
3 3 1   -0.0268393
3 3 2    0.942683
3 3 3    0.107102
4 3 1    0.824706
4 3 2    0.897597
4 3 3    0.699272
;

W[i,j,k] :=
1 3 4   -0.00547513
1 3 5   -9.61502e-05
1 3 6   -0.000380848
2 3 4    0.0154391
2 3 5   -0.00124607
2 3 6   -0.0305431
3 3 4   -0.00540856
3 3 5   -9.98102e-05
3 3 6   -0.000476848
4 3 4   -0.026356
4 3 5    0.00105193
4 3 6    0.0297333
;

f11 = 5.20932

f12 = 8.50058

f13 = 4.38511

f21 = 6.09915

f22 = 8.75002

f23 = -1.03474

f31 = 7.53028

f32 = 9.4289

f33 = -0.559954

