solve_message = ' \
Ipopt 3.9.1: Maximum Number of Iterations Exceeded.'

Solve time:
_solve_time = 81.0737

Objective:
torque = 6.908

cnh1 = -0.586027

cnh2 = 0.929933

cnh3 = -0.366625

snh1 = 0.759395

snh2 = 0.131284

snh3 = 0.865129

Hx = -0.0528419

Hy = -0.0224638

Hz = 0.00757088

cnf11 = 0.903549

cnf21 = 0.307159

cnf31 = 0.44072

cnf12 = 0.903548

cnf22 = 0.149558

cnf32 = 0.381077

cnt1 = 0.409799

cnt2 = 0.460137

snf11 = 0.505738

snf21 = 0.887734

snf31 = 0.875578

snf12 = 0.505745

snf22 = 0.969557

snf32 = 0.906957

snt1 = 0.875118

snt2 = 0.87533

p :=
1 1   -0.0146432
1 2    0.0283727
1 3   -0.0600357
2 1    0.00830747
2 2    0.0343005
2 3    0.000888508
3 1    0.0360922
3 2   -0.0066145
3 3   -0.0199328
;

mf :=
1 1   -0.0433375
1 2   -0.622117
1 3    0.565088
2 1   -0.369915
2 2   -0.78089
2 3    0.131169
;

mt [*] :=
1  -0.807998
2   0.264675
3   0.0983052
;

phi :=
1 1   0.0153588
1 2   0.00655922
1 3   0.0433986
2 1   0
2 2   0
2 3   0
3 1   0.0150951
3 2   0.00534942
3 3   0.0430568
4 1   0.310929
4 2   0.205602
4 3   0.449401
;

l [*,1,*]
:       1            2          3        :=
1   -0.0427328   -0.622553   0.564731
2   -0.771977    -0.116459   1.00313
3   -0.0450538   -0.620942   0.566126
4    0.685349    -1.12785    0.127032

 [*,2,*]
:       1           2           3        :=
1   -0.369779   -0.781119    0.130406
2   -0.522112   -0.524185    1.09445
3   -0.370261   -0.780302    0.133472
4   -0.217682   -1.03766    -0.832105

 [*,3,*]
:       1           2           3         :=
1   -0.807772    0.265327    0.0985974
2   -1.14179    -0.585941   -0.277912
3   -0.808836    0.262618    0.097399
4   -0.474284    1.11521     0.474516
;

W[i,j,k] :=
1 1 1   -0.0427302
1 1 2   -0.622559
1 1 3    0.564729
2 1 1   -0.771977
2 1 2   -0.116461
2 1 3    1.00313
3 1 1   -0.0450513
3 1 2   -0.620948
3 1 3    0.566124
4 1 1    0.685356
4 1 2   -1.12788
4 1 3    0.127035
;

W[i,j,k] :=
1 1 4   -0.0212082
1 1 5    0.0107212
1 1 6    0.00992112
2 1 4    0.0215216
2 1 5    0.0609431
2 1 6    0.0227184
3 1 4   -0.0210722
3 1 5    0.0108811
3 1 6    0.00996186
4 1 4   -0.0638698
4 1 5   -0.0394214
4 1 6   -0.00285586
;

W[i,j,k] :=
1 2 1   -0.369782
1 2 2   -0.781117
1 2 3    0.130409
2 2 1   -0.522109
2 2 2   -0.524181
2 2 3    1.09445
3 2 1   -0.370262
3 2 2   -0.780301
3 2 3    0.133472
4 2 1   -0.217688
4 2 2   -1.03767
4 2 3   -0.832094
;

W[i,j,k] :=
1 2 4    0.00521719
1 2 5   -0.0013956
1 2 6    0.00581372
2 2 4    0.0381884
2 2 5   -0.00974994
2 2 6    0.012607
3 2 4    0.00532172
3 2 5   -0.00142217
3 2 6    0.00583533
4 2 4   -0.0277012
4 2 5    0.00694462
4 2 6   -0.000969142
;

W[i,j,k] :=
1 3 1   -0.807773
1 3 2    0.265325
1 3 3    0.0985969
2 3 1   -1.14179
2 3 2   -0.585939
2 3 3   -0.27791
3 3 1   -0.808836
3 3 2    0.262616
3 3 3    0.0973985
4 3 1   -0.474283
4 3 2    1.11516
4 3 3    0.474525
;

W[i,j,k] :=
1 3 4    0.00454527
1 3 5    0.0124922
1 3 6    0.00406667
2 3 4   -0.0099055
2 3 5    0.0325952
2 3 6   -0.0273245
3 3 4    0.00449927
3 3 5    0.0125562
3 3 6    0.00396676
4 3 4    0.0189746
4 3 5   -0.00758149
4 3 6    0.0354053
;

f11 = 12.9044

f12 = 15

f13 = 3.11719

f21 = 2.99176

f22 = 3.21868

f23 = 0.0325259

f31 = 12.8809

f32 = 15

f33 = -3.14818

