solve_message = ' \
Ipopt 3.9.1: Optimal Solution Found'

Solve time:
_solve_time = 16.7389

Objective:
torque = 4.04513

cnh1 = 0.901118

cnh2 = -0.938083

cnh3 = 0.305901

snh1 = -0.260741

snh2 = -0.000862446

snh3 = 0.886806

Hx = 0.014697

Hy = 0.0682394

Hz = 0.0323474

cnf11 = 0.333057

cnf21 = 0.42186

cnf31 = 0.473043

cnf12 = 0.333057

cnf22 = 0.567884

cnf32 = 0.519336

cnt1 = 0.449631

cnt2 = 0.432185

snf11 = 0.876968

snf21 = 0.837875

snf31 = 0.863438

snf12 = 0.876968

snf22 = 0.746665

snf32 = 0.840823

snt1 = 0.933113

snt2 = 0.91442

p :=
1 1   -0.0251851
1 2   -0.0213268
1 3    0.0595631
2 1   -0.0194021
2 2    0.0211247
2 3   -0.0643136
3 1    0.0243564
3 2   -0.0243564
3 3    0.00255722
;

mf :=
1 1    0.388146
1 2    0.540655
1 3   -0.404775
2 1    0.260658
2 2   -0.0138109
2 3    0.726526
;

mt [*] :=
1  -0.535936
2   0.725726
3   0.18979
;

phi :=
1 1   0.0623839
1 2   0.0702504
1 3   0.0341764
2 1   0.00482306
2 2   0.0115036
2 3   0
3 1   0.0621006
3 2   0.0699654
3 3   0.0339615
4 1   0.259475
4 2   0.259209
4 3   0.170074
;

l [*,1,*]
:       1           2           3        :=
1    0.388606    0.540127   -0.404982
2   -0.190062    1.20472    -0.14533
3    0.386765    0.542242   -0.404156
4    0.966352   -0.123402   -0.664219

 [*,2,*]
:       1           2           3        :=
1    0.260086   -0.0142418   0.726699
2    0.978494    0.527312    0.508691
3    0.262373   -0.0125181   0.726005
4   -0.457175   -0.554932    0.94436

 [*,3,*]
:       1           2           3        :=
1   -0.536361    0.72559     0.189112
2   -0.0027756   0.89672     1.04182
3   -0.534662    0.726135    0.191826
4   -1.06909     0.554733   -0.662236
;

W[i,j,k] :=
1 1 1    0.388606
1 1 2    0.540127
1 1 3   -0.404982
2 1 1   -0.190062
2 1 2    1.20472
2 1 3   -0.14533
3 1 1    0.386765
3 1 2    0.542242
3 1 3   -0.404156
4 1 1    0.966352
4 1 2   -0.123402
4 1 3   -0.664219
;

W[i,j,k] :=
1 1 4   -0.0235346
1 1 5    0.0129471
1 1 6   -0.00531542
2 1 4   -0.0686571
2 1 5   -0.0149808
2 1 6   -0.0343943
3 1 4   -0.0236783
3 1 5    0.0128582
3 1 6   -0.00540797
4 1 4    0.0215158
4 1 5    0.0408304
4 1 6    0.0237171
;

W[i,j,k] :=
1 2 1    0.260086
1 2 2   -0.0142418
1 2 3    0.726699
2 2 1    0.978494
2 2 2    0.527312
2 2 3    0.508691
3 2 1    0.262373
3 2 2   -0.0125181
3 2 3    0.726005
4 2 1   -0.457175
4 2 2   -0.554932
4 2 3    0.94436
;

W[i,j,k] :=
1 2 4    0.0144353
1 2 5   -0.00262763
1 2 6   -0.00521792
2 2 4    0.0446592
2 2 5   -0.0530608
2 2 6   -0.0309013
3 2 4    0.0145315
3 2 5   -0.00278815
3 2 6   -0.00529967
4 2 4   -0.0157404
4 2 5    0.0477251
4 2 6    0.0204245
;

W[i,j,k] :=
1 3 1   -0.536361
1 3 2    0.72559
1 3 3    0.189112
2 3 1   -0.0027756
2 3 2    0.89672
2 3 3    1.04182
3 3 1   -0.534662
3 3 2    0.726135
3 3 3    0.191826
4 3 1   -1.06909
4 3 2    0.554733
4 3 3   -0.662236
;

W[i,j,k] :=
1 3 4   -0.00646157
1 3 5   -0.00597767
1 3 6    0.00460895
2 3 4   -0.0276681
2 3 5   -0.0253821
2 3 6    0.0217733
3 3 4   -0.00652906
3 3 5   -0.00603943
3 3 6    0.00466358
4 3 4    0.0147111
4 3 5    0.0133958
4 3 6   -0.012528
;

f11 = 8.96682

f12 = 12.0617

f13 = -3.58144

f21 = 7.24114

f22 = 11.1217

f23 = 5.18161

f31 = -1.88255

f32 = 2.54745

f33 = -0.853991

