solve_message = ' \
Ipopt 3.9.1: Converged to a locally infeasible point. Problem may be infeasible.'

Solve time:
_solve_time = 7.51925

Objective:
torque = 5.46699

cnh1 = -0.930795

cnh2 = -0.568244

cnh3 = -0.694426

snh1 = -0.116709

snh2 = 0.74639

snh3 = 0.630692

Hx = 0.0685277

Hy = -0.0361616

Hz = -0.0629479

cnf11 = 1

cnf21 = 0.379858

cnf31 = 0.460879

cnf12 = 1

cnf22 = 0.0142162

cnf32 = 0.257656

cnt1 = 0.766

cnt2 = 0.649802

snf11 = 0.0469039

snf21 = 0.857735

snf31 = 0.868346

snf12 = 0.0469039

snf22 = 0.960184

snf32 = 1

snt1 = 0.360616

snt2 = 0.750167

p :=
1 1    0.0317372
1 2    0.0112605
1 3   -0.0510829
2 1    0.0246104
2 2    0.0240066
2 3   -0.0378518
3 1    0.0321038
3 2    0.00163367
3 3    0.0574751
;

mf :=
1 1   -0.656466
1 2   -0.399704
1 3    0.335744
2 1   -0.535792
2 2   -0.652283
2 3   -0.170713
;

mt [*] :=
1   0.587015
2   0.247839
3  -0.544484
;

phi :=
1 1   0.0896294
1 2   0.0329821
1 3   0.123335
2 1   0.0766158
2 2   0.00498815
2 3   0.0839027
3 1   0.089566
3 2   0.0328868
3 3   0.123196
4 1   0.115923
4 2   0.0649274
4 3   0.171186
;

l [*,1,*]
:       1           2           3        :=
1   -0.656155   -0.399821    0.336471
2   -1.04713    -0.252844   -0.576919
3   -0.657399   -0.399353    0.333564
4   -0.265802   -0.546563    1.2484

 [*,2,*]
:       1           2           3        :=
1   -0.535688   -0.652633   -0.16993
2   -0.666337   -0.213891   -1.15324
3   -0.536104   -0.651236   -0.17306
4   -0.405248   -1.09067     0.811812

 [*,3,*]
:      1           2           3        :=
1   0.586816    0.248568   -0.544351
2   0.836906   -0.667724   -0.711309
3   0.587612    0.245652   -0.544883
4   0.337125    1.1634     -0.377659
;

W[i,j,k] :=
1 1 1   -0.656155
1 1 2   -0.399821
1 1 3    0.336471
2 1 1   -1.04713
2 1 2   -0.252844
2 1 3   -0.576919
3 1 1   -0.657399
3 1 2   -0.399353
3 1 3    0.333564
4 1 1   -0.265802
4 1 2   -0.546563
4 1 3    1.2484
;

W[i,j,k] :=
1 1 4   -0.0166352
1 1 5    0.0228396
1 1 6   -0.00530057
2 1 4   -0.0194124
2 1 5    0.0718003
2 1 6    0.00376666
3 1 4   -0.016644
3 1 5    0.0229954
3 1 6   -0.00527171
4 1 4   -0.0138623
4 1 5   -0.026043
4 1 6   -0.0143533
;

W[i,j,k] :=
1 2 1   -0.535688
1 2 2   -0.652633
1 2 3   -0.16993
2 2 1   -0.666337
2 2 2   -0.213891
2 2 3   -1.15324
3 2 1   -0.536104
3 2 2   -0.651236
3 2 3   -0.17306
4 2 1   -0.405248
4 2 2   -1.09067
4 2 3    0.811812
;

W[i,j,k] :=
1 2 4   -0.0287827
1 2 5    0.0244588
1 2 6   -0.00320147
2 2 4   -0.0357816
2 2 5    0.0536038
2 2 6    0.0107326
3 2 4   -0.028805
3 2 5    0.0245516
3 2 6   -0.00315712
4 2 4   -0.0217951
4 2 5   -0.00463966
4 2 6   -0.0171133
;

W[i,j,k] :=
1 3 1    0.586816
1 3 2    0.248568
1 3 3   -0.544351
2 3 1    0.836906
2 3 2   -0.667724
2 3 3   -0.711309
3 3 1    0.587612
3 3 2    0.245652
3 3 3   -0.544883
4 3 1    0.337125
4 3 2    1.1634
4 3 3   -0.377659
;

W[i,j,k] :=
1 3 4   -0.0151758
1 3 5    0.0512031
1 3 6    0.00702132
2 3 4    0.0372155
2 3 5    0.070937
2 3 6   -0.0228037
3 3 4   -0.015009
3 3 5    0.0512659
3 3 6    0.00692639
4 3 4   -0.0674835
4 3 5    0.0315006
4 3 6    0.0367988
;

f11 = 10.3595

f12 = 15

f13 = -5.18128

f21 = -0.284492

f22 = 2.77585

f23 = 2.19147

f31 = -3.27002

f32 = 15

f33 = -3.82626

