solve_message = ' \
Ipopt 3.9.1: Maximum Number of Iterations Exceeded.'

Solve time:
_solve_time = 90.2466

Objective:
torque = 6.54002

cnh1 = -0.217742

cnh2 = 0.902106

cnh3 = -0.570472

snh1 = 0.913018

snh2 = 0.25816

snh3 = 0.74503

Hx = -0.0600328

Hy = -0.00152458

Hz = 0.032615

cnf11 = 0.518448

cnf21 = 0.421223

cnf31 = 0.472743

cnf12 = 0.518448

cnf22 = 0.295154

cnf32 = 0.372191

cnt1 = 0.431125

cnt2 = 0.408034

snf11 = 0.784977

snf21 = 0.838599

snf31 = 0.863654

snf12 = 0.784977

snf22 = 0.989209

snf32 = 0.949019

snt1 = 0.966806

snt2 = 0.937514

p :=
1 1   -0.0266906
1 2    0.00238293
1 3   -0.0629744
2 1    0.0267541
2 2    0.0217407
2 3    0.00703788
3 1    0.0214796
3 2   -0.0269804
3 3   -0.0124945
;

mf :=
1 1   -0.010703
1 2   -0.16081
1 3    0.773458
2 1   -0.768013
2 2   -0.452501
2 3    0.17142
;

mt [*] :=
1  -0.677171
2   0.637491
3   0.169725
;

phi :=
1 1   0.0326365
1 2   0.0116687
1 3   0.0263759
2 1   0
2 2   0
2 3   0
3 1   0.0323399
3 2   0.0114131
3 3   0.0260982
4 1   0.346474
4 2   0.297906
4 3   0.308365
;

l [*,1,*]
:       1            2          3        :=
1   -0.0102579   -0.161372   0.773338
2   -0.569617     0.544568   0.925302
3   -0.0120382   -0.159125   0.773821
4    0.548209    -0.866185   0.621616

 [*,2,*]
:       1           2           3        :=
1   -0.76812    -0.452526    0.170649
2   -0.633673   -0.420766    1.14012
3   -0.767692   -0.452425    0.173735
4   -0.902352   -0.484236   -0.797275

 [*,3,*]
:       1           2          3        :=
1   -0.676595    0.638079   0.169772
2   -1.40066    -0.101339   0.11171
3   -0.6789      0.635726   0.169587
4    0.046312    1.37632    0.227741
;

W[i,j,k] :=
1 1 1   -0.0102579
1 1 2   -0.161372
1 1 3    0.773338
2 1 1   -0.569617
2 1 2    0.544568
2 1 3    0.925302
3 1 1   -0.0120382
3 1 2   -0.159125
3 1 3    0.773821
4 1 1    0.548209
4 1 2   -0.866185
4 1 3    0.621616
;

W[i,j,k] :=
1 1 4   -0.00831786
1 1 5    0.0212824
1 1 6    0.00432189
2 1 4    0.036474
2 1 5    0.0605121
2 1 6   -0.0131848
3 1 4   -0.0081753
3 1 5    0.0214072
3 1 6    0.00426617
4 1 4   -0.0530383
4 1 5   -0.0178848
4 1 6    0.0218006
;

W[i,j,k] :=
1 2 1   -0.76812
1 2 2   -0.452526
1 2 3    0.170649
2 2 1   -0.633673
2 2 2   -0.420766
2 2 3    1.14012
3 2 1   -0.767692
3 2 2   -0.452425
3 2 3    0.173735
4 2 1   -0.902352
4 2 2   -0.484236
4 2 3   -0.797275
;

W[i,j,k] :=
1 2 4    0.00686185
1 2 5   -0.0100105
1 2 6    0.00459852
2 2 4    0.0277257
2 2 5   -0.035009
2 2 6    0.0025338
3 2 4    0.00692826
3 2 5   -0.01009
3 2 6    0.00459195
4 2 4   -0.0139687
4 2 5    0.0149482
4 2 6    0.00665995
;

W[i,j,k] :=
1 3 1   -0.676595
1 3 2    0.638079
1 3 3    0.169772
2 3 1   -1.40066
2 3 2   -0.101339
2 3 3    0.11171
3 3 1   -0.6789
3 3 2    0.635726
3 3 3    0.169587
4 3 1    0.046312
4 3 2    1.37632
4 3 3    0.227741
;

W[i,j,k] :=
1 3 4    0.00336625
1 3 5    0.0048216
1 3 6   -0.00454529
2 3 4   -0.00433241
2 3 5    0.0150916
2 3 6   -0.0399362
3 3 4    0.00334174
3 3 5    0.00485428
3 3 6   -0.00465793
4 3 4    0.0110526
4 3 5   -0.00543206
4 3 6    0.0307891
;

f11 = 12.186

f12 = 15

f13 = 4.90978

f21 = 4.54782

f22 = 5.24971

f23 = 0.0283074

f31 = 8.60848

f32 = 11.8153

f33 = -3.92227

