solve_message = ' \
Ipopt 3.9.1: Optimal Solution Found'

Solve time:
_solve_time = 31.3874

Objective:
torque = 5.27636

cnh1 = -0.537747

cnh2 = -0.938036

cnh3 = 0.165369

snh1 = -0.768654

snh2 = -0.00940431

snh3 = -0.923392

Hx = -0.0534392

Hy = 0.0487706

Hz = 0.0186796

cnf11 = 0.379163

cnf21 = 0.513975

cnf31 = 0.501483

cnf12 = 0.379163

cnf22 = 0.417048

cnf32 = 0.471624

cnt1 = 0.494778

cnt2 = 0.434642

snf11 = 0.858042

snf21 = 0.784748

snf31 = 0.85021

snf12 = 0.858042

snf22 = 0.840281

snf32 = 0.864036

snt1 = 0.936586

snt2 = 0.920672

p :=
1 1    0.0160679
1 2    0.0249648
1 3   -0.06113
2 1    0.0299387
2 2    0.0083836
2 3    0.0594902
3 1    0.000504885
3 2   -0.0355037
3 3    0.0017037
;

mf :=
1 1   -0.362549
1 2   -0.0923577
1 3    0.677812
2 1   -0.600362
2 2    0.117426
2 3   -0.482932
;

mt [*] :=
1  -0.0248078
2   0.942575
3   0.108513
;

phi :=
1 1   0.0605416
1 2   0.0557652
1 3   0.0386648
2 1   0.00205999
2 2   0
2 3   0
3 1   0.0602494
3 2   0.0554795
3 3   0.0384412
4 1   0.275183
4 2   0.26777
4 3   0.18099
;

l [*,1,*]
:       1           2           3        :=
1   -0.3625     -0.0930836   0.677708
2   -0.423058    0.819123    0.80779
3   -0.362693   -0.0901802   0.678122
4   -0.30204    -1.00383     0.547834

 [*,2,*]
:       1           2            3        :=
1   -0.599873    0.11754     -0.483462
2   -1.21413    -0.0256289    0.183489
3   -0.601828    0.117084    -0.48134
4    0.013404    0.260481    -1.14935

 [*,3,*]
:       1           2           3        :=
1   -0.0241313   0.94254     0.108984
2   -0.874326    0.987556   -0.482248
3   -0.0268373   0.942683    0.107102
4    0.824707    0.897595    0.699272
;

W[i,j,k] :=
1 1 1   -0.3625
1 1 2   -0.0930836
1 1 3    0.677708
2 1 1   -0.423058
2 1 2    0.819123
2 1 3    0.80779
3 1 1   -0.362693
3 1 2   -0.0901802
3 1 3    0.678122
4 1 1   -0.30204
4 1 2   -1.00383
4 1 3    0.547834
;

W[i,j,k] :=
1 1 4    0.0112286
1 1 5    0.0112703
1 1 6    0.00755409
2 1 4    0.0702393
2 1 5    0.012882
2 1 6    0.0237232
3 1 4    0.0114165
3 1 5    0.0112754
3 1 6    0.00760555
4 1 4   -0.0476879
4 1 5    0.00966116
4 1 6   -0.00858918
;

W[i,j,k] :=
1 2 1   -0.599873
1 2 2    0.11754
1 2 3   -0.483462
2 2 1   -1.21413
2 2 2   -0.0256289
2 2 3    0.183489
3 2 1   -0.601828
3 2 2    0.117084
3 2 3   -0.48134
4 2 1    0.013404
4 2 2    0.260481
4 2 3   -1.14935
;

W[i,j,k] :=
1 2 4   -0.0110456
1 2 5   -0.0212124
1 2 6    0.00854809
2 2 4    0.00306297
2 2 5   -0.0777223
2 2 6    0.00941149
3 2 4   -0.0110007
3 2 5   -0.0213922
3 2 6    0.00855084
4 2 4   -0.0251317
4 2 5    0.0352074
4 2 6    0.00768607
;

W[i,j,k] :=
1 3 1   -0.0241313
1 3 2    0.94254
1 3 3    0.108984
2 3 1   -0.874326
2 3 2    0.987556
2 3 3   -0.482248
3 3 1   -0.0268373
3 3 2    0.942683
3 3 3    0.107102
4 3 1    0.824707
4 3 2    0.897595
4 3 3    0.699272
;

W[i,j,k] :=
1 3 4   -0.00547512
1 3 5   -9.61356e-05
1 3 6   -0.000380875
2 3 4    0.0154391
2 3 5   -0.00124611
2 3 6   -0.0305432
3 3 4   -0.00540855
3 3 5   -9.97957e-05
3 3 6   -0.000476875
4 3 4   -0.0263559
4 3 5    0.001052
4 3 6    0.0297333
;

f11 = 5.20933

f12 = 8.50058

f13 = 4.3851

f21 = 6.09914

f22 = 8.75002

f23 = -1.03471

f31 = 7.53026

f32 = 9.42887

f33 = -0.559955

