solve_message = ' \
Ipopt 3.9.1: Optimal Solution Found'

Solve time:
_solve_time = 10.2337

Objective:
torque = 2.64208

cnh1 = 1.02399

cnh2 = -0.139861

cnh3 = -1.04042

snh1 = -0.254606

snh2 = -0.935024

snh3 = -0.198513

Hx = -0.0815347

Hy = 0.00149076

Hz = -0.0403066

cnf11 = 0.937779

cnf21 = 0.780851

cnf31 = 0.603187

cnf12 = 0.937779

cnf22 = 0.80901

cnf32 = 0.589041

cnt1 = 0.434038

cnt2 = 0.408776

snf11 = 0

snf21 = 0.519877

snf31 = 0.787002

snf12 = 0

snf22 = 0.583214

snf32 = 0.807698

snt1 = 0.966235

snt2 = 0.937278

p :=
1 1   -0.00609029
1 2    0.0262882
1 3    0.0627579
2 1   -0.000630329
2 2   -0.0242451
2 3    0.0638559
3 1    0.0334459
3 2   -0.00441507
3 3   -0.0575347
;

mf :=
1 1    0.191058
1 2   -0.00902315
1 3   -0.80543
2 1    0.13785
2 2   -0.0600884
2 3   -0.872731
;

mt [*] :=
1  -0.877049
2   0.0608929
3   0.643728
;

phi :=
1 1   0.0648227
1 2   0.0603876
1 3   0.0935022
2 1   0.026091
2 2   0.0227714
2 3   0.0348249
3 1   0.0646616
3 2   0.0602312
3 3   0.0932344
4 1   0.137894
4 2   0.131459
4 3   0.24301
;

l [*,1,*]
:       1            2            3        :=
1    0.191714   -0.00838388   -0.805311
2   -0.632776   -0.811797     -0.95397
3    0.18909    -0.010941     -0.805785
4    1.01489     0.793748     -0.65689

 [*,2,*]
:       1           2            3        :=
1    0.138561   -0.0594522   -0.872667
2   -0.755282   -0.858981    -0.953897
3    0.135716   -0.061997    -0.872925
4    1.03098     0.738801    -0.791566

 [*,3,*]
:       1           2            3         :=
1   -0.876629    0.060178     0.644254
2   -1.40514     0.958752    -0.0165317
3   -0.878311    0.0630379    0.642151
4   -0.348961   -0.836963     1.30399
;

W[i,j,k] :=
1 1 1    0.191714
1 1 2   -0.00838388
1 1 3   -0.805311
2 1 1   -0.632776
2 1 2   -0.811797
2 1 3   -0.95397
3 1 1    0.18909
3 1 2   -0.010941
3 1 3   -0.805785
4 1 1    1.01489
4 1 2    0.793748
4 1 3   -0.65689
;

W[i,j,k] :=
1 1 4   -0.0206441
1 1 5    0.007127
1 1 6   -0.00498877
2 1 4    0.0258685
2 1 5   -0.0455216
2 1 6    0.0215786
3 1 4   -0.020496
3 1 5    0.00695943
3 1 6   -0.00490421
4 1 4   -0.0670824
4 1 5    0.0596917
4 1 6   -0.0315138
;

W[i,j,k] :=
1 2 1    0.138561
1 2 2   -0.0594522
1 2 3   -0.872667
2 2 1   -0.755282
2 2 2   -0.858981
2 2 3   -0.953897
3 2 1    0.135716
3 2 2   -0.061997
3 2 3   -0.872925
4 2 1    1.03098
4 2 2    0.738801
4 2 3   -0.791566
;

W[i,j,k] :=
1 2 4    0.0249543
1 2 5    0.00829787
1 2 6    0.0033969
2 2 4    0.0779784
2 2 5   -0.0488305
2 2 6   -0.0177705
3 2 4    0.025123
3 2 5    0.00811604
3 2 6    0.00332953
4 2 4   -0.0279852
4 2 5    0.0653351
4 2 6    0.0245305
;

W[i,j,k] :=
1 3 1   -0.876629
1 3 2    0.060178
1 3 3    0.644254
2 3 1   -1.40514
2 3 2    0.958752
2 3 3   -0.0165317
3 3 1   -0.878311
3 3 2    0.0630379
3 3 3    0.642151
4 3 1   -0.348961
4 3 2   -0.836963
4 3 3    1.30399
;

W[i,j,k] :=
1 3 4    0.000617879
1 3 5    0.0288889
1 3 6   -0.00185766
2 3 4    0.0552345
2 3 5    0.0813972
2 3 6    0.0258626
3 3 4    0.000791711
3 3 5    0.029056
3 3 6   -0.00176943
4 3 4   -0.0539116
4 3 5   -0.0235356
4 3 6   -0.0295337
;

f11 = -2.03098

f12 = 4.91668

f13 = -3.38619

f21 = 2.15698

f22 = 2.7812

f23 = 0.646458

f31 = 7.36645

f32 = 9.70287

f33 = -2.47148

