solve_message = ' \
Ipopt 3.9.1: Optimal Solution Found'

Solve time:
_solve_time = 1.54441

Objective:
torque = 3.41426

cnh1 = 0.705182

cnh2 = -0.481082

cnh3 = 0.937841

snh1 = 0.618643

snh2 = -0.805333

snh3 = 0.0213609

Hx = 0.0599398

Hy = 0.0543963

Hz = 0.0125789

cnf11 = 0.937575

cnf21 = 0.815739

cnf31 = 0.62056

cnf12 = 0.937575

cnf22 = 0.816936

cnf32 = 0.621042

cnt1 = 0.440657

cnt2 = 0.411747

snf11 = 0

snf21 = 0.463218

snf31 = 0.773878

snf12 = 0

snf22 = 0.461694

snf32 = 0.773552

snt1 = 0.963234

snt2 = 0.935315

p :=
1 1   -0.00423509
1 2   -0.029244
1 3    0.0612531
2 1   -0.0297759
2 2   -0.00122213
2 3    0.0610268
3 1    0.017361
3 2    0.0142354
3 3   -0.0637054
;

mf :=
1 1    0.232301
1 2    0.166638
1 3   -0.760066
2 1    0.197378
2 2    0.202368
2 3   -0.761716
;

mt [*] :=
1  0.0993224
2  0.106313
3  0.975939
;

phi :=
1 1   0.0661411
1 2   0.0678329
1 3   0.100827
2 1   0.0337652
2 2   0.0360994
2 3   0.0487363
3 1   0.0660132
3 2   0.0677085
3 3   0.100603
4 1   0.119084
4 2   0.118759
4 3   0.208804
;

l [*,1,*]
:      1           2           3        :=
1   0.232313    0.165937   -0.760237
2   0.217913    1.04716    -0.545271
3   0.232267    0.168741   -0.759553
4   0.246689   -0.713877   -0.97486

 [*,2,*]
:      1           2           3        :=
1   0.197406    0.201674   -0.761917
2   0.162461    1.07349    -0.508702
3   0.197295    0.204449   -0.761111
4   0.232294   -0.668755   -1.01473

 [*,3,*]
:       1           2          3        :=
1    0.098522   0.106342    0.976069
2    1.1045     0.0691121   0.812536
3    0.101724   0.106224    0.975549
4   -0.905848   0.143513    1.13934
;

W[i,j,k] :=
1 1 1    0.232313
1 1 2    0.165937
1 1 3   -0.760237
2 1 1    0.217913
2 1 2    1.04716
2 1 3   -0.545271
3 1 1    0.232267
3 1 2    0.168741
3 1 3   -0.759553
4 1 1    0.246689
4 1 2   -0.713877
4 1 3   -0.97486
;

W[i,j,k] :=
1 1 4    0.0120682
1 1 5    0.0110102
1 1 6    0.00609099
2 1 4   -0.0481956
2 1 5    0.0110386
2 1 6    0.00193785
3 1 4    0.0118764
3 1 5    0.0110103
3 1 6    0.00607777
4 1 4    0.0722359
4 1 5    0.0109819
4 1 6    0.0102375
;

W[i,j,k] :=
1 2 1    0.197406
1 2 2    0.201674
1 2 3   -0.761917
2 2 1    0.162461
2 2 2    1.07349
2 2 3   -0.508702
3 2 1    0.197295
3 2 2    0.204449
3 2 3   -0.761111
4 2 1    0.232294
4 2 2   -0.668755
4 2 3   -1.01473
;

W[i,j,k] :=
1 2 4   -0.0113764
1 2 5   -0.0106397
1 2 6   -0.00576377
2 2 4   -0.0648902
2 2 5   -0.00523257
2 2 6   -0.0317657
3 2 4   -0.0115467
3 2 5   -0.0106225
3 2 6   -0.00584653
4 2 4    0.0420521
4 2 5   -0.0160383
4 2 6    0.0201967
;

W[i,j,k] :=
1 3 1    0.098522
1 3 2    0.106342
1 3 3    0.976069
2 3 1    1.1045
2 3 2    0.0691121
2 3 3    0.812536
3 3 1    0.101724
3 3 2    0.106224
3 3 3    0.975549
4 3 1   -0.905848
4 3 2    0.143513
4 3 3    1.13934
;

W[i,j,k] :=
1 3 4    0.0206693
1 3 5   -0.0232219
1 3 6    0.000443703
2 3 4    0.0159696
2 3 5   -0.0844688
2 3 6   -0.0145231
3 3 4    0.0206544
3 3 5   -0.0234168
3 3 6    0.000396067
4 3 4    0.0253616
4 3 5    0.0379273
4 3 6    0.0153867
;

f11 = -3.74349

f12 = 4.81718

f13 = -0.978571

f21 = 3.7771

f22 = 5.24022

f23 = 1.85144

f31 = 7.17423

f32 = 11.813

f33 = 1.05503

