solve_message = ' \
Ipopt 3.9.1: Optimal Solution Found'

Solve time:
_solve_time = 6.11524

Objective:
torque = 3.64537

cnh1 = 0.236459

cnh2 = 0.935816

cnh3 = 0.215738

snh1 = 0.907793

snh2 = 0.0651761

snh3 = -0.912939

Hx = 0.0711871

Hy = -0.0146631

Hz = -0.0287659

cnf11 = 0.270729

cnf21 = 0.591394

cnf31 = 0.52744

cnf12 = 0.270729

cnf22 = 0.471081

cnf32 = 0.424858

cnt1 = 0.460044

cnt2 = 0.427256

snf11 = 0.898168

snf21 = 0.728185

snf31 = 0.83631

snf12 = 0.898168

snf22 = 0.948727

snf32 = 0.926845

snt1 = 0.943184

snt2 = 0.92198

p :=
1 1    0.0161544
1 2    0.0233557
1 3    0.064449
2 1   -0.0268914
2 2    0.018657
2 3   -0.0601427
3 1   -0.0243564
3 2   -0.0243564
3 3   -0.00495832
;

mf :=
1 1    0.0269054
1 2   -0.272374
1 3   -0.718706
2 1    0.668629
2 2   -0.346144
2 3    0.522029
;

mt [*] :=
1   0.738579
2   0.54879
3  -0.18979
;

phi :=
1 1   0.0714742
1 2   0.0482968
1 3   0.0412205
2 1   0.00909282
2 2   0
2 3   0.000279145
3 1   0.0711627
3 2   0.0480167
3 3   0.0410372
4 1   0.299707
4 2   0.264825
4 3   0.13855
;

l [*,1,*]
:       1            2           3        :=
1    0.026306    -0.272776   -0.718551
2    0.779705     0.231972   -0.914323
3    0.0287039   -0.271169   -0.719174
4   -0.725892    -0.776718   -0.523091

 [*,2,*]
:      1           2           3        :=
1   0.668406   -0.345633    0.522587
2   0.948764   -0.987296   -0.178315
3   0.669298   -0.347676    0.520356
4   0.388495    0.295006    1.22237

 [*,3,*]
:      1           2            3        :=
1   0.738106    0.549273    -0.190256
2   1.33356    -0.0575106    0.395184
3   0.740001    0.547341    -0.188393
4   0.143601    1.15509     -0.774762
;

W[i,j,k] :=
1 1 1    0.026306
1 1 2   -0.272776
1 1 3   -0.718551
2 1 1    0.779705
2 1 2    0.231972
2 1 3   -0.914323
3 1 1    0.0287039
3 1 2   -0.271169
3 1 3   -0.719174
4 1 1   -0.725892
4 1 2   -0.776718
4 1 3   -0.523091
;

W[i,j,k] :=
1 1 4    0.000797827
1 1 5    0.0133032
1 1 6   -0.00502093
2 1 4   -0.0363051
2 1 5    0.0650216
2 1 6   -0.0144632
3 1 4    0.000679737
3 1 5    0.0134678
3 1 6   -0.00505098
4 1 4    0.0378415
4 1 5   -0.0383328
4 1 6    0.00440631
;

W[i,j,k] :=
1 2 1    0.668406
1 2 2   -0.345633
1 2 3    0.522587
2 2 1    0.948764
2 2 2   -0.987296
2 2 3   -0.178315
3 2 1    0.669298
3 2 2   -0.347676
3 2 3    0.520356
4 2 1    0.388495
4 2 2    0.295006
4 2 3    1.22237
;

W[i,j,k] :=
1 2 4   -0.0110374
1 2 5   -0.0261466
1 2 6   -0.00317588
2 2 4   -0.0627055
2 2 5   -0.0618563
2 2 6    0.0088487
3 2 4   -0.0112019
3 2 5   -0.0262603
3 2 6   -0.00313761
4 2 4    0.0405482
4 2 5    0.00950612
4 2 6   -0.0151813
;

W[i,j,k] :=
1 3 1    0.738106
1 3 2    0.549273
1 3 3   -0.190256
2 3 1    1.33356
2 3 2   -0.0575106
2 3 3    0.395184
3 3 1    0.740001
3 3 2    0.547341
3 3 3   -0.188393
4 3 1    0.143601
4 3 2    1.15509
4 3 3   -0.774762
;

W[i,j,k] :=
1 3 4    0.00735743
1 3 5   -0.00829372
1 3 6    0.00459931
2 3 4   -0.00991041
2 3 5    0.00301303
2 3 6    0.0338815
3 3 4    0.00730247
3 3 5   -0.00825773
3 3 6    0.00469251
4 3 4    0.0245977
4 3 5   -0.0195824
4 3 6   -0.0246362
;

f11 = 8.20303

f12 = 10.6878

f13 = -2.43658

f21 = 5.63316

f22 = 7.55889

f23 = 2.22602

f31 = -1.31876

f32 = 3.48158

f33 = -2.47762

