solve_message = ' \
Ipopt 3.9.1: Optimal Solution Found'

Solve time:
_solve_time = 12.3397

Objective:
torque = 4.16233

cnh1 = -0.680672

cnh2 = 0.535477

cnh3 = 0.936572

snh1 = 0.645512

snh2 = -0.770237

snh3 = -0.0532315

Hx = -0.0333937

Hy = 0.0375247

Hz = -0.0447903

cnf11 = 0.932738

cnf21 = 0.665211

cnf31 = 0.554375

cnf12 = 0.932738

cnf22 = 0.675464

cnf32 = 0.549968

cnt1 = 0.391792

cnt2 = 0.389513

snf11 = 0

snf21 = 0.661433

snf31 = 0.820237

snf12 = 0

snf22 = 0.679769

snf32 = 0.827026

snt1 = 0.982745

snt2 = 0.950063

p :=
1 1   -0.00891333
1 2    0.0282416
1 3    0.0611958
2 1   -0.0288911
2 2    0.00645739
2 3    0.0612054
3 1    0.0243563
3 2   -0.0243565
3 3   -0.0152265
;

mf :=
1 1    0.288511
1 2   -0.151184
1 3   -0.739972
2 1    0.170949
2 2   -0.261902
2 3   -0.768217
;

mt [*] :=
1  -0.631875
2   0.652988
3   0.189831
;

phi :=
1 1   0.0559724
1 2   0.0552113
1 3   0.0683875
2 1   0.00816871
2 2   0.0106566
2 3   0.00606292
3 1   0.0557533
3 2   0.0550126
3 3   0.0680731
4 1   0.179149
4 2   0.159563
4 3   0.307432
;

l [*,1,*]
:       1           2            3        :=
1    0.289174   -0.15112     -0.739694
2   -0.543621   -0.232153    -1.08942
3    0.286524   -0.151378    -0.740807
4    1.12064    -0.0702164   -0.390525

 [*,2,*]
:       1           2           3        :=
1    0.171653   -0.261906   -0.768038
2   -0.713036   -0.257282   -0.991946
3    0.168837   -0.261891   -0.768751
4    1.05493    -0.266522   -0.544488

 [*,3,*]
:       1           2           3        :=
1   -0.632239   0.652529     0.190438
2   -0.173978   1.22898     -0.571568
3   -0.630781   0.654364     0.188012
4   -1.08977    0.0769973    0.951227
;

W[i,j,k] :=
1 1 1    0.289174
1 1 2   -0.15112
1 1 3   -0.739694
2 1 1   -0.543621
2 1 2   -0.232153
2 1 3   -1.08942
3 1 1    0.286524
3 1 2   -0.151378
3 1 3   -0.740807
4 1 1    1.12064
4 1 2   -0.0702164
4 1 3   -0.390525
;

W[i,j,k] :=
1 1 4   -0.0116423
1 1 5    0.0111031
1 1 6   -0.00681977
2 1 4   -0.0165603
2 1 5   -0.0429777
2 1 6    0.017422
3 1 4   -0.0116579
3 1 5    0.010931
3 1 6   -0.00674261
4 1 4   -0.00673211
4 1 5    0.0650976
4 1 6   -0.0310229
;

W[i,j,k] :=
1 2 1    0.171653
1 2 2   -0.261906
1 2 3   -0.768038
2 2 1   -0.713036
2 2 2   -0.257282
2 2 3   -0.991946
3 2 1    0.168837
3 2 2   -0.261891
3 2 3   -0.768751
4 2 1    1.05493
4 2 2   -0.266522
4 2 3   -0.544488
;

W[i,j,k] :=
1 2 4    0.0110705
1 2 5   -0.0116834
1 2 6    0.00645831
2 2 4    0.00934169
2 2 5   -0.0723
2 2 6    0.0120375
3 2 4    0.011065
3 2 5   -0.0118763
3 2 6    0.00647607
4 2 4    0.0127966
4 2 5    0.0488366
4 2 6    0.000888007
;

W[i,j,k] :=
1 3 1   -0.632239
1 3 2    0.652529
1 3 3    0.190438
2 3 1   -0.173978
2 3 2    1.22898
2 3 3   -0.571568
3 3 1   -0.630781
3 3 2    0.654364
3 3 3    0.188012
4 3 1   -1.08977
4 3 2    0.0769973
4 3 3    0.951227
;

W[i,j,k] :=
1 3 4    0.00529738
1 3 5    0.00498847
1 3 6    0.000494083
2 3 4    0.0326345
2 3 5    0.0165704
2 3 6    0.0256959
3 3 4    0.00538439
3 3 5    0.00502533
3 3 6    0.000574295
4 3 4   -0.0219961
4 3 5   -0.00657495
4 3 6   -0.0246676
;

f11 = 0.863495

f12 = 4.31354

f13 = -3.35896

f21 = 5.25203

f22 = 6.55988

f23 = -0.276988

f31 = 9.79227

f32 = 12.7889

f33 = -2.98457

