solve_message = ' \
Ipopt 3.9.1: Converged to a locally infeasible point. Problem may be infeasible.'

Solve time:
_solve_time = 8.08085

Objective:
torque = 7.20124

cnh1 = 0.651321

cnh2 = 0.510663

cnh3 = -0.919315

snh1 = 0.675115

snh2 = -0.786908

snh3 = -0.186709

Hx = -0.0141527

Hy = -0.0547398

Hz = 0.0660667

cnf11 = 0.932738

cnf21 = -0.0800879

cnf31 = 0.371367

cnf12 = 0.932738

cnf22 = 0.607049

cnf32 = 0.478905

cnt1 = 0.766

cnt2 = 0.572096

snf11 = 0

snf21 = 0.934658

snf31 = 0.861444

snf12 = 0

snf22 = 0.868039

snf32 = 0.893179

snt1 = 0.652423

snt2 = 0.830985

p :=
1 1   -0.00952314
1 2   -0.0309885
1 3    0.0567626
2 1    0.0239645
2 2    0.0211491
2 3    0.057899
3 1   -0.0127307
3 2   -0.02785
3 3   -0.0601351
;

mf :=
1 1   -0.394347
1 2   -0.584822
1 3    0.190476
2 1   -0.395804
2 2   -0.65149
2 3   -0.484722
;

mt [*] :=
1  0.332436
2  0.328245
3  0.869781
;

phi :=
1 1   0.0557543
1 2   0.0731095
1 3   0.0856821
2 1   0.0504724
2 2   0.0171904
2 3   0.0695651
3 1   0.0557244
3 2   0.0729277
3 3   0.0856246
4 1   0.0704486
4 2   0.13657
4 3   0.133626
;

l [*,1,*]
:       1           2           3        :=
1   -0.394893   -0.58454     0.190114
2    0.291838   -0.939488    0.644696
3   -0.392707   -0.585669    0.191561
4   -1.08053    -0.230158   -0.263743

 [*,2,*]
:        1            2            3        :=
1   -0.396114     -0.650957    -0.485231
2   -0.00665321   -1.32012      0.155088
3   -0.394875     -0.653087    -0.483193
4   -0.784954      0.0171346   -1.12453

 [*,3,*]
:       1          2          3        :=
1    0.33314    0.328355   0.869434
2   -0.552376   0.189511   1.3059
3    0.330322   0.327913   0.870823
4    1.21724    0.466978   0.433661
;

W[i,j,k] :=
1 1 1   -0.394893
1 1 2   -0.58454
1 1 3    0.190114
2 1 1    0.291838
2 1 2   -0.939488
2 1 3    0.644696
3 1 1   -0.392707
3 1 2   -0.585669
3 1 3    0.191561
4 1 1   -1.08053
4 1 2   -0.230158
4 1 3   -0.263743
;

W[i,j,k] :=
1 1 4    0.0272886
1 1 5   -0.0206047
1 1 6   -0.00667048
2 1 4    0.0333496
2 1 5    0.022705
2 1 6    0.0179905
3 1 4    0.0273079
3 1 5   -0.0204668
3 1 6   -0.00659199
4 1 4    0.0212373
4 1 5   -0.0638452
4 1 6   -0.0312921
;

W[i,j,k] :=
1 2 1   -0.396114
1 2 2   -0.650957
1 2 3   -0.485231
2 2 1   -0.00665321
2 2 2   -1.32012
2 2 3    0.155088
3 2 1   -0.394875
3 2 2   -0.653087
3 2 3   -0.483193
4 2 1   -0.784954
4 2 2    0.0171346
4 2 3   -1.12453
;

W[i,j,k] :=
1 2 4    0.0274275
1 2 5   -0.0113063
1 2 6   -0.00722236
2 2 4    0.0797133
2 2 5   -0.0041018
2 2 6   -0.0314952
3 2 4    0.0275939
3 2 5   -0.0112834
3 2 6   -0.00729962
4 2 4   -0.0247749
4 2 5   -0.0184993
4 2 6    0.0170117
;

W[i,j,k] :=
1 3 1    0.33314
1 3 2    0.328355
1 3 3    0.869434
2 3 1   -0.552376
2 3 2    0.189511
2 3 3    1.3059
3 3 1    0.330322
3 3 2    0.327913
3 3 3    0.870823
4 3 1    1.21724
4 3 2    0.466978
4 3 3    0.433661
;

W[i,j,k] :=
1 3 4   -0.00446806
1 3 5   -0.0089649
1 3 6    0.00509776
2 3 4   -0.0249731
2 3 5    0.0498422
2 3 6   -0.0177963
3 3 4   -0.00453332
3 3 5   -0.00877773
3 3 6    0.00502489
4 3 4    0.0160043
4 3 5   -0.0676782
4 3 6    0.0279553
;

f11 = -6.6444

f12 = 11.9753

f13 = 6.91025

f21 = 12.9241

f22 = 15

f23 = 2.70695

f31 = 7.79029

f32 = 15

f33 = 6.48999

