solve_message = ' \
Ipopt 3.9.1: Optimal Solution Found'

Solve time:
_solve_time = 4.64883

Objective:
torque = 4.04512

cnh1 = 0.901138

cnh2 = 0.938083

cnh3 = -0.306015

snh1 = -0.260674

snh2 = -0.000706064

snh3 = -0.886766

Hx = -0.0146935

Hy = -0.068246

Hz = 0.0323605

cnf11 = 0.333075

cnf21 = 0.421861

cnf31 = 0.473043

cnf12 = 0.333075

cnf22 = 0.567914

cnf32 = 0.519346

cnt1 = 0.449702

cnt2 = 0.432119

snf11 = 0.876961

snf21 = 0.837874

snf31 = 0.863438

snf12 = 0.876961

snf22 = 0.746642

snf32 = 0.840817

snt1 = 0.93324

snt2 = 0.914508

p :=
1 1    0.0251877
1 2    0.0213251
1 3    0.0595611
2 1    0.019386
2 2   -0.0211384
2 3   -0.0643139
3 1   -0.0243564
3 2    0.0243564
3 3    0.00256135
;

mf :=
1 1   -0.388192
1 2   -0.540711
1 3   -0.404651
2 1   -0.260531
2 2    0.0138935
2 3    0.726573
;

mt [*] :=
1   0.536063
2  -0.725853
3   0.18979
;

phi :=
1 1   0.0624252
1 2   0.0702487
1 3   0.0341444
2 1   0.00485749
2 2   0.0114971
2 3   0
3 1   0.0621419
3 2   0.0699637
3 3   0.0339296
4 1   0.259452
4 2   0.259245
4 3   0.170026
;

l [*,1,*]
:       1           2           3        :=
1   -0.388653   -0.540183   -0.404858
2    0.190114   -1.20471    -0.145292
3   -0.386811   -0.542298   -0.404032
4   -0.966496    0.123288   -0.66401

 [*,2,*]
:       1           2           3        :=
1   -0.25996     0.0143245   0.726747
2   -0.97837    -0.527306    0.508947
3   -0.262246    0.0126006   0.726054
4    0.457305    0.555091    0.944199

 [*,3,*]
:       1           2           3        :=
1   0.536487    -0.725717    0.189112
2   0.0029215   -0.896842    1.04196
3   0.534789    -0.726261    0.191826
4   1.0692      -0.554864   -0.662381
;

W[i,j,k] :=
1 1 1   -0.388653
1 1 2   -0.540183
1 1 3   -0.404858
2 1 1    0.190114
2 1 2   -1.20471
2 1 3   -0.145292
3 1 1   -0.386811
3 1 2   -0.542298
3 1 3   -0.404032
4 1 1   -0.966496
4 1 2    0.123288
4 1 3   -0.66401
;

W[i,j,k] :=
1 1 4    0.0235402
1 1 5   -0.0129511
1 1 6   -0.0053179
2 1 4    0.0686556
2 1 5    0.0149829
2 1 6   -0.0343981
3 1 4    0.0236838
3 1 5   -0.0128622
3 1 6   -0.00541045
4 1 4   -0.0215032
4 1 5   -0.0408407
4 1 6    0.0237159
;

W[i,j,k] :=
1 2 1   -0.25996
1 2 2    0.0143245
1 2 3    0.726747
2 2 1   -0.97837
2 2 2   -0.527306
2 2 3    0.508947
3 2 1   -0.262246
3 2 2    0.0126006
3 2 3    0.726054
4 2 1    0.457305
4 2 2    0.555091
4 2 3    0.944199
;

W[i,j,k] :=
1 2 4   -0.014441
1 2 5    0.0026303
1 2 6   -0.00521745
2 2 4   -0.0446715
2 2 5    0.0530564
2 2 6   -0.0309036
3 2 4   -0.0145372
3 2 5    0.00279079
3 2 6   -0.0052992
4 2 4    0.0157412
4 2 5   -0.0477153
4 2 6    0.0204277
;

W[i,j,k] :=
1 3 1    0.536487
1 3 2   -0.725717
1 3 3    0.189112
2 3 1    0.0029215
2 3 2   -0.896842
2 3 3    1.04196
3 3 1    0.534789
3 3 2   -0.726261
3 3 3    0.191826
4 3 1    1.0692
4 3 2   -0.554864
4 3 3   -0.662381
;

W[i,j,k] :=
1 3 4    0.0064649
1 3 5    0.00598021
1 3 6    0.00460895
2 3 4    0.0276756
2 3 5    0.025386
2 3 6    0.0217727
3 3 4    0.00653241
3 3 5    0.00604198
3 3 6    0.00466358
4 3 4   -0.014712
4 3 5   -0.0133946
4 3 6   -0.0125274
;

f11 = 8.96582

f12 = 12.0614

f13 = -3.58315

f21 = 7.2426

f22 = 11.1234

f23 = 5.18187

f31 = -1.88282

f32 = 2.5469

f33 = -0.852354

