solve_message = ' \
Ipopt 3.9.1: Optimal Solution Found'

Solve time:
_solve_time = 10.6237

Objective:
torque = 3.04689

cnh1 = 0.635232

cnh2 = -0.507336

cnh3 = 1.05684

snh1 = -0.69028

snh2 = 0.78906

snh3 = 0.0712738

Hx = -0.0352192

Hy = 0.050633

Hz = 0.040574

cnf11 = 0.936638

cnf21 = 0.617647

cnf31 = 0.536742

cnf12 = 0.936638

cnf22 = 0.614144

cnf32 = 0.481667

cnt1 = 0.400844

cnt2 = 0.392823

snf11 = 0

snf21 = 0.706056

snf31 = 0.830944

snf12 = 0

snf22 = 0.863032

snf32 = 0.89145

snt1 = 0.980467

snt2 = 0.948245

p :=
1 1   -0.0289273
1 2    0.00364462
1 3   -0.0640609
2 1    0.0147958
2 2    0.0175212
2 3   -0.0636557
3 1    0.024356
3 2   -0.0243574
3 3    0.00859912
;

mf :=
1 1    0.111136
1 2   -0.163606
1 3    0.79789
2 1    0.101581
2 2    0.00981889
2 3    0.963928
;

mt [*] :=
1  -0.617713
2   0.747495
3  -0.189761
;

phi :=
1 1   0.0598385
1 2   0.0355058
1 3   0.0542655
2 1   0.00482825
2 2   0
2 3   0
3 1   0.0595719
3 2   0.0353138
3 3   0.0539409
4 1   0.235792
4 2   0.144228
4 3   0.355855
;

l [*,1,*]
:       1            2          3        :=
1    0.110984    -0.164384   0.797701
2    0.301501     0.812616   1.03511
3    0.111591    -0.161274   0.798457
4   -0.0792288   -1.13983    0.560668

 [*,2,*]
:       1            2           3        :=
1   0.101533     0.00895985   0.96387
2   0.16184      1.08857      1.03783
3   0.101725     0.012396     0.964105
4   0.0413221   -1.06893      0.890026

 [*,3,*]
:       1           2           3        :=
1   -0.61715     0.747767   -0.190434
2   -1.32498     0.405241    0.654898
3   -0.619403    0.746677   -0.187744
4    0.0895475   1.08975    -1.03442
;

W[i,j,k] :=
1 1 1    0.110984
1 1 2   -0.164384
1 1 3    0.797701
2 1 1    0.301501
2 1 2    0.812616
2 1 3    1.03511
3 1 1    0.111591
3 1 2   -0.161274
3 1 3    0.798457
4 1 1   -0.0792288
4 1 2   -1.13983
4 1 3    0.560668
;

W[i,j,k] :=
1 1 4   -0.00762324
1 1 5    0.0159656
1 1 6    0.00435068
2 1 4    0.0558295
2 1 5    0.0106286
2 1 6   -0.0246056
3 1 4   -0.00742129
3 1 5    0.0159486
3 1 6    0.00425852
4 1 4   -0.0709747
4 1 5    0.0212941
4 1 6    0.0332608
;

W[i,j,k] :=
1 2 1    0.101533
1 2 2    0.00895985
1 2 3    0.96387
2 2 1    0.16184
2 2 2    1.08857
2 2 3    1.03783
3 2 1    0.101725
3 2 2    0.012396
3 2 3    0.964105
4 2 1    0.0413221
4 2 2   -1.06893
4 2 3    0.890026
;

W[i,j,k] :=
1 2 4    0.0174585
1 2 5   -0.0207243
1 2 6   -0.00164641
2 2 4    0.087478
2 2 5   -0.0256575
2 2 6    0.0132707
3 2 4    0.0176814
3 2 5   -0.02074
3 2 6   -0.00159894
4 2 4   -0.0524492
4 2 5   -0.015799
4 2 6   -0.0165397
;

W[i,j,k] :=
1 3 1   -0.61715
1 3 2    0.747767
1 3 3   -0.190434
2 3 1   -1.32498
2 3 2    0.405241
2 3 3    0.654898
3 3 1   -0.619403
3 3 2    0.746677
3 3 3   -0.187744
4 3 1    0.0895475
4 3 2    1.08975
4 3 3   -1.03442
;

W[i,j,k] :=
1 3 4   -0.00179169
1 3 5   -0.000668684
1 3 6    0.00318041
2 3 4   -0.0194364
2 3 5   -0.0273442
2 3 6   -0.022403
3 3 4   -0.00184785
3 3 5   -0.000753586
3 3 6    0.00309898
4 3 4    0.0158248
4 3 5    0.0259643
4 3 6    0.028723
;

f11 = 5.77592

f12 = 7.21885

f13 = -0.331694

f21 = -0.574891

f22 = 0.585207

f23 = -0.0930347

f31 = 6.70313

f32 = 8.38169

f33 = 0.386798

