solve_message = ' \
Ipopt 3.9.1: Optimal Solution Found'

Solve time:
_solve_time = 6.78604

Objective:
torque = 2.61757

cnh1 = -0.735381

cnh2 = -0.109934

cnh3 = -0.694347

snh1 = -0.762375

snh2 = -0.931619

snh3 = -0.799927

Hx = -0.0175838

Hy = 0.0842995

Hz = -0.0369891

cnf11 = 0.937989

cnf21 = 0.803322

cnf31 = 0.61417

cnf12 = 0.937989

cnf22 = 0.801895

cnf32 = 0.599756

cnt1 = 0.427419

cnt2 = 0.405749

snf11 = 0

snf21 = 0.484432

snf31 = 0.778786

snf12 = 0

snf22 = 0.540325

snf32 = 0.794543

snt1 = 0.969182

snt2 = 0.939302

p :=
1 1    0.0269671
1 2    0.00631611
1 3    0.0624521
2 1   -0.0233507
2 2   -0.00307312
2 3    0.0635794
3 1   -0.00625216
3 2   -0.0319332
3 3   -0.0605076
;

mf :=
1 1   -0.0412243
1 2   -0.197426
1 3   -0.798899
2 1   -0.0797074
2 2   -0.13213
2 3   -0.834883
;

mt [*] :=
1  -0.0346118
2   0.863525
3   0.684125
;

phi :=
1 1   0.0653529
1 2   0.0634177
1 3   0.0951384
2 1   0.0282178
2 2   0.0273307
2 3   0.0381537
3 1   0.0652007
3 2   0.0632705
3 3   0.0948826
4 1   0.132621
4 2   0.127911
4 3   0.231777
;

l [*,1,*]
:       1            2           3        :=
1   -0.0404964   -0.198021   -0.798834
2   -0.955324     0.54991    -0.880452
3   -0.0434081   -0.19564    -0.799094
4    0.872872    -0.944758   -0.717346

 [*,2,*]
:       1            2           3        :=
1   -0.0789792   -0.132756   -0.834868
2   -0.994182     0.653867   -0.853743
3   -0.0818921   -0.130253   -0.834928
4    0.834764    -0.918125   -0.816022

 [*,3,*]
:       1           2           3        :=
1   -0.0351923   0.86298    0.684657
2    0.694339    1.54767    0.0160153
3   -0.0328704   0.865159   0.682529
4   -0.76356     0.17938    1.35223
;

W[i,j,k] :=
1 1 1   -0.0404964
1 1 2   -0.198021
1 1 3   -0.798834
2 1 1   -0.955324
2 1 2    0.54991
2 1 3   -0.880452
3 1 1   -0.0434081
3 1 2   -0.19564
3 1 3   -0.799094
4 1 1    0.872872
4 1 2   -0.944758
4 1 3   -0.717346
;

W[i,j,k] :=
1 1 4    0.00732127
1 1 5    0.0190131
1 1 6   -0.00508426
2 1 4   -0.0399041
2 1 5   -0.0359187
2 1 6    0.0208634
3 1 4    0.00717097
3 1 5    0.0188383
3 1 6   -0.00500168
4 1 4    0.0544713
4 1 5    0.0738574
4 1 6   -0.0309905
;

W[i,j,k] :=
1 2 1   -0.0789792
1 2 2   -0.132756
1 2 3   -0.834868
2 2 1   -0.994182
2 2 2    0.653867
2 2 3   -0.853743
3 2 1   -0.0818921
3 2 2   -0.130253
3 2 3   -0.834928
4 2 1    0.834764
4 2 2   -0.918125
4 2 3   -0.816022
;

W[i,j,k] :=
1 2 4    0.0110062
1 2 5   -0.0245162
1 2 6    0.00285724
2 2 4   -0.0389488
2 2 5   -0.083145
2 2 6   -0.0183235
3 2 4    0.0108472
3 2 5   -0.0247028
3 2 6    0.00278983
4 2 4    0.0608815
4 2 5    0.0340191
4 2 6    0.0240042
;

W[i,j,k] :=
1 3 1   -0.0351923
1 3 2    0.86298
1 3 3    0.684657
2 3 1    0.694339
2 3 2    1.54767
2 3 3    0.0160153
3 3 1   -0.0328704
3 3 2    0.865159
3 3 3    0.682529
4 3 1   -0.76356
4 3 2    0.17938
4 3 3    1.35223
;

W[i,j,k] :=
1 3 4    0.0303535
1 3 5    0.00640999
1 3 6   -0.00651929
2 3 4    0.0931345
2 3 5   -0.0419127
2 3 6    0.0124962
3 3 4    0.0305533
3 3 5    0.00625619
3 3 6   -0.00645877
4 3 4   -0.0323273
4 3 5    0.0546556
4 3 6   -0.0255044
;

f11 = -2.62235

f12 = 5.09148

f13 = -3.13594

f21 = 2.10792

f22 = 2.72715

f23 = 0.660747

f31 = 7.29414

f32 = 9.56456

f33 = -2.33735

