solve_message = ' \
Ipopt 3.9.1: Converged to a locally infeasible point. Problem may be infeasible.'

Solve time:
_solve_time = 2.12161

Objective:
torque = 4.20963

cnh1 = -0.904336

cnh2 = -0.402406

cnh3 = -0.937376

snh1 = 0.249352

snh2 = 0.1262

snh3 = 0.0364178

Hx = 0.0463142

Hy = 0.0160658

Hz = 0.0337907

cnf11 = 0.702955

cnf21 = -0.193224

cnf31 = 0.328064

cnf12 = 0.702955

cnf22 = -0.351157

cnf32 = 0.267113

cnt1 = 0.766

cnt2 = 0.7431

snf11 = 0.792373

snf21 = 0.974691

snf31 = 0.878848

snf12 = 0.792373

snf22 = 0.999344

snf32 = 0.89925

snt1 = 0

snt2 = 0.6691

p :=
1 1   0.0311964
1 2   0.00869549
1 3   0.0607818
2 1   0.0265419
2 2   0.01759
2 3   0.0581581
3 1   0.00345884
3 2   0.0311659
3 3   0.0590654
;

mf :=
1 1   -0.117856
1 2    0.10827
1 3   -0.335467
2 1   -0.0938068
2 2    0.0259947
2 3   -0.379261
;

mt [*] :=
1   0.255584
2  -0.0450779
3   0.210506
;

phi :=
1 1   0.0668587
1 2   0.0608584
1 3   0.11957
2 1   0.0350612
2 2   0.0331881
2 3   0.14003
3 1   0.0667342
3 2   0.0607475
3 3   0.119625
4 1   0.117263
4 2   0.107072
4 3   0.104532
;

l [*,1,*]
:       1           2           3        :=
1   -0.118175    0.108376   -0.335315
2    0.2824     -0.025334   -0.5257
3   -0.1169      0.107951   -0.335921
4   -0.518111    0.241873   -0.145234

 [*,2,*]
:       1            2            3        :=
1   -0.0940063    0.0251831   -0.379267
2    0.156693     1.04512     -0.372421
3   -0.0932084    0.0284293   -0.379245
4   -0.344305    -0.993126    -0.386102

 [*,3,*]
:      1           2            3         :=
1   0.255599   -0.0444902   0.210668
2   0.236546   -0.78298     0.00691124
3   0.255538   -0.0468407   0.210019
4   0.274622    0.692822    0.4141
;

W[i,j,k] :=
1 1 1   -0.118175
1 1 2    0.108376
1 1 3   -0.335315
2 1 1    0.2824
2 1 2   -0.025334
2 1 3   -0.5257
3 1 1   -0.1169
3 1 2    0.107951
3 1 3   -0.335921
4 1 1   -0.518111
4 1 2    0.241873
4 1 3   -0.145234
;

W[i,j,k] :=
1 1 4   -0.00950303
1 1 5    0.00327774
1 1 6    0.00440854
2 1 4   -0.00303137
2 1 5    0.0335648
2 1 6   -0.00324594
3 1 4   -0.00948243
3 1 5    0.00337414
3 1 6    0.00438418
4 1 4   -0.0159644
4 1 5   -0.026961
4 1 6    0.0120508
;

W[i,j,k] :=
1 2 1   -0.0940063
1 2 2    0.0251831
1 2 3   -0.379267
2 2 1    0.156693
2 2 2    1.04512
2 2 3   -0.372421
3 2 1   -0.0932084
3 2 2    0.0284293
3 2 3   -0.379245
4 2 1   -0.344305
4 2 2   -0.993126
4 2 3   -0.386102
;

W[i,j,k] :=
1 2 4   -0.00813591
1 2 5    0.00459924
1 2 6    0.00232198
2 2 4   -0.067333
2 2 5    0.0189977
2 2 6    0.0249832
3 2 4   -0.00832432
3 2 5    0.00464507
3 2 6    0.00239411
4 2 4    0.0509668
4 2 5   -0.00977627
4 2 6   -0.0203031
;

W[i,j,k] :=
1 3 1    0.255599
1 3 2   -0.0444902
1 3 3    0.210668
2 3 1    0.236546
2 3 2   -0.78298
2 3 3    0.00691124
3 3 1    0.255538
3 3 2   -0.0468407
3 3 3    0.210019
4 3 1    0.274622
4 3 2    0.692822
4 3 3    0.4141
;

W[i,j,k] :=
1 3 4    0.00919349
1 3 5    0.0143684
1 3 6   -0.00811985
2 3 4    0.0464624
2 3 5    0.0139477
2 3 6   -0.0100804
3 3 4    0.00931211
3 3 5    0.014367
3 3 6   -0.00812609
4 3 4   -0.028016
4 3 5    0.0147883
4 3 6   -0.00616247
;

f11 = 7.9005

f12 = 11.0082

f13 = 3.90507

f21 = 0.125742

f22 = 0

f23 = -0.332444

f31 = -3.38882

f32 = 15

f33 = -4.72154

