solve_message = ' \
Ipopt 3.9.1: Converged to a locally infeasible point. Problem may be infeasible.'

Solve time:
_solve_time = 24.3674

Objective:
torque = 5.63348

cnh1 = 0.938083

cnh2 = -0.970538

cnh3 = 0.938011

snh1 = -0.000672433

snh2 = 0.124754

snh3 = -0.0116058

Hx = -0.0102903

Hy = -0.000597609

Hz = 0.0257663

cnf11 = -0.0201059

cnf21 = 0.336611

cnf31 = 0.448882

cnf12 = -0.0201059

cnf22 = 0.314048

cnf32 = 0.426334

cnt1 = 0.388754

cnt2 = 0.430955

snf11 = 0.937868

snf21 = 0.87561

snf31 = 0.872652

snf12 = 0.937868

snf22 = 0.918306

snf32 = 0.892921

snt1 = 0.924241

snt2 = 0.903413

p :=
1 1    0.000523741
1 2   -0.0333026
1 3   -0.0588169
2 1    0.00054811
2 2    0.0330967
2 3   -0.0593321
3 1    0.0327106
3 2    0.000451947
3 3   -0.0601744
;

mf :=
1 1   -0.0803379
1 2    0.560164
1 3    0.563597
2 1   -0.0871618
2 2   -0.56192
2 3    0.615812
;

mt [*] :=
1  -0.755663
2  -0.00672483
3   0.514113
;

phi :=
1 1   0.0100899
1 2   0.0481459
1 3   0
2 1   0
2 2   0
2 3   0
3 1   0.00980132
3 2   0.0478031
3 3   0
4 1   0.47971
4 2   0.457506
4 3   0.0406294
;

l [*,1,*]
:       1           2          3        :=
1   -0.0797533   0.560502   0.563276
2   -0.814434    0.135845   0.966052
3   -0.0820917   0.55915    0.564558
4    0.653755    0.984482   0.161143

 [*,2,*]
:       1            2           3        :=
1   -0.0876665   -0.562264   0.615342
2    0.546611    -0.129421   1.20577
3   -0.0856478   -0.560887   0.617221
4   -0.720932    -0.994417   0.0258554

 [*,3,*]
:       1            2            3         :=
1   -0.755998   -0.00615882    0.513632
2   -0.334777   -0.7175        1.11758
3   -0.754657   -0.00842286    0.515554
4   -1.17655     0.704048     -0.0893557
;

W[i,j,k] :=
1 1 1   -0.0797533
1 1 2    0.560502
1 1 3    0.563276
2 1 1   -0.814434
2 1 2    0.135845
2 1 3    0.966052
3 1 1   -0.0820917
3 1 2    0.55915
3 1 3    0.564558
4 1 1    0.653755
4 1 2    0.984482
4 1 3    0.161143
;

W[i,j,k] :=
1 1 4    0.0142085
1 1 5    0.00439583
1 1 6   -0.00236243
2 1 4   -0.024182
2 1 5    0.0473965
2 1 6   -0.0270516
3 1 4    0.0140863
3 1 5    0.0045327
3 1 6   -0.00244101
4 1 4    0.0525377
4 1 5   -0.0385363
4 1 6    0.0222873
;

W[i,j,k] :=
1 2 1   -0.0876665
1 2 2   -0.562264
1 2 3    0.615342
2 2 1    0.546611
2 2 2   -0.129421
2 2 3    1.20577
3 2 1   -0.0856478
3 2 2   -0.560887
3 2 3    0.617221
4 2 1   -0.720932
4 2 2   -0.994417
4 2 3    0.0258554
;

W[i,j,k] :=
1 2 4   -0.0129946
1 2 5    0.00486417
1 2 6    0.00259329
2 2 4    0.0322281
2 2 5   -0.0330925
2 2 6   -0.0181619
3 2 4   -0.0128506
3 2 5    0.00474336
3 2 6    0.00252723
4 2 4   -0.0581451
4 2 5    0.0427603
4 2 6    0.0233154
;

W[i,j,k] :=
1 3 1   -0.755998
1 3 2   -0.00615882
1 3 3    0.513632
2 3 1   -0.334777
2 3 2   -0.7175
2 3 3    1.11758
3 3 1   -0.754657
3 3 2   -0.00842286
3 3 3    0.515554
4 3 1   -1.17655
4 3 2    0.704048
4 3 3   -0.0893557
;

W[i,j,k] :=
1 3 4   -0.000138469
1 3 5    0.0286905
1 3 6    0.000140212
2 3 4   -0.0426701
2 3 5   -0.0164118
2 3 6   -0.0233186
3 3 4   -0.000273838
3 3 5    0.028547
3 3 6    6.55477e-05
4 3 4    0.0423253
4 3 5    0.0737209
4 3 6    0.0235616
;

f11 = 12.9962

f12 = 15

f13 = 2.33615

f21 = 10.502

f22 = 13.2705

f23 = 1.59212

f31 = 0.354862

f32 = 0

f33 = -0.0217473

