solve_message = ' \
Ipopt 3.9.1: Optimal Solution Found'

Solve time:
_solve_time = 3.26042

Objective:
torque = 5.19344

cnh1 = -0.883496

cnh2 = 0.937153

cnh3 = 0.349975

snh1 = -0.315334

snh2 = -0.0417689

snh3 = 0.870355

Hx = 0.0139704

Hy = -0.0720283

Hz = -0.0305069

cnf11 = 0.0361635

cnf21 = 0.456329

cnf31 = 0.483397

cnf12 = 0.0361635

cnf22 = 0.493402

cnf32 = 0.494914

cnt1 = 0.518874

cnt2 = 0.444348

snf11 = 0.937386

snf21 = 0.819612

snf31 = 0.858888

snf12 = 0.937386

snf22 = 0.797844

snf32 = 0.853463

snt1 = 0.923455

snt2 = 0.914622

p :=
1 1   -0.0226243
1 2    0.022246
1 3   -0.0583866
2 1   -0.00153292
2 2   -0.0221516
2 3    0.063728
3 1    0.0248605
3 2    0.0248605
3 3    0.0027138
;

mf :=
1 1    0.255278
1 2   -0.585457
1 3    0.442869
2 1    0.0296783
2 2   -0.101394
2 3   -0.768348
;

mt [*] :=
1  -0.57208
2  -0.736514
3  -0.164435
;

phi :=
1 1   0.0488098
1 2   0.0946782
1 3   0.0186441
2 1   0
2 2   0.0298962
2 3   0
3 1   0.0484973
3 2   0.0943697
3 3   0.0185409
4 1   0.337673
4 2   0.287761
4 3   0.0631891
;

l [*,1,*]
:       1           2             3         :=
1    0.255688   -0.584968     0.443225
2   -0.259825   -1.19963     -0.00407934
3    0.254047   -0.586924     0.441801
4    0.770378    0.0287097    0.889815

 [*,2,*]
:       1            2           3        :=
1    0.0290158   -0.101081   -0.768384
2    0.861628    -0.494605   -0.722502
3    0.0316658   -0.102333   -0.768238
4   -0.802268     0.291815   -0.814193

 [*,3,*]
:       1            2           3        :=
1   -0.572461    -0.736383   -0.163714
2   -0.0941792   -0.900781   -1.06966
3   -0.570938    -0.736906   -0.166598
4   -1.04998     -0.572248    0.740789
;

W[i,j,k] :=
1 1 1    0.255688
1 1 2   -0.584968
1 1 3    0.443225
2 1 1   -0.259825
2 1 2   -1.19963
2 1 3   -0.00407934
3 1 1    0.254047
3 1 2   -0.586924
3 1 3    0.441801
4 1 1    0.770378
4 1 2    0.0287097
4 1 3    0.889815
;

W[i,j,k] :=
1 1 4   -0.0242943
1 1 5   -0.00490111
1 1 6    0.00754643
2 1 4   -0.0701328
2 1 5    0.015078
2 1 6    0.0329207
3 1 4   -0.0244402
3 1 5   -0.00483752
3 1 6    0.00762719
4 1 4    0.0214711
4 1 5   -0.0248483
4 1 6   -0.0177874
;

W[i,j,k] :=
1 2 1    0.0290158
1 2 2   -0.101081
1 2 3   -0.768384
2 2 1    0.861628
2 2 2   -0.494605
2 2 3   -0.722502
3 2 1    0.0316658
3 2 2   -0.102333
3 2 3   -0.768238
4 2 1   -0.802268
4 2 2    0.291815
4 2 3   -0.814193
;

W[i,j,k] :=
1 2 4    0.0234626
1 2 5    0.000671249
1 2 6    0.000797696
2 2 4    0.0475248
2 2 5    0.0538023
2 2 6    0.0198446
3 2 4    0.0235392
3 2 5    0.000840353
3 2 6    0.000858318
4 2 4   -0.000561123
4 2 5   -0.052375
4 2 6   -0.0182189
;

W[i,j,k] :=
1 3 1   -0.572461
1 3 2   -0.736383
1 3 3   -0.163714
2 3 1   -0.0941792
2 3 2   -0.900781
2 3 3   -1.06966
3 3 1   -0.570938
3 3 2   -0.736906
3 3 3   -0.166598
4 3 1   -1.04998
4 3 2   -0.572248
4 3 3    0.740789
;

W[i,j,k] :=
1 3 4   -0.00207162
1 3 5    0.00251648
1 3 6   -0.00407523
2 3 4   -0.0241478
2 3 5    0.0263368
2 3 6   -0.0200526
3 3 4   -0.00214189
3 3 5    0.00259229
3 3 6   -0.00412608
4 3 4    0.0199694
4 3 5   -0.0212658
4 3 6    0.0118766
;

f11 = 6.19624

f12 = 8.42298

f13 = 2.67066

f21 = 6.18422

f22 = 10.7897

f23 = -5.64678

f31 = 5.10322

f32 = 6.45168

f33 = -0.846514

