solve_message = ' \
Ipopt 3.9.1: Converged to a locally infeasible point. Problem may be infeasible.'

Solve time:
_solve_time = 9.71886

Objective:
torque = 4.21488

cnh1 = 0.0287061

cnh2 = -0.17581

cnh3 = -0.937884

snh1 = -0.937644

snh2 = -0.379537

snh3 = 0.0193399

Hx = 0.010679

Hy = 0.0216685

Hz = -0.0680999

cnf11 = 0.937617

cnf21 = -0.0800879

cnf31 = 0.371367

cnf12 = 0.937617

cnf22 = 0.935381

cnf32 = 0.72191

cnt1 = 0.482621

cnt2 = 0.429661

snf11 = 0.0295764

snf21 = 0.934658

snf31 = 0.861444

snf12 = 0.0295764

snf22 = 0.0711493

snf32 = 0.681959

snt1 = 0.942913

snt2 = 0.923803

p :=
1 1    0.0316757
1 2   -0.00272491
1 3   -0.0582589
2 1   -0.0162073
2 2    0.030394
2 3   -0.00853887
3 1    0.0100466
3 2   -0.0291565
3 3   -0.0598508
;

mf :=
1 1    0.000689571
1 2    0.235973
1 3   -0.236663
2 1    0.016232
2 2   -0.315658
2 3   -0.141867
;

mt [*] :=
1  0.000959305
2  0.362172
3  0.213541
;

phi :=
1 1   0.0783282
1 2   0.0977575
1 3   0.0788787
2 1   0.0757527
2 2   0.101212
2 3   0.0672913
3 1   0.0783185
3 2   0.0977598
3 3   0.0788411
4 1   0.0822975
4 2   0.0983108
4 3   0.0910159
;

l [*,1,*]
:        1             2           3         :=
1    0.00120235    0.23584     -0.236828
2   -0.643243      0.402856    -0.0291661
3   -0.000848772   0.236372    -0.236167
4    0.64462       0.0690913   -0.444158

 [*,2,*]
:       1            2           3        :=
1    0.0167415   -0.315728   -0.141643
2   -0.623657    -0.227444   -0.422693
3    0.0147033   -0.315447   -0.142537
4    0.656119    -0.40387     0.138959

 [*,3,*]
:        1            2           3         :=
1    0.000392513   0.362047    0.213789
2    0.712716      0.518277   -0.0975125
3    0.00265968    0.362545    0.212798
4   -0.710795      0.206068    0.524594
;

W[i,j,k] :=
1 1 1    0.00120235
1 1 2    0.23584
1 1 3   -0.236828
2 1 1   -0.643243
2 1 2    0.402856
2 1 3   -0.0291661
3 1 1   -0.000848772
3 1 2    0.236372
3 1 3   -0.236167
4 1 1    0.64462
4 1 2    0.0690913
4 1 3   -0.444158
;

W[i,j,k] :=
1 1 4    0.0143851
1 1 5    0.00743163
1 1 6    0.00747367
2 1 4    0.0235494
2 1 5    0.0383985
2 1 6    0.0110079
3 1 4    0.0144143
3 1 5    0.00753019
3 1 6    0.00748492
4 1 4    0.00523547
4 1 5   -0.0234858
4 1 6    0.00394504
;

W[i,j,k] :=
1 2 1    0.0167415
1 2 2   -0.315728
1 2 3   -0.141643
2 2 1   -0.623657
2 2 2   -0.227444
2 2 3   -0.422693
3 2 1    0.0147033
3 2 2   -0.315447
3 2 3   -0.142537
4 2 1    0.656119
4 2 2   -0.40387
4 2 3    0.138959
;

W[i,j,k] :=
1 2 4   -0.00700105
1 2 5   -0.00243861
1 2 6    0.00460826
2 2 4   -0.0147894
2 2 5   -0.0015254
2 2 6    0.0226417
3 2 4   -0.00702584
3 2 5   -0.0024357
3 2 6    0.00466566
4 2 4    0.000774918
4 2 5   -0.00335036
4 2 6   -0.0133964
;

W[i,j,k] :=
1 3 1    0.000392513
1 3 2    0.362047
1 3 3    0.213789
2 3 1    0.712716
2 3 2    0.518277
2 3 3   -0.0975125
3 3 1    0.00265968
3 3 2    0.362545
3 3 3    0.212798
4 3 1   -0.710795
4 3 2    0.206068
4 3 3    0.524594
;

W[i,j,k] :=
1 3 4    0.0154355
1 3 5   -0.00217136
1 3 6    0.00364879
2 3 4    0.0338624
2 3 5   -0.041677
2 3 6    0.0259873
3 3 4    0.0154941
3 3 5   -0.0022971
3 3 6    0.00371989
4 3 4   -0.00296202
4 3 5    0.0372713
4 3 6   -0.018654
;

f11 = 2.35827

f12 = 4.09821

f13 = 0.847503

f21 = 2.76311

f22 = 11.0504

f23 = -1.07125

f31 = 6.03188

f32 = 7.53404

f33 = -0.190927

