solve_message = ' \
Ipopt 3.9.1: Converged to a locally infeasible point. Problem may be infeasible.'

Solve time:
_solve_time = 11.0137

Objective:
torque = 4.83854

cnh1 = -0.0175898

cnh2 = -0.931101

cnh3 = 0.0536886

snh1 = 0.359268

snh2 = -0.114244

snh3 = -0.936546

Hx = -0.0177398

Hy = -0.0396068

Hz = 0.0713453

cnf11 = -0.990191

cnf21 = -0.766

cnf31 = 0

cnf12 = -0.990191

cnf22 = 0.963656

cnf32 = 0.7431

cnt1 = 0.508881

cnt2 = 0.499844

snf11 = 0

snf21 = 0.360616

snf31 = 1

snf12 = 0

snf22 = 0

snf32 = 0.6691

snt1 = 0.788061

snt2 = 0.851032

p :=
1 1   -0.00463549
1 2   -0.0344794
1 3    0.0520506
2 1   -0.027661
2 2    0.0137245
2 3    0.0597962
3 1   -0.021476
3 2   -0.0219928
3 3    0.0599842
;

mf :=
1 1    0.0910811
1 2    0.30965
1 3   -0.00749166
2 1   -0.261095
2 2   -0.192443
2 3    0.0686518
;

mt [*] :=
1   0.153574
2  -0.268862
3   0.115288
;

phi :=
1 1   0.102979
1 2   0.0807471
1 3   0.0726207
2 1   0.111715
2 2   0.0722096
2 3   0.077297
3 1   0.103008
3 2   0.0807451
3 3   0.0726335
4 1   0.0939165
4 2   0.0947498
4 3   0.0694056
;

l [*,1,*]
:       1           2            3         :=
1    0.0912668   0.309595   -0.00690014
2   -0.142092    0.378972   -0.750295
3    0.0905241   0.309816   -0.0092662
4    0.324253    0.240329    0.735309

 [*,2,*]
:       1           2            3         :=
1   -0.261233   -0.192238     0.0690754
2   -0.088135   -0.450122    -0.463261
3   -0.260682   -0.193059     0.0673811
4   -0.434054    0.0652347    0.600563

 [*,3,*]
:       1            2           3        :=
1    0.153387    -0.268937    0.115848
2    0.387588    -0.175094   -0.587301
3    0.154133    -0.268638    0.11361
4   -0.0804398   -0.36263     0.817875
;

W[i,j,k] :=
1 1 1    0.0912668
1 1 2    0.309595
1 1 3   -0.00690014
2 1 1   -0.142092
2 1 2    0.378972
2 1 3   -0.750295
3 1 1    0.0905241
3 1 2    0.309816
3 1 3   -0.0092662
4 1 1    0.324253
4 1 2    0.240329
4 1 3    0.735309
;

W[i,j,k] :=
1 1 4   -0.0158767
1 1 5    0.00471851
1 1 6    0.00171171
2 1 4    0.00614403
2 1 5   -0.0108739
2 1 6   -0.00665595
3 1 4   -0.0158066
3 1 5    0.00466888
3 1 6    0.00168508
4 1 4   -0.0378623
4 1 5    0.0202861
4 1 6    0.010066
;

W[i,j,k] :=
1 2 1   -0.261233
1 2 2   -0.192238
1 2 3    0.0690754
2 2 1   -0.088135
2 2 2   -0.450122
2 2 3   -0.463261
3 2 1   -0.260682
3 2 2   -0.193059
3 2 3    0.0673811
4 2 1   -0.434054
4 2 2    0.0652347
4 2 3    0.600563
;

W[i,j,k] :=
1 2 4    0.0124431
1 2 5   -0.01371
1 2 6    0.00890277
2 2 4    0.0205575
2 2 5   -0.0180844
2 2 6    0.0136604
3 2 4    0.0124689
3 2 5   -0.0137239
3 2 6    0.00891791
4 2 4    0.00434162
4 2 5   -0.00934262
4 2 6    0.00415273
;

W[i,j,k] :=
1 3 1    0.153387
1 3 2   -0.268937
1 3 3    0.115848
2 3 1    0.387588
2 3 2   -0.175094
2 3 3   -0.587301
3 3 1    0.154133
3 3 2   -0.268638
3 3 3    0.11361
4 3 1   -0.0804398
4 3 2   -0.36263
4 3 3    0.817875
;

W[i,j,k] :=
1 3 4   0.0135841
1 3 5   0.0116887
1 3 6   0.0091491
2 3 4   0.0234193
2 3 5   0.0106363
2 3 6   0.0122845
3 3 4   0.0136154
3 3 5   0.0116854
3 3 6   0.00915908
4 3 4   0.00376466
4 3 5   0.0127396
4 3 6   0.00601874
;

f11 = -1.49163

f12 = 13.3892

f13 = 2.58947

f21 = 1.59646

f22 = 8.939

f23 = -3.57523

f31 = -1.44528

f32 = 9.67038

f33 = -0.480392

