solve_message = ' \
Ipopt 3.9.1: Optimal Solution Found'

Solve time:
_solve_time = 9.43806

Objective:
torque = 3.59844

cnh1 = 0.540435

cnh2 = -0.892552

cnh3 = -0.277806

snh1 = 0.766766

snh2 = -0.288706

snh3 = 0.896004

Hx = -0.0536439

Hy = 0.0282538

Hz = -0.0215305

cnf11 = 0.838372

cnf21 = 0.546952

cnf31 = 0.512289

cnf12 = 0.838372

cnf22 = 0.245297

cnf32 = 0.390181

cnt1 = 0.357767

cnt2 = 0.454681

snf11 = 0.420872

snf21 = 0.762131

snf31 = 0.844621

snf12 = 0.420872

snf22 = 0.964763

snf32 = 0.918228

snt1 = 0.867186

snt2 = 0.870644

p :=
1 1   -0.0138758
1 2   -0.0302936
1 3    0.0587812
2 1    0.00921684
2 2   -0.0331887
2 3   -0.0202043
3 1    0.0323178
3 2    0.014708
3 3   -0.00934951
;

mf :=
1 1    0.105476
1 2    0.517726
1 3   -0.583356
2 1   -0.352333
2 2    0.767489
2 3   -0.139043
;

mt [*] :=
1  -0.773073
2  -0.232619
3   0.0568888
;

phi :=
1 1   0.0366521
1 2   0.0131993
1 3   0.0770268
2 1   0
2 2   0
2 3   0.00997556
3 1   0.0363692
3 2   0.0129974
3 3   0.0766839
4 1   0.291369
4 2   0.157609
4 3   0.352417
;

l [*,1,*]
:       1          2           3        :=
1    0.106064   0.517965   -0.583006
2   -0.632451   0.217636   -1.02334
3    0.103713   0.517009   -0.584408
4    0.8434     0.817815   -0.143374

 [*,2,*]
:       1           2           3        :=
1   -0.352034    0.767692   -0.138396
2   -0.72853     0.512262   -0.951737
3   -0.353232    0.766879   -0.140984
4    0.0238617   1.02272     0.673648

 [*,3,*]
:       1           2           3         :=
1   -0.77288    -0.233289    0.0565998
2   -1.01545     0.609162    0.41986
3   -0.773652   -0.230608    0.057756
4   -0.5307     -1.0744     -0.306081
;

W[i,j,k] :=
1 1 1    0.106064
1 1 2    0.517965
1 1 3   -0.583006
2 1 1   -0.632451
2 1 2    0.217636
2 1 3   -1.02334
3 1 1    0.103713
3 1 2    0.517009
3 1 3   -0.584408
4 1 1    0.8434
4 1 2    0.817815
4 1 3   -0.143374
;

W[i,j,k] :=
1 1 4   -0.0127853
1 1 5   -0.0018551
1 1 6   -0.00397411
2 1 4    0.0182077
2 1 5   -0.0513758
2 1 6   -0.022179
3 1 4   -0.0126866
3 1 5   -0.00201271
3 1 6   -0.00403206
4 1 4   -0.0437289
4 1 5    0.0475867
4 1 6    0.0142018
;

W[i,j,k] :=
1 2 1   -0.352034
1 2 2    0.767692
1 2 3   -0.138396
2 2 1   -0.72853
2 2 2    0.512262
2 2 3   -0.951737
3 2 1   -0.353232
3 2 2    0.766879
3 2 3   -0.140984
4 2 1    0.0238617
4 2 2    1.02272
4 2 3    0.673648
;

W[i,j,k] :=
1 2 4    0.0201039
1 2 5    0.00838818
1 2 6   -0.00460792
2 2 4    0.0419369
2 2 5    0.0234915
2 2 6   -0.0194576
3 2 4    0.0201734
3 2 5    0.00843625
3 2 6   -0.00465519
4 2 4   -0.00169425
4 2 5   -0.00669099
4 2 6    0.0102181
;

W[i,j,k] :=
1 3 1   -0.77288
1 3 2   -0.233289
1 3 3    0.0565998
2 3 1   -1.01545
2 3 2    0.609162
2 3 3    0.41986
3 3 1   -0.773652
3 3 2   -0.230608
3 3 3    0.057756
4 3 1   -0.5307
4 3 2   -1.0744
4 3 3   -0.306081
;

W[i,j,k] :=
1 3 4   -0.00134867
1 3 5    0.00539687
1 3 6    0.0038281
2 3 4    0.0118707
2 3 5   -0.00407504
2 3 6    0.034622
3 3 4   -0.00130659
3 3 5    0.00536673
3 3 6    0.00392611
4 3 4   -0.0145469
4 3 5    0.0148537
4 3 6   -0.0269166
;

f11 = 7.89234

f12 = 10.1536

f13 = -1.95255

f21 = 0.349935

f22 = 0

f23 = 0.0628131

f31 = 4.75956

f32 = 10.5188

f33 = -6.94839

