solve_message = ' \
Ipopt 3.9.1: Optimal Solution Found'

Solve time:
_solve_time = 81.0113

Objective:
torque = 5.27636

cnh1 = 0.537745

cnh2 = 0.938036

cnh3 = -0.165369

snh1 = 0.768655

snh2 = -0.00940442

snh3 = 0.923392

Hx = -0.0534393

Hy = 0.0487705

Hz = 0.0186796

cnf11 = 0.379163

cnf21 = 0.513975

cnf31 = 0.501483

cnf12 = 0.379163

cnf22 = 0.417048

cnf32 = 0.471624

cnt1 = 0.494778

cnt2 = 0.434642

snf11 = 0.858042

snf21 = 0.784748

snf31 = 0.85021

snf12 = 0.858042

snf22 = 0.840281

snf32 = 0.864036

snt1 = 0.936587

snt2 = 0.920672

p :=
1 1    0.0160679
1 2    0.0249648
1 3   -0.06113
2 1    0.0299387
2 2    0.00838366
2 3    0.0594902
3 1    0.000504989
3 2   -0.0355037
3 3    0.00170369
;

mf :=
1 1   -0.362549
1 2   -0.0923586
1 3    0.677812
2 1   -0.600362
2 2    0.117425
2 3   -0.482932
;

mt [*] :=
1  -0.0248101
2   0.942575
3   0.108513
;

phi :=
1 1   0.0605389
1 2   0.055771
1 3   0.0386634
2 1   0.00205747
2 2   0
2 3   0
3 1   0.0602467
3 2   0.0554853
3 3   0.0384399
4 1   0.275188
4 2   0.267764
4 3   0.180987
;

l [*,1,*]
:       1           2           3        :=
1   -0.3625     -0.0930845   0.677708
2   -0.42306     0.819122    0.80779
3   -0.362693   -0.0901811   0.678122
4   -0.302038   -1.00384     0.547834

 [*,2,*]
:       1            2            3        :=
1   -0.599873     0.117539    -0.483462
2   -1.21413     -0.0256317    0.183489
3   -0.601828     0.117083    -0.48134
4    0.0134035    0.260481    -1.14935

 [*,3,*]
:       1           2           3        :=
1   -0.0241336   0.942539    0.108984
2   -0.874329    0.987554   -0.482248
3   -0.0268396   0.942683    0.107102
4    0.824705    0.897597    0.699272
;

W[i,j,k] :=
1 1 1   -0.3625
1 1 2   -0.0930845
1 1 3    0.677708
2 1 1   -0.42306
2 1 2    0.819122
2 1 3    0.80779
3 1 1   -0.362693
3 1 2   -0.0901811
3 1 3    0.678122
4 1 1   -0.302038
4 1 2   -1.00384
4 1 3    0.547834
;

W[i,j,k] :=
1 1 4    0.0112286
1 1 5    0.0112703
1 1 6    0.00755409
2 1 4    0.0702393
2 1 5    0.0128822
2 1 6    0.0237232
3 1 4    0.0114164
3 1 5    0.0112754
3 1 6    0.00760555
4 1 4   -0.0476879
4 1 5    0.00966104
4 1 6   -0.00858921
;

W[i,j,k] :=
1 2 1   -0.599873
1 2 2    0.117539
1 2 3   -0.483462
2 2 1   -1.21413
2 2 2   -0.0256317
2 2 3    0.183489
3 2 1   -0.601828
3 2 2    0.117083
3 2 3   -0.48134
4 2 1    0.0134035
4 2 2    0.260481
4 2 3   -1.14935
;

W[i,j,k] :=
1 2 4   -0.0110456
1 2 5   -0.0212124
1 2 6    0.00854809
2 2 4    0.00306315
2 2 5   -0.0777223
2 2 6    0.00941148
3 2 4   -0.0110007
3 2 5   -0.0213922
3 2 6    0.00855084
4 2 4   -0.0251318
4 2 5    0.0352074
4 2 6    0.00768608
;

W[i,j,k] :=
1 3 1   -0.0241336
1 3 2    0.942539
1 3 3    0.108984
2 3 1   -0.874329
2 3 2    0.987554
2 3 3   -0.482248
3 3 1   -0.0268396
3 3 2    0.942683
3 3 3    0.107102
4 3 1    0.824705
4 3 2    0.897597
4 3 3    0.699272
;

W[i,j,k] :=
1 3 4   -0.00547511
1 3 5   -9.61493e-05
1 3 6   -0.000380861
2 3 4    0.0154391
2 3 5   -0.00124605
2 3 6   -0.0305432
3 3 4   -0.00540855
3 3 5   -9.98092e-05
3 3 6   -0.000476861
4 3 4   -0.0263559
4 3 5    0.00105192
4 3 6    0.0297333
;

f11 = 5.20932

f12 = 8.50057

f13 = 4.3851

f21 = 6.09914

f22 = 8.75001

f23 = -1.03472

f31 = 7.53026

f32 = 9.42888

f33 = -0.559956

