solve_message = ' \
Ipopt 3.9.1: Optimal Solution Found'

Solve time:
_solve_time = 4.43043

Objective:
torque = 2.61759

cnh1 = -0.735433

cnh2 = 0.109923

cnh3 = 0.694287

snh1 = -0.762323

snh2 = -0.931621

snh3 = 0.799977

Hx = 0.0175837

Hy = -0.0842995

Hz = -0.0369873

cnf11 = 0.93799

cnf21 = 0.803317

cnf31 = 0.614168

cnf12 = 0.93799

cnf22 = 0.801889

cnf32 = 0.599756

cnt1 = 0.427421

cnt2 = 0.40575

snf11 = 0

snf21 = 0.48444

snf31 = 0.778787

snf12 = 0

snf22 = 0.54032

snf32 = 0.794541

snt1 = 0.969181

snt2 = 0.939301

p :=
1 1   -0.0269676
1 2   -0.00631383
1 3    0.0624522
2 1    0.0233508
2 2    0.00307413
2 3    0.0635798
3 1    0.00625159
3 2    0.0319333
3 3   -0.0605075
;

mf :=
1 1    0.0412275
1 2    0.197403
1 3   -0.798904
2 1    0.0797011
2 2    0.132119
2 3   -0.834878
;

mt [*] :=
1   0.0346152
2  -0.863514
3   0.684138
;

phi :=
1 1   0.0653607
1 2   0.0634106
1 3   0.095141
2 1   0.0282212
2 2   0.0273244
2 3   0.0381551
3 1   0.0652084
3 2   0.0632633
3 3   0.0948851
4 1   0.132637
4 2   0.127898
4 3   0.231771
;

l [*,1,*]
:       1            2           3        :=
1    0.0404996    0.197998   -0.798839
2    0.955324    -0.549935   -0.880439
3    0.0434112    0.195617   -0.799099
4   -0.872865     0.944737   -0.71737

 [*,2,*]
:       1            2           3        :=
1    0.0789729    0.132745   -0.834863
2    0.994173    -0.653869   -0.853732
3    0.0818858    0.130241   -0.834923
4   -0.834767     0.918105   -0.816023

 [*,3,*]
:       1            2           3        :=
1    0.0351956   -0.862969   0.68467
2   -0.694329    -1.54768    0.0160402
3    0.0328737   -0.865148   0.682542
4    0.763557    -0.179353   1.35223
;

W[i,j,k] :=
1 1 1    0.0404996
1 1 2    0.197998
1 1 3   -0.798839
2 1 1    0.955324
2 1 2   -0.549935
2 1 3   -0.880439
3 1 1    0.0434112
3 1 2    0.195617
3 1 3   -0.799099
4 1 1   -0.872865
4 1 2    0.944737
4 1 3   -0.71737
;

W[i,j,k] :=
1 1 4   -0.00732165
1 1 5   -0.0190135
1 1 6   -0.00508382
2 1 4    0.0399036
2 1 5    0.0359187
2 1 6    0.0208622
3 1 4   -0.00717134
3 1 5   -0.0188387
3 1 6   -0.00500124
4 1 4   -0.0544715
4 1 5   -0.0738581
4 1 6   -0.0309884
;

W[i,j,k] :=
1 2 1    0.0789729
1 2 2    0.132745
1 2 3   -0.834863
2 2 1    0.994173
2 2 2   -0.653869
2 2 3   -0.853732
3 2 1    0.0818858
3 2 2    0.130241
3 2 3   -0.834923
4 2 1   -0.834767
4 2 2    0.918105
4 2 3   -0.816023
;

W[i,j,k] :=
1 2 4   -0.0110064
1 2 5    0.0245158
1 2 6    0.00285692
2 2 4    0.0389484
2 2 5    0.0831446
2 2 6   -0.0183246
3 2 4   -0.0108474
3 2 5    0.0247024
3 2 6    0.00278951
4 2 4   -0.0608815
4 2 5   -0.0340195
4 2 6    0.0240046
;

W[i,j,k] :=
1 3 1    0.0351956
1 3 2   -0.862969
1 3 3    0.68467
2 3 1   -0.694329
2 3 2   -1.54768
2 3 3    0.0160402
3 3 1    0.0328737
3 3 2   -0.865148
3 3 3    0.682542
4 3 1    0.763557
4 3 2   -0.179353
4 3 3    1.35223
;

W[i,j,k] :=
1 3 4   -0.0303523
1 3 5   -0.00640988
1 3 6   -0.00651883
2 3 4   -0.0931339
2 3 5    0.0419118
2 3 6    0.0124968
3 3 4   -0.0305521
3 3 5   -0.00625609
3 3 6   -0.00645831
4 3 4    0.0323291
4 3 5   -0.0546545
4 3 6   -0.0255041
;

f11 = -2.62229

f12 = 5.09135

f13 = -3.13586

f21 = 2.10798

f22 = 2.72721

f23 = 0.660679

f31 = 7.29413

f32 = 9.56456

f33 = -2.33737

