solve_message = ' \
Ipopt 3.9.1: Converged to a locally infeasible point. Problem may be infeasible.'

Solve time:
_solve_time = 6.27124

Objective:
torque = 3.81877

cnh1 = -0.162131

cnh2 = 0.936539

cnh3 = 0.145512

snh1 = -0.334696

snh2 = 0.0537971

snh3 = 0.926729

Hx = 0.00707017

Hy = -0.0660426

Hz = 0.0421944

cnf11 = 0.845084

cnf21 = 0.300388

cnf31 = 0.439261

cnf12 = 0.845084

cnf22 = -0.413573

cnf32 = 0.146506

cnt1 = 0.766

cnt2 = 0.646761

snf11 = 0.407228

snf21 = 0.888689

snf31 = 0.875651

snf12 = 0.407228

snf22 = 0.841996

snf32 = 1

snt1 = 0.371703

snt2 = 0.752731

p :=
1 1   -0.0267662
1 2   -0.0216796
1 3    0.02071
2 1    0.00169867
2 2   -0.0316667
2 3    0.05842
3 1    0.00324599
3 2   -0.0314487
3 3    0.0586054
;

mf :=
1 1    0.295916
1 2    0.0669619
1 3    0.172577
2 1    0.251408
2 2   -0.217945
2 3   -0.0334624
;

mt [*] :=
1  -0.221298
2  -0.237645
3  -0.0100264
;

phi :=
1 1   0.078041
1 2   0.0448502
1 3   0.113178
2 1   0.0142298
2 2   0.0265494
2 3   0.0846116
3 1   0.0777506
3 2   0.0447814
3 3   0.113077
4 1   0.214047
4 2   0.0701153
4 3   0.148288
;

l [*,1,*]
:      1           2            3        :=
1   0.295863    0.0672287    0.172345
2   0.361816   -0.268025     0.464359
3   0.296073    0.0661617    0.173274
4   0.230016    0.401948    -0.119204

 [*,2,*]
:      1           2           3         :=
1   0.25147    -0.217869   -0.0341485
2   0.173051   -0.313686    0.828063
3   0.251221   -0.218174   -0.0314043
4   0.329764   -0.122205   -0.894984

 [*,3,*]
:       1            2             3         :=
1   -0.221422    -0.237532    -0.00938686
2   -0.0660436   -0.379913    -0.813184
3   -0.220927    -0.237985    -0.0119452
4   -0.376552    -0.0953769    0.793128
;

W[i,j,k] :=
1 1 1    0.295863
1 1 2    0.0672287
1 1 3    0.172345
2 1 1    0.361816
2 1 2   -0.268025
2 1 3    0.464359
3 1 1    0.296073
3 1 2    0.0661617
3 1 3    0.173274
4 1 1    0.230016
4 1 2    0.401948
4 1 3   -0.119204
;

W[i,j,k] :=
1 1 4   -0.00512867
1 1 5    0.0107403
1 1 6    0.00461475
2 1 4   -0.00451633
2 1 5    0.0199223
2 1 6    0.015018
3 1 4   -0.00512672
3 1 5    0.0107695
3 1 6    0.00464786
4 1 4   -0.00574003
4 1 5    0.001573
4 1 6   -0.00577193
;

W[i,j,k] :=
1 2 1    0.25147
1 2 2   -0.217869
1 2 3   -0.0341485
2 2 1    0.173051
2 2 2   -0.313686
2 2 3    0.828063
3 2 1    0.251221
3 2 2   -0.218174
3 2 3   -0.0314043
4 2 1    0.329764
4 2 2   -0.122205
4 2 3   -0.894984
;

W[i,j,k] :=
1 2 4    0.0138093
1 2 5    0.0147489
1 2 6    0.00759313
2 2 4   -0.00789643
2 2 5    0.00870304
2 2 6    0.0049471
3 2 4    0.0137402
3 2 5    0.0147297
3 2 6    0.00758471
4 2 4    0.0354804
4 2 5    0.0207851
4 2 6    0.0102349
;

W[i,j,k] :=
1 3 1   -0.221422
1 3 2   -0.237532
1 3 3   -0.00938686
2 3 1   -0.0660436
2 3 2   -0.379913
2 3 3   -0.813184
3 3 1   -0.220927
3 3 2   -0.237985
3 3 3   -0.0119452
4 3 1   -0.376552
4 3 2   -0.0953769
4 3 3    0.793128
;

W[i,j,k] :=
1 3 4    0.0142158
1 3 5   -0.012946
1 3 6   -0.00773445
2 3 4    0.0478386
2 3 5   -0.00123092
2 3 6   -0.00331018
3 3 4    0.0143228
3 3 5   -0.0129087
3 3 6   -0.00772037
4 3 4   -0.0193533
4 3 5   -0.0246424
4 3 6   -0.0121517
;

f11 = -0.173283

f12 = 5.60587

f13 = 1.01033

f21 = 2.62976

f22 = 3.60244

f23 = -0.831766

f31 = 9.14203

f32 = 12.4022

f33 = -2.33685

