solve_message = ' \
Ipopt 3.9.1: Converged to a locally infeasible point. Problem may be infeasible.'

Solve time:
_solve_time = 5.50684

Objective:
torque = 4.2827

cnh1 = -0.764149

cnh2 = -0.911037

cnh3 = -0.89049

snh1 = 0.544129

snh2 = -0.223632

snh3 = -0.295004

Hx = 0.0316082

Hy = 0.00766601

Hz = -0.00902432

cnf11 = 0.764225

cnf21 = 0.808749

cnf31 = 0.616932

cnf12 = 0.764225

cnf22 = 0.0425437

cnf32 = 0.356941

cnt1 = 0.468978

cnt2 = 0.487281

snf11 = 0.544022

snf21 = 0.475316

snf31 = 0.776676

snf12 = 0.544022

snf22 = 0.9766

snf32 = 0.908366

snt1 = 0.81244

snt2 = 0.857099

p :=
1 1    0.0281654
1 2    0.0181149
1 3    0.0523728
2 1    0.0173312
2 2    0.0160862
2 3    0.0635664
3 1   -0.0273719
3 2    0.0203094
3 3    0.0562208
;

mf :=
1 1   -0.313172
1 2    0.692939
1 3    0.0825313
2 1   -0.0248293
2 2    0.097863
2 3   -0.830164
;

mt [*] :=
1   0.70172
2  -0.340744
3  -0.201101
;

phi :=
1 1   0.0851905
1 2   0.0426733
1 3   0.0963334
2 1   0.0277476
2 2   0.00574324
2 3   0.0542283
3 1   0.0849572
3 2   0.0425366
3 3   0.0961539
4 1   0.19151
4 2   0.0947903
4 3   0.182478
;

l [*,1,*]
:       1          2           3         :=
1   -0.313784   0.69263     0.0828011
2    0.455      1.08125    -0.256375
3   -0.311337   0.693867    0.0817216
4   -1.08134    0.304633    0.421436

 [*,2,*]
:       1            2            3        :=
1   -0.0253032    0.0973075   -0.830193
2    0.570324     0.795432    -0.793298
3   -0.0234075    0.0995295   -0.830076
4   -0.619981    -0.599704    -0.867029

 [*,3,*]
:      1           2            3        :=
1   0.702046   -0.340495    -0.200451
2   0.293461   -0.653588    -1.01762
3   0.700745   -0.341491    -0.203052
4   1.10998    -0.0279012    0.615413
;

W[i,j,k] :=
1 1 1   -0.313784
1 1 2    0.69263
1 1 3    0.0828011
2 1 1    0.455
2 1 2    1.08125
2 1 3   -0.256375
3 1 1   -0.311337
3 1 2    0.693867
3 1 3    0.0817216
4 1 1   -1.08134
4 1 2    0.304633
4 1 3    0.421436
;

W[i,j,k] :=
1 1 4   -0.0347751
1 1 5   -0.0187659
1 1 6    0.0251924
2 1 4   -0.0612721
2 1 5    0.0310505
2 1 6    0.0222115
3 1 4   -0.0348594
3 1 5   -0.0186073
3 1 6    0.0251829
4 1 4   -0.00832023
4 1 5   -0.0685028
4 1 6    0.0281685
;

W[i,j,k] :=
1 2 1   -0.0253032
1 2 2    0.0973075
1 2 3   -0.830193
2 2 1    0.570324
2 2 2    0.795432
2 2 3   -0.793298
3 2 1   -0.0234075
3 2 2    0.0995295
3 2 3   -0.830076
4 2 1   -0.619981
4 2 2   -0.599704
4 2 3   -0.867029
;

W[i,j,k] :=
1 2 4   -0.0195401
1 2 5    0.0127798
1 2 6    0.00209348
2 2 4   -0.0633239
2 2 5    0.0500023
2 2 6    0.00461142
3 2 4   -0.0196795
3 2 5    0.0128982
3 2 6    0.0021015
4 2 4    0.0241738
4 2 5   -0.0243834
4 2 6   -0.000420435
;

W[i,j,k] :=
1 3 1    0.702046
1 3 2   -0.340495
1 3 3   -0.200451
2 3 1    0.293461
2 3 2   -0.653588
2 3 3   -1.01762
3 3 1    0.700745
3 3 2   -0.341491
3 3 3   -0.203052
4 3 1    1.10998
4 3 2   -0.0279012
4 3 3    0.615413
;

W[i,j,k] :=
1 3 4    0.0150718
1 3 5    0.0339829
1 3 6   -0.00493816
2 3 4    0.016078
2 3 5   -0.0113556
2 3 6    0.0119299
3 3 4    0.0150751
3 3 5    0.0338386
3 3 6   -0.00488447
4 3 4    0.0140673
4 3 5    0.079249
4 3 6   -0.0217793
;

f11 = -0.0461669

f12 = 12.6235

f13 = -1.26255

f21 = 2.82739

f22 = 3.50816

f23 = -0.0497272

f31 = 6.21345

f32 = 9.98192

f33 = -5.02811

