solve_message = ' \
Ipopt 3.9.1: Converged to a locally infeasible point. Problem may be infeasible.'

Solve time:
_solve_time = 5.99044

Objective:
torque = 6.50201

cnh1 = 0.70353

cnh2 = -0.738127

cnh3 = 0.168444

snh1 = 0.620521

snh2 = 0.578937

snh3 = 0.922836

Hx = -0.0403702

Hy = 0.0826636

Hz = 0.056222

cnf11 = 0.914927

cnf21 = 0.384425

cnf31 = 0.462177

cnf12 = 0.914927

cnf22 = 0.959765

cnf32 = 0.636594

cnt1 = 0.301373

cnt2 = 0.370733

snf11 = 0.207146

snf21 = 0.855697

snf31 = 0.867846

snf12 = 0.207146

snf22 = 0.448165

snf32 = 0.780824

snt1 = 0.990354

snt2 = 0.951969

p :=
1 1   -0.00894162
1 2    0.0308054
1 3    0.0576382
2 1   -0.0321636
2 2    0.00169031
2 3   -0.057321
3 1    0.0327774
3 2    9.52407e-06
3 3    0.0556426
;

mf :=
1 1   0.0251259
1 2   0.706103
1 3   0.353559
2 1   0.600839
2 2   0.183461
2 3   0.661611
;

mt [*] :=
1  -0.872559
2   0.189696
3  -0.275328
;

phi :=
1 1   0.0469113
1 2   0.0767182
1 3   0.072837
2 1   0.0269098
2 2   0.0246802
2 3   0.0265205
3 1   0.0468422
3 2   0.0764924
3 3   0.0725906
4 1   0.070675
4 2   0.18157
4 3   0.231612
;

l [*,1,*]
:       1           2           3        :=
1    0.0255254   0.705812    0.354114
2   -0.476481    1.07147    -0.344056
3    0.0239276   0.706976    0.351892
4    0.526731    0.340742    1.05117

 [*,2,*]
:      1           2          3        :=
1   0.600966    0.182696   0.661738
2   0.442187    1.14413    0.501975
3   0.60046     0.185756   0.661229
4   0.759491   -0.777206   0.821245

 [*,3,*]
:       1           2            3        :=
1   -0.872394    0.189495    -0.276121
2   -1.07991     0.442239     0.719567
3   -0.873055    0.1903      -0.272952
4   -0.665205   -0.0628452   -1.27022
;

W[i,j,k] :=
1 1 1    0.0255254
1 1 2    0.705812
1 1 3    0.354114
2 1 1   -0.476481
2 1 2    1.07147
2 1 3   -0.344056
3 1 1    0.0239276
3 1 2    0.706976
3 1 3    0.351892
4 1 1    0.526731
4 1 2    0.340742
4 1 3    1.05117
;

W[i,j,k] :=
1 1 4   -0.0297731
1 1 5    0.00463759
1 1 6   -0.00709742
2 1 4   -0.0723561
2 1 5   -0.0305399
2 1 6    0.00509756
3 1 4   -0.0299086
3 1 5    0.00452563
3 1 6   -0.00705861
4 1 4    0.012742
4 1 5    0.039759
4 1 6   -0.019273
;

W[i,j,k] :=
1 2 1    0.600966
1 2 2    0.182696
1 2 3    0.661738
2 2 1    0.442187
2 2 2    1.14413
2 2 3    0.501975
3 2 1    0.60046
3 2 2    0.185756
3 2 3    0.661229
4 2 1    0.759491
4 2 2   -0.777206
4 2 3    0.821245
;

W[i,j,k] :=
1 2 4    0.0115909
1 2 5   -0.0131641
1 2 6   -0.00689197
2 2 4    0.0664313
2 2 5   -0.00920129
2 2 6   -0.0375468
3 2 4    0.0117654
3 2 5   -0.0131515
3 2 6   -0.00698954
4 2 4   -0.0431621
4 2 5   -0.0171206
4 2 6    0.023714
;

W[i,j,k] :=
1 3 1   -0.872394
1 3 2    0.189495
1 3 3   -0.276121
2 3 1   -1.07991
2 3 2    0.442239
2 3 3    0.719567
3 3 1   -0.873055
3 3 2    0.1903
3 3 3   -0.272952
4 3 1   -0.665205
4 3 2   -0.0628452
4 3 3   -1.27022
;

W[i,j,k] :=
1 3 4   -0.0105466
1 3 5   -0.0394918
1 3 6    0.00621946
2 3 4   -0.0246005
2 3 5   -0.0836748
2 3 6    0.0145057
3 3 4   -0.0105914
3 3 5   -0.0396324
3 3 6    0.00624584
4 3 4    0.00348478
4 3 5    0.00462071
4 3 6   -0.00205357
;

f11 = 13.1619

f12 = 15

f13 = 1.06024

f21 = 0.919173

f22 = 2.70611

f23 = -1.99033

f31 = 10.4219

f32 = 13.8392

f33 = -3.75211

