solve_message = ' \
Ipopt 3.9.1: Converged to a locally infeasible point. Problem may be infeasible.'

Solve time:
_solve_time = 4.92963

Objective:
torque = 6.72108

cnh1 = -0.476982

cnh2 = -0.755676

cnh3 = 0.103387

snh1 = -0.807767

snh2 = 0.555837

snh3 = 0.932369

Hx = 0.0527949

Hy = -0.0815738

Hz = 0.0521713

cnf11 = 0.928304

cnf21 = 0.376305

cnf31 = 0.459873

cnf12 = 0.928304

cnf22 = 0.998823

cnf32 = 0.662889

cnt1 = 0.3104

cnt2 = 0.366252

snf11 = 0.135096

snf21 = 0.859299

snf31 = 0.868728

snf12 = 0.135096

snf22 = 0.352636

snf32 = 0.758147

snt1 = 0.993792

snt2 = 0.958872

p :=
1 1   -0.00173009
1 2   -0.031912
1 3    0.0579062
2 1    0.0318101
2 2    0.00721635
2 3   -0.0561691
3 1   -0.0313817
3 2   -0.00942545
3 3    0.0556798
;

mf :=
1 1    0.190026
1 2   -0.683213
1 3    0.348652
2 1   -0.617809
2 2   -0.341672
2 3    0.574836
;

mt [*] :=
1   0.893536
2   0.0695849
3  -0.302181
;

phi :=
1 1   0.056705
1 2   0.08827
1 3   0.0968704
2 1   0.0455555
2 2   0.0412447
2 3   0.0520893
3 1   0.0566682
3 2   0.0881009
3 3   0.0966892
4 1   0.0687064
4 2   0.15078
4 3   0.183567
;

l [*,1,*]
:       1           2           3        :=
1    0.189603   -0.683036    0.349234
2    0.721961   -0.905882   -0.382577
3    0.191297   -0.683745    0.346905
4   -0.341906   -0.460545    1.07988

 [*,2,*]
:       1           2          3        :=
1   -0.618095   -0.340965   0.575002
2   -0.258181   -1.22992    0.366618
3   -0.61695    -0.343794   0.574339
4   -0.977436    0.546569   0.783053

 [*,3,*]
:      1           2            3        :=
1   0.893295    0.069781    -0.30296
2   1.19562    -0.176706     0.676006
3   0.894257    0.0689965   -0.299844
4   0.591455    0.315875    -1.28036
;

W[i,j,k] :=
1 1 1    0.189603
1 1 2   -0.683036
1 1 3    0.349234
2 1 1    0.721961
2 1 2   -0.905882
2 1 3   -0.382577
3 1 1    0.191297
3 1 2   -0.683745
3 1 3    0.346905
4 1 1   -0.341906
4 1 2   -0.460545
4 1 3    1.07988
;

W[i,j,k] :=
1 1 4    0.0284072
1 1 5    0.0115834
1 1 6    0.00723231
2 1 4    0.064665
2 1 5    0.0411441
2 1 6    0.0246065
3 1 4    0.0285226
3 1 5    0.0116775
3 1 6    0.00728761
4 1 4   -0.00779267
4 1 5   -0.0179302
4 1 6   -0.0101141
;

W[i,j,k] :=
1 2 1   -0.618095
1 2 2   -0.340965
1 2 3    0.575002
2 2 1   -0.258181
2 2 2   -1.22992
2 2 3    0.366618
3 2 1   -0.61695
3 2 2   -0.343794
3 2 3    0.574339
4 2 1   -0.977436
4 2 2    0.546569
4 2 3    0.783053
;

W[i,j,k] :=
1 2 4   -0.0150023
1 2 5    0.016427
1 2 6   -0.00638576
2 2 4   -0.0664378
2 2 5    0.00283961
2 2 6   -0.0372607
3 2 4   -0.015166
3 2 5    0.0163837
3 2 6   -0.00648403
4 2 4    0.0363511
4 2 5    0.0299927
4 2 6    0.02444
;

W[i,j,k] :=
1 3 1    0.893295
1 3 2    0.069781
1 3 3   -0.30296
2 3 1    1.19562
2 3 2   -0.176706
2 3 3    0.676006
3 3 1    0.894257
3 3 2    0.0689965
3 3 3   -0.299844
4 3 1    0.591455
4 3 2    0.315875
4 3 3   -1.28036
;

W[i,j,k] :=
1 3 4   -0.00102986
1 3 5    0.0402311
1 3 6    0.00622986
2 3 4    0.00346732
2 3 5    0.087786
2 3 6    0.0168146
3 3 4   -0.00101554
3 3 5    0.0403825
3 3 6    0.00626355
4 3 4   -0.00551986
4 3 5   -0.00724798
4 3 6   -0.00433799
;

f11 = 13.1524

f12 = 15

f13 = -1.17226

f21 = 0.132014

f22 = 4.81672

f23 = -0.523914

f31 = 11.3229

f32 = 14.6964

f33 = -3.18465

