solve_message = ' \
Ipopt 3.9.1: Optimal Solution Found'

Solve time:
_solve_time = 6.00604

Objective:
torque = 4.16233

cnh1 = -0.645512

cnh2 = -0.535477

cnh3 = -0.936572

snh1 = -0.680672

snh2 = -0.770236

snh3 = 0.0532305

Hx = 0.0375246

Hy = 0.0333937

Hz = -0.0447903

cnf11 = 0.932738

cnf21 = 0.665211

cnf31 = 0.554375

cnf12 = 0.932738

cnf22 = 0.675464

cnf32 = 0.549968

cnt1 = 0.391791

cnt2 = 0.389514

snf11 = 0

snf21 = 0.661433

snf31 = 0.820237

snf12 = 0

snf22 = 0.679769

snf32 = 0.827026

snt1 = 0.982744

snt2 = 0.950062

p :=
1 1    0.0282417
1 2    0.00891331
1 3    0.0611958
2 1    0.00645741
2 2    0.0288911
2 3    0.0612054
3 1   -0.0243565
3 2   -0.0243563
3 3   -0.0152266
;

mf :=
1 1   -0.151185
1 2   -0.288511
1 3   -0.739972
2 1   -0.261902
2 2   -0.170949
2 3   -0.768216
;

mt [*] :=
1  0.652986
2  0.631874
3  0.189831
;

phi :=
1 1   0.0559851
1 2   0.0552057
1 3   0.0683829
2 1   0.00818084
2 2   0.0106527
2 3   0.00605735
3 1   0.0557661
3 2   0.0550071
3 3   0.0680686
4 1   0.179136
4 2   0.159539
4 3   0.307434
;

l [*,1,*]
:       1            2           3        :=
1   -0.15112     -0.289174   -0.739694
2   -0.232154     0.543621   -1.08942
3   -0.151378    -0.286523   -0.740807
4   -0.0702162   -1.12064    -0.390525

 [*,2,*]
:       1           2           3        :=
1   -0.261906   -0.171652   -0.768038
2   -0.257283    0.713036   -0.991945
3   -0.261891   -0.168837   -0.768751
4   -0.266521   -1.05493    -0.544488

 [*,3,*]
:       1          2           3        :=
1   0.652528    0.632238    0.190438
2   1.22898     0.173977   -0.571567
3   0.654362    0.63078     0.188012
4   0.0769962   1.08977     0.951226
;

W[i,j,k] :=
1 1 1   -0.15112
1 1 2   -0.289174
1 1 3   -0.739694
2 1 1   -0.232154
2 1 2    0.543621
2 1 3   -1.08942
3 1 1   -0.151378
3 1 2   -0.286523
3 1 3   -0.740807
4 1 1   -0.0702162
4 1 2   -1.12064
4 1 3   -0.390525
;

W[i,j,k] :=
1 1 4    0.0111031
1 1 5    0.0116422
1 1 6   -0.00681977
2 1 4   -0.0429777
2 1 5    0.0165602
2 1 6    0.017422
3 1 4    0.010931
3 1 5    0.0116579
3 1 6   -0.00674261
4 1 4    0.0650976
4 1 5    0.00673213
4 1 6   -0.0310229
;

W[i,j,k] :=
1 2 1   -0.261906
1 2 2   -0.171652
1 2 3   -0.768038
2 2 1   -0.257283
2 2 2    0.713036
2 2 3   -0.991945
3 2 1   -0.261891
3 2 2   -0.168837
3 2 3   -0.768751
4 2 1   -0.266521
4 2 2   -1.05493
4 2 3   -0.544488
;

W[i,j,k] :=
1 2 4   -0.0116834
1 2 5   -0.0110705
1 2 6    0.00645831
2 2 4   -0.0723
2 2 5   -0.00934172
2 2 6    0.0120376
3 2 4   -0.0118763
3 2 5   -0.011065
3 2 6    0.00647607
4 2 4    0.0488366
4 2 5   -0.0127966
4 2 6    0.000887974
;

W[i,j,k] :=
1 3 1    0.652528
1 3 2    0.632238
1 3 3    0.190438
2 3 1    1.22898
2 3 2    0.173977
2 3 3   -0.571567
3 3 1    0.654362
3 3 2    0.63078
3 3 3    0.188012
4 3 1    0.0769962
4 3 2    1.08977
4 3 3    0.951226
;

W[i,j,k] :=
1 3 4    0.00498847
1 3 5   -0.00529738
1 3 6    0.000494075
2 3 4    0.0165703
2 3 5   -0.0326345
2 3 6    0.0256959
3 3 4    0.00502534
3 3 5   -0.00538439
3 3 6    0.000574287
4 3 4   -0.00657491
4 3 5    0.0219961
4 3 6   -0.0246676
;

f11 = 0.863485

f12 = 4.31353

f13 = -3.35896

f21 = 5.25203

f22 = 6.55988

f23 = -0.276995

f31 = 9.79228

f32 = 12.7889

f33 = -2.98457

