solve_message = ' \
Ipopt 3.9.1: Optimal Solution Found'

Solve time:
_solve_time = 6.20884

Objective:
torque = 3.02027

cnh1 = -0.629877

cnh2 = 0.609219

cnh3 = -0.938009

snh1 = 0.695166

snh2 = 0.713339

snh3 = 0.011769

Hx = -0.0326912

Hy = 0.0344908

Hz = 0.0376578

cnf11 = 0.932738

cnf21 = 0.574846

cnf31 = 0.521715

cnf12 = 0.932738

cnf22 = 0.575509

cnf32 = 0.521942

cnt1 = 0.40711

cnt2 = 0.396008

snf11 = 0

snf21 = 0.741318

snf31 = 0.839514

snf12 = 0

snf22 = 0.740803

snf32 = 0.839388

snt1 = 0.977886

snt2 = 0.945989

p :=
1 1   -0.0281512
1 2    0.00716676
1 3   -0.0616494
2 1   -0.00463966
2 2    0.0289399
2 3   -0.0614512
3 1    0.0239023
3 2   -0.0262573
3 3    0.000240493
;

mf :=
1 1    0.116396
1 2   -0.24769
1 3    0.762064
2 1    0.229445
2 2   -0.144535
2 3    0.762994
;

mt [*] :=
1  -0.624568
2   0.676748
3  -0.114458
;

phi :=
1 1   0.0495201
1 2   0.0519576
1 3   0.0536349
2 1   0.000239327
2 2   0.00359922
2 3   0
3 1   0.0492865
3 2   0.0517322
3 3   0.053316
4 1   0.193665
4 2   0.184586
4 3   0.342059
;

l [*,1,*]
:       1            2          3        :=
1    0.116285    -0.248364   0.761835
2    0.255268     0.599288   1.05047
3    0.116728    -0.245666   0.762753
4   -0.0224752   -1.09466    0.473662

 [*,2,*]
:      1           2          3        :=
1   0.229409   -0.145239   0.762855
2   0.273758    0.739294   0.937604
3   0.229551   -0.142424   0.763412
4   0.185132   -1.02836    0.588386

 [*,3,*]
:       1           2           3        :=
1   -0.624131    0.677109   -0.115082
2   -1.17298     0.223451    0.668813
3   -0.625878    0.675665   -0.112587
4   -0.0761599   1.13004    -0.897725
;

W[i,j,k] :=
1 1 1    0.116285
1 1 2   -0.248364
1 1 3    0.761835
2 1 1    0.255268
2 1 2    0.599288
2 1 3    1.05047
3 1 1    0.116728
3 1 2   -0.245666
3 1 3    0.762753
4 1 1   -0.0224752
4 1 2   -1.09466
4 1 3    0.473662
;

W[i,j,k] :=
1 1 4   -0.00985162
1 1 5    0.0142777
1 1 6    0.00615837
2 1 4    0.0444742
2 1 5    0.0138349
2 1 6   -0.0187001
3 1 4   -0.00967871
3 1 5    0.0142762
3 1 6    0.00607925
4 1 4   -0.0640908
4 1 5    0.0147197
4 1 6    0.0309772
;

W[i,j,k] :=
1 2 1    0.229409
1 2 2   -0.145239
1 2 3    0.762855
2 2 1    0.273758
2 2 2    0.739294
2 2 3    0.937604
3 2 1    0.229551
3 2 2   -0.142424
3 2 3    0.763412
4 2 1    0.185132
4 2 2   -1.02836
4 2 3    0.588386
;

W[i,j,k] :=
1 2 4    0.0131518
1 2 5   -0.0105581
1 2 6   -0.00596522
2 2 4    0.0725646
2 2 5   -0.0124726
2 2 6   -0.0113526
3 2 4    0.0133409
3 2 5   -0.0105642
3 2 6   -0.00598237
4 2 4   -0.0461661
4 2 5   -0.00864665
4 2 6   -0.000586449
;

W[i,j,k] :=
1 3 1   -0.624131
1 3 2    0.677109
1 3 3   -0.115082
2 3 1   -1.17298
2 3 2    0.223451
2 3 3    0.668813
3 3 1   -0.625878
3 3 2    0.675665
3 3 3   -0.112587
4 3 1   -0.0761599
4 3 2    1.13004
4 3 3   -0.897725
;

W[i,j,k] :=
1 3 4    0.00285889
1 3 5    0.00260061
1 3 6   -0.000203551
2 3 4   -0.0176149
2 3 5   -0.0162683
2 3 6   -0.0254583
3 3 4    0.00279373
3 3 5    0.00254056
3 3 6   -0.000283931
4 3 4    0.0233001
4 3 5    0.0214394
4 3 6    0.0250109
;

f11 = 6.11097

f12 = 7.64727

f13 = -0.451388

f21 = -0.342795

f22 = 0

f23 = 0.0942954

f31 = 6.51373

f32 = 8.25044

f33 = 1.12071

