solve_message = ' \
Ipopt 3.9.1: Optimal Solution Found'

Solve time:
_solve_time = 2.35562

Objective:
torque = 2.85185

cnh1 = -0.685472

cnh2 = 0.304274

cnh3 = -1.02867

snh1 = -0.640415

snh2 = 0.887366

snh3 = 0.0145184

Hx = -0.0419286

Hy = -0.0409412

Hz = 0.0631642

cnf11 = 0.93417

cnf21 = 0.852413

cnf31 = 0.641219

cnf12 = 0.93417

cnf22 = 0.852544

cnf32 = 0.6413

cnt1 = 0.354894

cnt2 = 0.361379

snf11 = 0

snf21 = 0.391657

snf31 = 0.757343

snf12 = 0

snf22 = 0.391368

snf32 = 0.757276

snt1 = 0.998022

snt2 = 0.973665

p :=
1 1   -0.0100789
1 2   -0.0292208
1 3   -0.0597523
2 1   -0.0297246
2 2   -0.00875735
2 3   -0.0596416
3 1    0.0253859
3 2    0.0238394
3 3    0.0517474
;

mf :=
1 1   0.380041
1 2   0.25835
1 3   0.664747
2 1   0.27778
2 2   0.365545
2 3   0.665209
;

mt [*] :=
1  -0.667228
2  -0.639091
3  -0.362658
;

phi :=
1 1   0.066411
1 2   0.0671261
1 3   0.097812
2 1   0.0308408
2 2   0.03562
2 3   0.0440749
3 1   0.0662671
3 2   0.0670026
3 3   0.0975775
4 1   0.128407
4 2   0.117596
4 3   0.215187
;

l [*,1,*]
:       1          2          3        :=
1    0.380739   0.258245   0.664385
2   -0.496401   0.390473   1.11904
3    0.377947   0.258666   0.665832
4    1.25648    0.126227   0.210454

 [*,2,*]
:       1          2          3        :=
1    0.278518   0.365442   0.664944
2   -0.649987   0.494967   0.998355
3    0.275563   0.365854   0.666005
4    1.20554    0.236123   0.332065

 [*,3,*]
:       1           2           3        :=
1   -0.667488   -0.638485   -0.363272
2   -0.340651   -1.40099     0.409428
3   -0.666448   -0.640912   -0.360813
4   -0.993804    0.122806   -1.13474
;

W[i,j,k] :=
1 1 1    0.380739
1 1 2    0.258245
1 1 3    0.664385
2 1 1   -0.496401
2 1 2    0.390473
2 1 3    1.11904
3 1 1    0.377947
3 1 2    0.258666
3 1 3    0.665832
4 1 1    1.25648
4 1 2    0.126227
4 1 3    0.210454
;

W[i,j,k] :=
1 1 4   -0.00398315
1 1 5   -0.0160538
1 1 6    0.00852268
2 1 4   -0.00936762
2 1 5    0.0409397
2 1 6   -0.0184407
3 1 4   -0.00400029
3 1 5   -0.0158724
3 1 6    0.00843686
4 1 4    0.00139274
4 1 5   -0.0729564
4 1 6    0.0354431
;

W[i,j,k] :=
1 2 1    0.278518
1 2 2    0.365442
1 2 3    0.664944
2 2 1   -0.649987
2 2 2    0.494967
2 2 3    0.998355
3 2 1    0.275563
3 2 2    0.365854
3 2 3    0.666005
4 2 1    1.20554
4 2 2    0.236123
4 2 3    0.332065
;

W[i,j,k] :=
1 2 4    0.0159724
1 2 5    0.00315391
1 2 6   -0.00842352
2 2 4    0.0207777
2 2 5    0.068442
2 2 6   -0.0204048
3 2 4    0.0159877
3 2 5    0.00336171
3 2 6   -0.00846166
4 2 4    0.0111748
4 2 5   -0.06203
4 2 6    0.00353867
;

W[i,j,k] :=
1 3 1   -0.667488
1 3 2   -0.638485
1 3 3   -0.363272
2 3 1   -0.340651
2 3 2   -1.40099
2 3 3    0.409428
3 3 1   -0.666448
3 3 2   -0.640912
3 3 3   -0.360813
4 3 1   -0.993804
4 3 2    0.122806
4 3 3   -1.13474
;

W[i,j,k] :=
1 3 4    0.0243797
1 3 5   -0.0253188
1 3 6   -0.000295991
2 3 4    0.0822582
2 3 5   -0.0280215
2 3 6   -0.0274445
3 3 4    0.0245639
3 3 5   -0.0253274
3 3 6   -0.000382398
4 3 4   -0.0334064
4 3 5   -0.0226203
4 3 6    0.0268092
;

f11 = 2.04981

f12 = 2.66116

f13 = -0.671249

f21 = -3.41148

f22 = 4.63036

f23 = 1.48444

f31 = 8.23724

f32 = 10.4321

f33 = 1.38478

