solve_message = ' \
Ipopt 3.9.1: Optimal Solution Found'

Solve time:
_solve_time = 10.2805

Objective:
torque = 3.64537

cnh1 = 0.907821

cnh2 = -0.93582

cnh3 = -0.215754

snh1 = -0.23635

snh2 = 0.0651173

snh3 = 0.912935

Hx = 0.01466

Hy = 0.071191

Hz = -0.0287651

cnf11 = 0.270856

cnf21 = 0.591392

cnf31 = 0.527439

cnf12 = 0.270856

cnf22 = 0.471122

cnf32 = 0.424875

cnt1 = 0.460063

cnt2 = 0.427197

snf11 = 0.89813

snf21 = 0.728186

snf31 = 0.836311

snf12 = 0.89813

snf22 = 0.948707

snf32 = 0.926834

snt1 = 0.943283

snt2 = 0.92205

p :=
1 1   -0.0233542
1 2    0.0161553
1 3    0.0644494
2 1   -0.0186563
2 2   -0.0268917
2 3   -0.060143
3 1    0.0243564
3 2   -0.0243564
3 3   -0.00495702
;

mf :=
1 1    0.272421
1 2    0.0269216
1 3   -0.718689
2 1    0.346184
2 2    0.668601
2 3    0.522027
;

mt [*] :=
1  -0.548879
2   0.738669
3  -0.18979
;

phi :=
1 1   0.0714599
1 2   0.0482857
1 3   0.0412418
2 1   0.00907818
2 2   0
2 3   0.000289883
3 1   0.0711484
3 2   0.0480057
3 3   0.0410584
4 1   0.299719
4 2   0.264792
4 3   0.13859
;

l [*,1,*]
:       1           2            3        :=
1    0.272823    0.0263222   -0.718533
2   -0.232026    0.779638    -0.914363
3    0.271216    0.0287198   -0.719157
4    0.776867   -0.725792    -0.523016

 [*,2,*]
:       1          2           3        :=
1    0.345673   0.668378    0.522585
2    0.987193   0.948848   -0.178409
3    0.347715   0.669271    0.520354
4   -0.294823   0.388356    1.22246

 [*,3,*]
:       1           2           3        :=
1   -0.549362    0.738195   -0.190256
2    0.0575144   1.33371     0.395145
3   -0.54743     0.74009    -0.188393
4   -1.15527     0.143625   -0.774723
;

W[i,j,k] :=
1 1 1    0.272823
1 1 2    0.0263222
1 1 3   -0.718533
2 1 1   -0.232026
2 1 2    0.779638
2 1 3   -0.914363
3 1 1    0.271216
3 1 2    0.0287198
3 1 3   -0.719157
4 1 1    0.776867
4 1 2   -0.725792
4 1 3   -0.523016
;

W[i,j,k] :=
1 1 4   -0.0133046
1 1 5    0.000802542
1 1 6   -0.00502227
2 1 4   -0.065019
2 1 5   -0.0363081
2 1 6   -0.0144593
3 1 4   -0.0134692
3 1 5    0.000684428
3 1 6   -0.00505231
4 1 4    0.0383274
4 1 5    0.037854
4 1 6    0.00439974
;

W[i,j,k] :=
1 2 1    0.345673
1 2 2    0.668378
1 2 3    0.522585
2 2 1    0.987193
2 2 2    0.948848
2 2 3   -0.178409
3 2 1    0.347715
3 2 2    0.669271
3 2 3    0.520354
4 2 1   -0.294823
4 2 2    0.388356
4 2 3    1.22246
;

W[i,j,k] :=
1 2 4    0.026145
1 2 5   -0.0110403
1 2 6   -0.00317374
2 2 4    0.0618642
2 2 5   -0.0627012
2 2 6    0.00884528
3 2 4    0.0262587
3 2 5   -0.0112047
3 2 6   -0.00313548
4 2 4   -0.00951721
4 2 5    0.0405382
4 2 6   -0.0151736
;

W[i,j,k] :=
1 3 1   -0.549362
1 3 2    0.738195
1 3 3   -0.190256
2 3 1    0.0575144
2 3 2    1.33371
2 3 3    0.395145
3 3 1   -0.54743
3 3 2    0.74009
3 3 3   -0.188393
4 3 1   -1.15527
4 3 2    0.143625
4 3 3   -0.774723
;

W[i,j,k] :=
1 3 4    0.0082932
1 3 5    0.00735715
1 3 6    0.00459931
2 3 4   -0.00301307
2 3 5   -0.00990942
2 3 6    0.0338854
3 3 4    0.00825721
3 3 5    0.00730219
3 3 6    0.00469252
4 3 4    0.0195814
4 3 5    0.0245962
4 3 6   -0.02464
;

f11 = 8.20339

f12 = 10.689

f13 = -2.4388

f21 = 5.63303

f22 = 7.55958

f23 = 2.22783

f31 = -1.31866

f32 = 3.48119

f33 = -2.47731

