solve_message = ' \
Ipopt 3.9.1: Converged to a locally infeasible point. Problem may be infeasible.'

Solve time:
_solve_time = 2.77682

Objective:
torque = 5.20196

cnh1 = -0.588275

cnh2 = 0.522784

cnh3 = -0.895451

snh1 = -0.730707

snh2 = -0.778907

snh3 = 0.279584

Hx = 0.0647374

Hy = 0.0385788

Hz = 0.0286581

cnf11 = 0.936918

cnf21 = -0.0800879

cnf31 = 0.371367

cnf12 = 0.936918

cnf22 = 0.722751

cnf32 = 0.57737

cnt1 = 0.558277

cnt2 = 0.459899

snf11 = 0.0467447

snf21 = 0.934658

snf31 = 0.861444

snf12 = 0.0467447

snf22 = 0.598023

snf32 = 0.805239

snt1 = 0.900182

snt2 = 0.904989

p :=
1 1    0.0243562
1 2    0.0243566
1 3   -0.0128031
2 1   -0.0308201
2 2   -0.00522143
2 3    0.0592268
3 1    0.0147461
3 2    0.0215795
3 3   -0.0630455
;

mf :=
1 1    0.586423
1 2    0.396641
1 3    0.189782
2 1    0.329484
2 2    0.324323
2 3   -0.652949
;

mt [*] :=
1   0.0601879
2  -0.158572
3   0.977162
;

phi :=
1 1   0.0434896
1 2   0.0938034
1 3   0.0829489
2 1   0.0675694
2 2   0.0541549
2 3   0.0278104
3 1   0.0435523
3 2   0.0936777
3 3   0.0827884
4 1   0.0271204
4 2   0.133088
4 3   0.135816
;

l [*,1,*]
:      1           2           3        :=
1   0.586777   0.396389     0.189204
2   0.141231   0.712791     0.91548
3   0.585359   0.397396     0.191515
4   1.03161    0.0804922   -0.535914

 [*,2,*]
:      1           2           3        :=
1   0.329439    0.323712   -0.65332
2   0.38642     1.09202    -0.187394
3   0.32962     0.326157   -0.651837
4   0.272549   -0.443368   -1.1185

 [*,3,*]
:       1            2           3        :=
1    0.0593835   -0.158472    0.977258
2    1.07038     -0.282957    0.856841
3    0.0626012   -0.158869    0.976875
4   -0.949998    -0.0341867   1.09748
;

W[i,j,k] :=
1 1 1    0.586777
1 1 2    0.396389
1 1 3    0.189204
2 1 1    0.141231
2 1 2    0.712791
2 1 3    0.91548
3 1 1    0.585359
3 1 2    0.397396
3 1 3    0.191515
4 1 1    1.03161
4 1 2    0.0804922
4 1 3   -0.535914
;

W[i,j,k] :=
1 1 4    0.00968337
1 1 5   -0.0121208
1 1 6   -0.00463739
2 1 4    0.0314239
2 1 5   -0.0241058
2 1 6    0.013921
3 1 4    0.00975256
3 1 5   -0.012159
3 1 6   -0.00457832
4 1 4   -0.0120225
4 1 5   -0.000155001
4 1 6   -0.0231661
;

W[i,j,k] :=
1 2 1    0.329439
1 2 2    0.323712
1 2 3   -0.65332
2 2 1    0.38642
2 2 2    1.09202
2 2 3   -0.187394
3 2 1    0.32962
3 2 2    0.326157
3 2 3   -0.651837
4 2 1    0.272549
4 2 2   -0.443368
4 2 3   -1.1185
;

W[i,j,k] :=
1 2 4   -0.0157611
1 2 5   -0.000623804
1 2 6   -0.0082567
2 2 4   -0.0636982
2 2 5    0.0171109
2 2 6   -0.0316384
3 2 4   -0.0159137
3 2 5   -0.000567359
3 2 6   -0.00833112
4 2 4    0.0320994
4 2 5   -0.0183302
4 2 6    0.0150878
;

W[i,j,k] :=
1 3 1    0.0593835
1 3 2   -0.158472
1 3 3    0.977258
2 3 1    1.07038
2 3 2   -0.282957
2 3 3    0.856841
3 3 1    0.0626012
3 3 2   -0.158869
3 3 3    0.976875
4 3 1   -0.949998
4 3 2   -0.0341867
4 3 3    1.09748
;

W[i,j,k] :=
1 3 4    0.0110977
1 3 5   -0.0181546
1 3 6   -0.00361831
2 3 4    0.000651023
2 3 5   -0.0801175
2 3 6   -0.0272707
3 3 4    0.0110645
3 3 5   -0.0183518
3 3 6   -0.00369359
4 3 4    0.0215278
4 3 5    0.0437095
4 3 6    0.0199963
;

f11 = 5.6642

f12 = 7.07471

f13 = -0.261505

f21 = 7.27854

f22 = 9.17696

f23 = 1.02047

f31 = 9.30032

f32 = 11.6611

f33 = 0.807123

