solve_message = ' \
Ipopt 3.9.1: Converged to a locally infeasible point. Problem may be infeasible.'

Solve time:
_solve_time = 21.4189

Objective:
torque = 5.8218

cnh1 = 0.300643

cnh2 = 0.716423

cnh3 = -0.118665

snh1 = 0.206145

snh2 = 0.605589

snh3 = -0.930547

Hx = 0.00767728

Hy = -0.0468354

Hz = 0.0622864

cnf11 = 0.81458

cnf21 = 0.919306

cnf31 = 0.69456

cnf12 = 0.81458

cnf22 = -0.228966

cnf32 = 0.199498

cnt1 = -0.0807927

cnt2 = 0.231152

snf11 = 0.465252

snf21 = 0.186752

snf31 = 0.709605

snf12 = 0.465252

snf22 = 0.909711

snf32 = 1

snt1 = 0.934598

snt2 = 1

p :=
1 1    0.0338757
1 2   -0.00199386
1 3    0.0486914
2 1   -0.00925792
2 2   -0.0296378
2 3    0.0595504
3 1   -0.00303233
3 2   -0.0312367
3 3    0.0590208
;

mf :=
1 1   -0.297951
1 2   -0.0152708
1 3    0.100204
2 1    0.211541
2 2   -0.253396
2 3    0.0418544
;

mt [*] :=
1   0.235681
2  -0.237003
3   0.00132156
;

phi :=
1 1   0.12935
1 2   0.0532627
1 3   0.0623753
2 1   0.0843432
2 2   0.0318042
2 3   0.00954216
3 1   0.129202
3 2   0.053183
3 3   0.0621964
4 1   0.17751
4 2   0.081673
4 3   0.121633
;

l [*,1,*]
:       1           2            3        :=
1   -0.297968   -0.0150422    0.100628
2   -0.277037   -0.302311    -0.432318
3   -0.297901   -0.0159565    0.098932
4   -0.318865    0.271769     0.632724

 [*,2,*]
:      1           2           3         :=
1   0.211621   -0.253312    0.0425179
2   0.111806   -0.358332   -0.791376
3   0.211303   -0.253647    0.0398638
4   0.311277   -0.14846     0.875082

 [*,3,*]
:      1           2            3          :=
1   0.235703   -0.236985    0.000515707
2   0.207512   -0.258406    1.01328
3   0.235614   -0.237054    0.00373911
4   0.263849   -0.215599   -1.01063
;

W[i,j,k] :=
1 1 1   -0.297968
1 1 2   -0.0150422
1 1 3    0.100628
2 1 1   -0.277037
2 1 2   -0.302311
2 1 3   -0.432318
3 1 1   -0.297901
3 1 2   -0.0159565
3 1 3    0.098932
4 1 1   -0.318865
4 1 2    0.271769
4 1 3    0.632724
;

W[i,j,k] :=
1 1 4    0.000531787
1 1 5   -0.0179173
1 1 6   -0.00110367
2 1 4    0.0155819
2 1 5    0.00115577
2 1 6   -0.0107934
3 1 4    0.000579688
3 1 5   -0.0178566
3 1 6   -0.00113451
4 1 4   -0.0144944
4 1 5   -0.0369599
4 1 6    0.00857057
;

W[i,j,k] :=
1 2 1    0.211621
1 2 2   -0.253312
1 2 3    0.0425179
2 2 1    0.111806
2 2 2   -0.358332
2 2 3   -0.791376
3 2 1    0.211303
3 2 2   -0.253647
3 2 3    0.0398638
4 2 1    0.311277
4 2 2   -0.14846
4 2 3    0.875082
;

W[i,j,k] :=
1 2 4    0.0138247
1 2 5    0.0129957
1 2 6    0.00861712
2 2 4    0.0447934
2 2 5   -0.000668408
2 2 6    0.00663108
3 2 4    0.0139233
3 2 5    0.0129522
3 2 6    0.00861079
4 2 4   -0.0170946
4 2 5    0.0266381
4 2 6    0.0106
;

W[i,j,k] :=
1 3 1    0.235703
1 3 2   -0.236985
1 3 3    0.000515707
2 3 1    0.207512
2 3 2   -0.258406
2 3 3    1.01328
3 3 1    0.235614
3 3 2   -0.237054
3 3 3    0.00373911
4 3 1    0.263849
4 3 2   -0.215599
4 3 3   -1.01063
;

W[i,j,k] :=
1 3 4    0.013971
1 3 5    0.013913
1 3 6    0.00808123
2 3 4   -0.0164003
2 3 5    0.0153202
2 3 6    0.00726559
3 3 4    0.0138743
3 3 5    0.0139174
3 3 6    0.00807863
4 3 4    0.0442938
4 3 5    0.012508
4 3 6    0.00889556
;

f11 = 12.5865

f12 = 15

f13 = -0.332803

f21 = 3.81266

f22 = 8.27073

f23 = 0.785594

f31 = 3.27663

f32 = 8.46789

f33 = 0.840785

