solve_message = ' \
Ipopt 3.9.1: Optimal Solution Found'

Solve time:
_solve_time = 23.0569

Objective:
torque = 3.59844

cnh1 = -0.540445

cnh2 = -0.892553

cnh3 = -0.277809

snh1 = -0.766759

snh2 = -0.288704

snh3 = 0.896003

Hx = 0.0536436

Hy = -0.0282545

Hz = -0.0215307

cnf11 = 0.838368

cnf21 = 0.546952

cnf31 = 0.512289

cnf12 = 0.838368

cnf22 = 0.2453

cnf32 = 0.390175

cnt1 = 0.357769

cnt2 = 0.454681

snf11 = 0.420879

snf21 = 0.762131

snf31 = 0.844621

snf12 = 0.420879

snf22 = 0.964771

snf32 = 0.918235

snt1 = 0.867186

snt2 = 0.870644

p :=
1 1    0.0138765
1 2    0.0302931
1 3    0.0587815
2 1   -0.00921716
2 2    0.0331887
2 3   -0.0202041
3 1   -0.032318
3 2   -0.0147076
3 3   -0.00934929
;

mf :=
1 1   -0.105484
1 2   -0.517721
1 3   -0.58336
2 1    0.352335
2 2   -0.767501
2 3   -0.139043
;

mt [*] :=
1  0.773077
2  0.23261
3  0.0568858
;

phi :=
1 1   0.0366553
1 2   0.0131902
1 3   0.0770378
2 1   0
2 2   0
2 3   0.00998496
3 1   0.0363724
3 2   0.0129883
3 3   0.076695
4 1   0.291384
4 2   0.157593
4 3   0.352402
;

l [*,1,*]
:       1           2           3        :=
1   -0.106072   -0.517959   -0.58301
2    0.632447   -0.217638   -1.02334
3   -0.103721   -0.517004   -0.584411
4   -0.843413   -0.817802   -0.143379

 [*,2,*]
:       1           2           3        :=
1    0.352036   -0.767705   -0.138396
2    0.728533   -0.512276   -0.951745
3    0.353234   -0.766892   -0.140985
4   -0.023861   -1.02273     0.673655

 [*,3,*]
:      1           2           3         :=
1   0.772884    0.233281    0.0565967
2   1.01544    -0.609174    0.419857
3   0.773656    0.230599    0.0577529
4   0.530711    1.07439    -0.306084
;

W[i,j,k] :=
1 1 1   -0.106072
1 1 2   -0.517959
1 1 3   -0.58301
2 1 1    0.632447
2 1 2   -0.217638
2 1 3   -1.02334
3 1 1   -0.103721
3 1 2   -0.517004
3 1 3   -0.584411
4 1 1   -0.843413
4 1 2   -0.817802
4 1 3   -0.143379
;

W[i,j,k] :=
1 1 4    0.0127853
1 1 5    0.00185505
1 1 6   -0.00397421
2 1 4   -0.0182071
2 1 5    0.0513766
2 1 6   -0.0221788
3 1 4    0.0126867
3 1 5    0.00201267
3 1 6   -0.00403215
4 1 4    0.0437283
4 1 5   -0.0475875
4 1 6    0.0142014
;

W[i,j,k] :=
1 2 1    0.352036
1 2 2   -0.767705
1 2 3   -0.138396
2 2 1    0.728533
2 2 2   -0.512276
2 2 3   -0.951745
3 2 1    0.353234
3 2 2   -0.766892
3 2 3   -0.140985
4 2 1   -0.023861
4 2 2   -1.02273
4 2 3    0.673655
;

W[i,j,k] :=
1 2 4   -0.020104
1 2 5   -0.0083882
1 2 6   -0.0046076
2 2 4   -0.0419373
2 2 5   -0.0234917
2 2 6   -0.0194574
3 2 4   -0.0201735
3 2 5   -0.00843627
3 2 6   -0.00465487
4 2 4    0.00169442
4 2 5    0.00669125
4 2 6    0.0102185
;

W[i,j,k] :=
1 3 1    0.772884
1 3 2    0.233281
1 3 3    0.0565967
2 3 1    1.01544
2 3 2   -0.609174
2 3 3    0.419857
3 3 1    0.773656
3 3 2    0.230599
3 3 3    0.0577529
4 3 1    0.530711
4 3 2    1.07439
4 3 3   -0.306084
;

W[i,j,k] :=
1 3 4    0.0013486
1 3 5   -0.00539683
1 3 6    0.0038281
2 3 4   -0.0118704
2 3 5    0.00407525
2 3 6    0.034622
3 3 4    0.00130653
3 3 5   -0.00536668
3 3 6    0.00392611
4 3 4    0.0145466
4 3 5   -0.0148538
4 3 6   -0.0269167
;

f11 = 7.89235

f12 = 10.1536

f13 = -1.95247

f21 = 0.349935

f22 = 0

f23 = 0.0628158

f31 = 4.75951

f32 = 10.5188

f33 = -6.94841

