solve_message = ' \
Ipopt 3.9.1: Optimal Solution Found'

Solve time:
_solve_time = 70.8401

Objective:
torque = 5.19344

cnh1 = -0.315334

cnh2 = 0.937153

cnh3 = 0.349975

snh1 = 0.883496

snh2 = -0.0417683

snh3 = 0.870355

Hx = -0.0720283

Hy = -0.0139705

Hz = -0.030507

cnf11 = 0.0361643

cnf21 = 0.456329

cnf31 = 0.483397

cnf12 = 0.0361643

cnf22 = 0.493402

cnf32 = 0.494914

cnt1 = 0.518873

cnt2 = 0.444347

snf11 = 0.937386

snf21 = 0.819612

snf31 = 0.858888

snf12 = 0.937386

snf22 = 0.797844

snf32 = 0.853463

snt1 = 0.923456

snt2 = 0.914622

p :=
1 1    0.0222461
1 2    0.0226242
1 3   -0.0583866
2 1   -0.0221517
2 2    0.00153296
2 3    0.063728
3 1    0.0248605
3 2   -0.0248605
3 3    0.00271385
;

mf :=
1 1   -0.585456
1 2   -0.255278
1 3    0.442869
2 1   -0.101393
2 2   -0.0296793
2 3   -0.768348
;

mt [*] :=
1  -0.736514
2   0.572079
3  -0.164436
;

phi :=
1 1   0.0488022
1 2   0.0946894
1 3   0.0186361
2 1   0
2 2   0.0299133
2 3   0
3 1   0.0484898
3 2   0.094381
3 3   0.0185329
4 1   0.337663
4 2   0.287742
4 3   0.0632204
;

l [*,1,*]
:       1            2            3         :=
1   -0.584967    -0.255688    0.443225
2   -1.19963      0.259824   -0.00407883
3   -0.586924    -0.254047    0.441801
4    0.0287105   -0.770378    0.889815

 [*,2,*]
:       1           2            3        :=
1   -0.10108    -0.0290168   -0.768384
2   -0.494604   -0.861629    -0.722501
3   -0.102333   -0.0316668   -0.768238
4    0.291816    0.802267    -0.814194

 [*,3,*]
:       1           2           3        :=
1   -0.736383   0.57246     -0.163715
2   -0.90078    0.0941779   -1.06966
3   -0.736907   0.570938    -0.166599
4   -0.572249   1.04998      0.740788
;

W[i,j,k] :=
1 1 1   -0.584967
1 1 2   -0.255688
1 1 3    0.443225
2 1 1   -1.19963
2 1 2    0.259824
2 1 3   -0.00407883
3 1 1   -0.586924
3 1 2   -0.254047
3 1 3    0.441801
4 1 1    0.0287105
4 1 2   -0.770378
4 1 3    0.889815
;

W[i,j,k] :=
1 1 4   -0.00490113
1 1 5    0.0242943
1 1 6    0.00754639
2 1 4    0.015078
2 1 5    0.0701329
2 1 6    0.0329207
3 1 4   -0.00483754
3 1 5    0.0244402
3 1 6    0.00762715
4 1 4   -0.0248484
4 1 5   -0.0214712
4 1 6   -0.0177874
;

W[i,j,k] :=
1 2 1   -0.10108
1 2 2   -0.0290168
1 2 3   -0.768384
2 2 1   -0.494604
2 2 2   -0.861629
2 2 3   -0.722501
3 2 1   -0.102333
3 2 2   -0.0316668
3 2 3   -0.768238
4 2 1    0.291816
4 2 2    0.802267
4 2 3   -0.814194
;

W[i,j,k] :=
1 2 4    0.000671281
1 2 5   -0.0234626
1 2 6    0.000797721
2 2 4    0.0538023
2 2 5   -0.0475248
2 2 6    0.0198447
3 2 4    0.000840385
3 2 5   -0.0235392
3 2 6    0.000858344
4 2 4   -0.052375
4 2 5    0.000561116
4 2 6   -0.0182189
;

W[i,j,k] :=
1 3 1   -0.736383
1 3 2    0.57246
1 3 3   -0.163715
2 3 1   -0.90078
2 3 2    0.0941779
2 3 3   -1.06966
3 3 1   -0.736907
3 3 2    0.570938
3 3 3   -0.166599
4 3 1   -0.572249
4 3 2    1.04998
4 3 3    0.740788
;

W[i,j,k] :=
1 3 4    0.00251647
1 3 5    0.0020716
1 3 6   -0.00407525
2 3 4    0.0263368
2 3 5    0.0241478
2 3 6   -0.0200526
3 3 4    0.00259229
3 3 5    0.00214187
3 3 6   -0.0041261
4 3 4   -0.0212659
4 3 5   -0.0199693
4 3 6    0.0118766
;

f11 = 6.19622

f12 = 8.42297

f13 = 2.67067

f21 = 6.18422

f22 = 10.7897

f23 = -5.6468

f31 = 5.10324

f32 = 6.4517

f33 = -0.846514

