solve_message = ' \
Ipopt 3.9.1: Optimal Solution Found'

Solve time:
_solve_time = 5.61604

Objective:
torque = 2.75078

cnh1 = -0.775565

cnh2 = 0.0980133

cnh3 = -0.446346

snh1 = -0.721457

snh2 = 0.932949

snh3 = -0.960612

Hx = -0.0774492

Hy = 0.0431397

Hz = 0.0317982

cnf11 = 0.938072

cnf21 = 0.803284

cnf31 = 0.614151

cnf12 = 0.938072

cnf22 = 0.767882

cnf32 = 0.597135

cnt1 = 0.426087

cnt2 = 0.405132

snf11 = 0

snf21 = 0.484495

snf31 = 0.7788

snf12 = 0

snf22 = 0.538848

snf32 = 0.791411

snt1 = 0.969768

snt2 = 0.939717

p :=
1 1   -0.0117696
1 2   -0.0245724
1 3   -0.064895
2 1    0.0109677
2 2    0.0229025
2 3   -0.0632439
3 1    0.0315985
3 2   -0.00107981
3 3    0.0586032
;

mf :=
1 1   0.182154
1 2   0.00554942
1 3   0.803231
2 1   0.100426
2 2   0.0515293
2 3   0.811657
;

mt [*] :=
1  -0.810806
2   0.272316
3  -0.707778
;

phi :=
1 1   0.0656373
1 2   0.0640243
1 3   0.0930487
2 1   0.0278384
2 2   0.0277321
2 3   0.0358652
3 1   0.0654816
3 2   0.0638761
3 3   0.0927905
4 1   0.135015
4 2   0.12898
4 3   0.232965
;

l [*,1,*]
:       1            2           3        :=
1    0.182523    0.00468991   0.803194
2   -0.281493    1.08489      0.849492
3    0.181046    0.00812795   0.803342
4    0.645799   -1.07379      0.75697

 [*,2,*]
:       1            2           3        :=
1    0.100803     0.0506715   0.811673
2   -0.373498     1.12869     0.792633
3    0.0992937    0.0541026   0.811612
4    0.574348    -1.02563     0.830681

 [*,3,*]
:       1            2           3         :=
1   -0.810091     0.272691   -0.708299
2   -1.7091      -0.19794    -0.0533683
3   -0.812952     0.271193   -0.706215
4    0.0874833    0.742571   -1.36219
;

W[i,j,k] :=
1 1 1    0.182523
1 1 2    0.00468991
1 1 3    0.803194
2 1 1   -0.281493
2 1 2    1.08489
2 1 3    0.849492
3 1 1    0.181046
3 1 2    0.00812795
3 1 3    0.803342
4 1 1    0.645799
4 1 2   -1.07379
4 1 3    0.75697
;

W[i,j,k] :=
1 1 4   -0.0194321
1 1 5   -0.00239161
1 1 6    0.00442984
2 1 4    0.0495301
2 1 5    0.0282656
2 1 6   -0.0196857
3 1 4   -0.0192126
3 1 5   -0.00229404
3 1 6    0.00435309
4 1 4   -0.0882843
4 1 5   -0.033
4 1 6    0.0285069
;

W[i,j,k] :=
1 2 1    0.100803
1 2 2    0.0506715
1 2 3    0.811673
2 2 1   -0.373498
2 2 2    1.12869
2 2 3    0.792633
3 2 1    0.0992937
3 2 2    0.0541026
3 2 3    0.811612
4 2 1    0.574348
4 2 2   -1.02563
4 2 3    0.830681
;

W[i,j,k] :=
1 2 4    0.021794
1 2 5   -0.0152774
1 2 6   -0.00175289
2 2 4    0.0895359
2 2 5    0.0149281
2 2 6    0.0209332
3 2 4    0.0220096
3 2 5   -0.0151812
3 2 6   -0.00168069
4 2 4   -0.0458399
4 2 5   -0.0454346
4 2 6   -0.0244028
;

W[i,j,k] :=
1 3 1   -0.810091
1 3 2    0.272691
1 3 3   -0.708299
2 3 1   -1.7091
2 3 2   -0.19794
2 3 3   -0.0533683
3 3 1   -0.812952
3 3 2    0.271193
3 3 3   -0.706215
4 3 1    0.0874833
4 3 2    0.742571
4 3 3   -1.36219
;

W[i,j,k] :=
1 3 4   -0.0152157
1 3 5   -0.0250927
1 3 6    0.00774188
2 3 4    0.0116575
2 3 5   -0.0984724
2 3 6   -0.00810011
3 3 4   -0.0151302
3 3 5   -0.0253263
3 3 6    0.00769145
4 3 4   -0.0420461
4 3 5    0.0481698
4 3 6    0.0235586
;

f11 = 2.78664

f12 = 3.70277

f13 = -1.06272

f21 = -2.56458

f22 = 3.39229

f23 = 0.952788

f31 = 7.06292

f32 = 9.79496

f33 = 0.0667661

