solve_message = ' \
Ipopt 3.9.1: Converged to a locally infeasible point. Problem may be infeasible.'

Solve time:
_solve_time = 4.66443

Objective:
torque = 6.79666

cnh1 = -0.585699

cnh2 = -0.467753

cnh3 = -0.569192

snh1 = -0.732774

snh2 = -0.813147

snh3 = 0.745668

Hx = 0.0741121

Hy = 0.0241792

Hz = 0.0344318

cnf11 = 0.424315

cnf21 = -0.0800883

cnf31 = 0.371367

cnf12 = 0.424315

cnf22 = 0.443136

cnf32 = 0.412847

cnt1 = 0.766

cnt2 = 0.7431

snf11 = 0.836636

snf21 = 0.934658

snf31 = 0.861444

snf12 = 0.836636

snf22 = 0.962095

snf32 = 0.934592

snt1 = 0

snt2 = 0.6691

p :=
1 1    0.028036
1 2    0.0146857
1 3    0.0585417
2 1   -0.0135139
2 2    0.0298463
2 3    0.0556921
3 1    0.0192673
3 2   -0.0255596
3 3   -0.0613854
;

mf :=
1 1    0.635774
1 2    0.0590301
1 3   -0.399395
2 1    0.533242
2 2   -0.715785
2 3   -0.233869
;

mt [*] :=
1  -0.455994
2   0.23232
3   0.576044
;

phi :=
1 1   0.0807782
1 2   0.0425759
1 3   0.109266
2 1   0.080171
2 2   0.0383349
2 3   0.124206
3 1   0.0806959
3 2   0.0425645
3 3   0.109227
4 1   0.125505
4 2   0.0446254
4 3   0.138541
;

l [*,1,*]
:      1           2            3        :=
1   0.635411    0.0589232   -0.400026
2   1.09225     0.193283     0.392574
3   0.636865    0.0593508   -0.397504
4   0.179296   -0.0752219   -1.19136

 [*,2,*]
:      1           2           3        :=
1   0.532953   -0.716125   -0.233228
2   0.896365   -0.288417   -1.03883
3   0.534109   -0.714764   -0.235792
4   0.17012    -1.14315     0.571087

 [*,3,*]
:       1            2           3         :=
1   -0.456406     0.232688    0.575531
2    0.0604781   -0.230323    1.22031
3   -0.454761     0.231215    0.577583
4   -0.972465     0.694961   -0.0682166
;

W[i,j,k] :=
1 1 1    0.635411
1 1 2    0.0589232
1 1 3   -0.400026
2 1 1    1.09225
2 1 2    0.193283
2 1 3    0.392574
3 1 1    0.636865
3 1 2    0.0593508
3 1 3   -0.397504
4 1 1    0.179296
4 1 2   -0.0752219
4 1 3   -1.19136
;

W[i,j,k] :=
1 1 4   -0.00932412
1 1 5    0.0484131
1 1 6   -0.00767948
2 1 4   -0.00554987
2 1 5    0.0529362
2 1 6   -0.0106216
3 1 4   -0.00931211
3 1 5    0.0484275
3 1 6   -0.00768884
4 1 4   -0.0130924
4 1 5    0.0438973
4 1 6   -0.00474201
;

W[i,j,k] :=
1 2 1    0.532953
1 2 2   -0.716125
1 2 3   -0.233228
2 2 1    0.896365
2 2 2   -0.288417
2 2 3   -1.03883
3 2 1    0.534109
3 2 2   -0.714764
3 2 3   -0.235792
4 2 1    0.17012
4 2 2   -1.14315
4 2 3    0.571087
;

W[i,j,k] :=
1 2 4    0.0329216
1 2 5    0.0265295
1 2 6   -0.00622902
2 2 4   -0.0149426
2 2 5    0.0358819
2 2 6   -0.0228555
3 2 4    0.0327692
3 2 5    0.0265592
3 2 6   -0.00628194
4 2 4    0.0807093
4 2 5    0.0171919
4 2 6    0.010371
;

W[i,j,k] :=
1 3 1   -0.456406
1 3 2    0.232688
1 3 3    0.575531
2 3 1    0.0604781
2 3 2   -0.230323
2 3 3    1.22031
3 3 1   -0.454761
3 3 2    0.231215
3 3 3    0.577583
4 3 1   -0.972465
4 3 2    0.694961
4 3 3   -0.0682166
;

W[i,j,k] :=
1 3 4   -0.000426688
1 3 5    0.0169277
1 3 6   -0.00718229
2 3 4   -0.0453291
2 3 5   -0.0272245
2 3 6   -0.00289191
3 3 4   -0.000569602
3 3 5    0.0167872
3 3 6   -0.00716863
4 3 4    0.044404
4 3 5    0.0610095
4 3 6   -0.0114658
;

f11 = 12.6016

f12 = 15

f13 = 3.94389

f21 = 6.08953

f22 = 7.89065

f23 = -1.69856

f31 = -10.089

f32 = 15

f33 = -1.71395

