solve_message = ' \
Ipopt 3.9.1: Optimal Solution Found'

Solve time:
_solve_time = 34.1954

Objective:
torque = 3.64537

cnh1 = -0.907826

cnh2 = -0.935821

cnh3 = -0.215757

snh1 = 0.236329

snh2 = 0.0651058

snh3 = 0.912934

Hx = -0.0146593

Hy = -0.0711918

Hz = -0.0287649

cnf11 = 0.27088

cnf21 = 0.591392

cnf31 = 0.527439

cnf12 = 0.27088

cnf22 = 0.47113

cnf32 = 0.424879

cnt1 = 0.460066

cnt2 = 0.427185

snf11 = 0.898122

snf21 = 0.728186

snf31 = 0.836311

snf12 = 0.898122

snf22 = 0.948703

snf32 = 0.926832

snt1 = 0.943303

snt2 = 0.922064

p :=
1 1    0.0233538
1 2   -0.0161554
1 3    0.0644495
2 1    0.0186562
2 2    0.0268918
2 3   -0.060143
3 1   -0.0243564
3 2    0.0243564
3 3   -0.00495676
;

mf :=
1 1   -0.272431
1 2   -0.0269248
1 3   -0.718686
2 1   -0.346191
2 2   -0.668596
2 3    0.522027
;

mt [*] :=
1   0.548896
2  -0.738686
3  -0.18979
;

phi :=
1 1   0.0714976
1 2   0.0482947
1 3   0.0411985
2 1   0.00911541
2 2   0
2 3   0.000245511
3 1   0.0711861
3 2   0.0480146
3 3   0.0410151
4 1   0.29965
4 2   0.264837
4 3   0.13861
;

l [*,1,*]
:       1           2            3        :=
1   -0.272832   -0.0263254   -0.71853
2    0.232037   -0.779625    -0.914371
3   -0.271225   -0.028723    -0.719153
4   -0.776896    0.725772    -0.523002

 [*,2,*]
:       1           2           3        :=
1   -0.345681   -0.668373    0.522585
2   -0.987173   -0.948864   -0.178427
3   -0.347723   -0.669265    0.520354
4    0.294787   -0.388328    1.22248

 [*,3,*]
:       1           2           3        :=
1    0.549379   -0.738212   -0.190256
2   -0.057515   -1.33374     0.395138
3    0.547447   -0.740108   -0.188393
4    1.1553     -0.14363    -0.774716
;

W[i,j,k] :=
1 1 1   -0.272832
1 1 2   -0.0263254
1 1 3   -0.71853
2 1 1    0.232037
2 1 2   -0.779625
2 1 3   -0.914371
3 1 1   -0.271225
3 1 2   -0.028723
3 1 3   -0.719153
4 1 1   -0.776896
4 1 2    0.725772
4 1 3   -0.523002
;

W[i,j,k] :=
1 1 4    0.0133048
1 1 5   -0.000803464
1 1 6   -0.00502253
2 1 4    0.0650185
2 1 5    0.0363087
2 1 6   -0.0144586
3 1 4    0.0134694
3 1 5   -0.000685344
3 1 6   -0.00505256
4 1 4   -0.0383263
4 1 5   -0.0378564
4 1 6    0.00439847
;

W[i,j,k] :=
1 2 1   -0.345681
1 2 2   -0.668373
1 2 3    0.522585
2 2 1   -0.987173
2 2 2   -0.948864
2 2 3   -0.178427
3 2 1   -0.347723
3 2 2   -0.669265
3 2 3    0.520354
4 2 1    0.294787
4 2 2   -0.388328
4 2 3    1.22248
;

W[i,j,k] :=
1 2 4   -0.0261447
1 2 5    0.0110408
1 2 6   -0.00317331
2 2 4   -0.0618658
2 2 5    0.0627003
2 2 6    0.00884463
3 2 4   -0.0262584
3 2 5    0.0112053
3 2 6   -0.00313506
4 2 4    0.00951939
4 2 5   -0.0405362
4 2 6   -0.0151721
;

W[i,j,k] :=
1 3 1    0.549379
1 3 2   -0.738212
1 3 3   -0.190256
2 3 1   -0.057515
2 3 2   -1.33374
2 3 3    0.395138
3 3 1    0.547447
3 3 2   -0.740108
3 3 3   -0.188393
4 3 1    1.1553
4 3 2   -0.14363
4 3 3   -0.774716
;

W[i,j,k] :=
1 3 4   -0.0082931
1 3 5   -0.0073571
1 3 6    0.00459931
2 3 4    0.00301308
2 3 5    0.00990923
2 3 6    0.0338861
3 3 4   -0.00825711
3 3 5   -0.00730214
3 3 6    0.00469252
4 3 4   -0.0195812
4 3 5   -0.0245959
4 3 6   -0.0246408
;

f11 = 8.20346

f12 = 10.6893

f13 = -2.43923

f21 = 5.63301

f22 = 7.55972

f23 = 2.22819

f31 = -1.31865

f32 = 3.48111

f33 = -2.47725

