solve_message = ' \
Ipopt 3.9.1: Converged to a locally infeasible point. Problem may be infeasible.'

Solve time:
_solve_time = 6.25564

Objective:
torque = 7.48286

cnh1 = 0.0574567

cnh2 = 0.908816

cnh3 = -0.658658

snh1 = -0.936322

snh2 = 0.232493

snh3 = -0.667959

Hx = -0.0503273

Hy = -0.0240277

Hz = 0.0830406

cnf11 = 0.932738

cnf21 = -0.0800878

cnf31 = 0.371367

cnf12 = 0.932738

cnf22 = 0.761592

cnf32 = 0.594266

cnt1 = 0.447749

cnt2 = 0.477658

snf11 = 0

snf21 = 0.934658

snf31 = 0.861444

snf12 = 0

snf22 = 0.547704

snf32 = 0.793473

snt1 = 0.832623

snt2 = 0.86354

p :=
1 1   -0.0310679
1 2   -0.00910822
1 3    0.0568824
2 1   -0.00192517
2 2   -0.0343913
2 3    0.00085873
3 1    0.00591941
3 2    0.0338742
3 3    0.0372875
;

mf :=
1 1   -0.510966
1 2    0.0659952
1 3    0.576961
2 1   -0.0923569
2 2    0.751251
2 3    0.134412
;

mt [*] :=
1  -0.270521
2  -0.759259
3   0.120014
;

phi :=
1 1   0.0352369
1 2   0.0975874
1 3   0.105064
2 1   0.0311675
2 2   0.0191533
2 3   0.0451799
3 1   0.0352163
3 2   0.0973156
3 3   0.104856
4 1   0.0429655
4 2   0.186958
4 3   0.17934
;

l [*,1,*]
:       1           2            3        :=
1   -0.510474    0.0663258   0.577349
2   -1.12844    -0.349055    0.0903783
3   -0.512441    0.0650037   0.575799
4    0.106502    0.481044    1.06354

 [*,2,*]
:       1           2          3        :=
1   -0.0916219   0.75134    0.134431
2   -1.01529     0.639824   0.110339
3   -0.0945618   0.750985   0.134354
4    0.830573    0.862678   0.158484

 [*,3,*]
:       1           2           3        :=
1   -0.270595   -0.759373    0.119253
2   -0.178037   -0.61549     1.07522
3   -0.2703     -0.758915    0.122296
4   -0.363005   -0.903027   -0.835188
;

W[i,j,k] :=
1 1 1   -0.510474
1 1 2    0.0663258
1 1 3    0.577349
2 1 1   -1.12844
2 1 2   -0.349055
2 1 3    0.0903783
3 1 1   -0.512441
3 1 2    0.0650037
3 1 3    0.575799
4 1 1    0.106502
4 1 2    0.481044
4 1 3    1.06354
;

W[i,j,k] :=
1 1 4   -0.00903139
1 1 5   -0.0111
1 1 6   -0.00671012
2 1 4    0.0190319
2 1 5   -0.0613803
2 1 6    0.000566346
3 1 4   -0.00894207
3 1 5   -0.01126
3 1 6   -0.00668696
4 1 4   -0.0370499
4 1 5    0.0391002
4 1 6   -0.013975
;

W[i,j,k] :=
1 2 1   -0.0916219
1 2 2    0.75134
1 2 3    0.134431
2 2 1   -1.01529
2 2 2    0.639824
2 2 3    0.110339
3 2 1   -0.0945618
3 2 2    0.750985
3 2 3    0.134354
4 2 1    0.830573
4 2 2    0.862678
4 2 3    0.158484
;

W[i,j,k] :=
1 2 4   -0.00526845
1 2 5    0.000180123
1 2 6   -0.00459746
2 2 4   -0.00434414
2 2 5   -0.00065944
2 2 6   -0.036149
3 2 4   -0.00526551
3 2 5    0.000177451
3 2 6   -0.00469788
4 2 4   -0.0061913
4 2 5    0.00101835
4 2 6    0.0269037
;

W[i,j,k] :=
1 3 1   -0.270595
1 3 2   -0.759373
1 3 3    0.119253
2 3 1   -0.178037
2 3 2   -0.61549
2 3 3    1.07522
3 3 1   -0.2703
3 3 2   -0.758915
3 3 3    0.122296
4 3 1   -0.363005
4 3 2   -0.903027
4 3 3   -0.835188
;

W[i,j,k] :=
1 3 4    0.0323547
1 3 5   -0.0107957
1 3 6    0.00467113
2 3 4    0.0593722
2 3 5   -0.0130032
2 3 6    0.00238751
3 3 4    0.0324407
3 3 5   -0.0108027
3 3 6    0.00466386
4 3 4    0.00538035
4 3 5   -0.00859174
4 3 6    0.00695111
;

f11 = 10.1049

f12 = 15

f13 = 8.27096

f21 = 6.74432

f22 = 8.978

f23 = -2.49006

f31 = 10.8428

f32 = 15

f33 = 5.5754

