solve_message = ' \
Ipopt 3.9.1: Converged to a locally infeasible point. Problem may be infeasible.'

Solve time:
_solve_time = 11.5129

Objective:
torque = 9.24874

cnh1 = -0.550819

cnh2 = 0.682941

cnh3 = -0.0586275

snh1 = 0.759341

snh2 = -0.643111

snh3 = 0.936249

Hx = -0.0506745

Hy = -0.0418559

Hz = -0.0306276

cnf11 = 0.535644

cnf21 = 0.291587

cnf31 = 0.366653

cnf12 = 0.535644

cnf22 = 0.750444

cnf32 = 0.58928

cnt1 = 0.419316

cnt2 = 0.412155

snf11 = 0.77012

snf21 = 0.992365

snf31 = 0.954404

snf12 = 0.77012

snf22 = 0.56288

snf32 = 0.797012

snt1 = 0.95977

snt2 = 0.930543

p :=
1 1    0.00369323
1 2    0.0331212
1 3   -0.0532952
2 1    0.0272377
2 2   -0.0101407
2 3    0.0641129
3 1    0.033791
3 2   -0.00316173
3 3   -0.0568076
;

mf :=
1 1   -0.264461
1 2   -0.845858
1 3    0.128639
2 1   -0.0864277
2 2    0.0425031
2 3   -0.777895
;

mt [*] :=
1  -0.792701
2   0.0154103
3   0.534174
;

phi :=
1 1   0.000569668
1 2   0.151028
1 3   0
2 1   0.0214328
2 2   0.32899
2 3   0
3 1   0.000449096
3 2   0.141013
3 3   0
4 1   0.0204511
4 2   0.13043
4 3   0.410339
;

l [*,1,*]
:       1           2           3        :=
1   -0.263859   -0.846069    0.128168
2   -1.01974    -0.581409    0.71998
3   -0.266265   -0.845227    0.130051
4    0.490813   -1.11031    -0.462701

 [*,2,*]
:       1            2            3        :=
1   -0.0863322    0.0432252   -0.777825
2   -0.206394    -0.86423     -0.866051
3   -0.0867143    0.0403369   -0.778105
4    0.0335378    0.949233    -0.689739

 [*,3,*]
:       1           2           3        :=
1   -0.792289    0.01565     0.534856
2   -1.31072    -0.285655   -0.322756
3   -0.793939    0.014691    0.532127
4   -0.274683    0.316475    1.3911
;

W[i,j,k] :=
1 1 1   -0.263859
1 1 2   -0.846069
1 1 3    0.128168
2 1 1   -1.01974
2 1 2   -0.581409
2 1 3    0.71998
3 1 1   -0.266265
3 1 2   -0.845227
3 1 3    0.130051
4 1 1    0.490813
4 1 2   -1.11031
4 1 3   -0.462701
;

W[i,j,k] :=
1 1 4   -0.0408464
1 1 5    0.0135891
1 1 6    0.00561462
2 1 4   -0.00713967
2 1 5    0.0516881
2 1 6    0.0316277
3 1 4   -0.0407391
3 1 5    0.0137103
3 1 6    0.00569741
4 1 4   -0.0744993
4 1 5   -0.0244491
4 1 6   -0.020357
;

W[i,j,k] :=
1 2 1   -0.0863322
1 2 2    0.0432252
1 2 3   -0.777825
2 2 1   -0.206394
2 2 2   -0.86423
2 2 3   -0.866051
3 2 1   -0.0867143
3 2 2    0.0403369
3 2 3   -0.778105
4 2 1    0.0335378
4 2 2    0.949233
4 2 3   -0.689739
;

W[i,j,k] :=
1 2 4    0.00511643
1 2 5    0.0156511
1 2 6    0.000301881
2 2 4    0.0641907
2 2 5    0.0103567
2 2 6   -0.0256326
3 2 4    0.00530445
3 2 5    0.0156343
3 2 6    0.000219338
4 2 4   -0.0538636
4 2 5    0.0209371
4 2 6    0.026195
;

W[i,j,k] :=
1 3 1   -0.792289
1 3 2    0.01565
1 3 3    0.534856
2 3 1   -1.31072
2 3 2   -0.285655
2 3 3   -0.322756
3 3 1   -0.793939
3 3 2    0.014691
3 3 3    0.532127
4 3 1   -0.274683
4 3 2    0.316475
4 3 3    1.3911
;

W[i,j,k] :=
1 3 4   -0.00080203
1 3 5    0.0269347
1 3 6   -0.00197617
2 3 4   -0.0152069
2 3 5    0.0853651
2 3 6   -0.0137967
3 3 4   -0.000847877
3 3 5    0.0271206
3 3 6   -0.00201379
4 3 4    0.0135799
4 3 5   -0.0314026
4 3 6    0.00982552
;

f11 = 12.477

f12 = 15

f13 = 4.31332

f21 = 3.94349

f22 = 15

f23 = -1.22748

f31 = 13.1926

f32 = 15

f33 = -0.562046

