solve_message = ' \
Ipopt 3.9.1: Optimal Solution Found'

Solve time:
_solve_time = 11.0917

Objective:
torque = 4.90783

cnh1 = 0.24983

cnh2 = 0.927752

cnh3 = -0.417406

snh1 = -0.904204

snh2 = 0.138836

snh3 = 0.840103

Hx = 0.0654485

Hy = 0.0103566

Hz = 0.048217

cnf11 = 0.208546

cnf21 = 0.624644

cnf31 = 0.53927

cnf12 = 0.208546

cnf22 = 0.335351

cnf32 = 0.44854

cnt1 = 0.451404

cnt2 = 0.416469

snf11 = 0.914609

snf21 = 0.699871

snf31 = 0.829451

snf12 = 0.914609

snf22 = 0.876093

snf32 = 0.872766

snt1 = 0.958245

snt2 = 0.932231

p :=
1 1    0.0296521
1 2    0.00216724
1 3   -0.0637011
2 1   -0.0240776
2 2   -0.0221813
2 3    0.0557799
3 1   -0.0249731
3 2    0.0249734
3 3    0.0124759
;

mf :=
1 1   -0.139935
1 2    0.0232475
1 3    0.758667
2 1    0.660722
2 2    0.348207
2 3   -0.231062
;

mt [*] :=
1   0.736017
2  -0.576715
3   0.1593
;

phi :=
1 1   0.0677336
1 2   0.0613913
1 3   0.0344727
2 1   0.00571617
2 2   0.00184754
2 3   0.00166532
3 1   0.067421
3 2   0.0610915
3 3   0.0343348
4 1   0.304843
4 2   0.287681
4 3   0.0983892
;

l [*,1,*]
:       1           2           3        :=
1   -0.140523    0.0236717   0.758539
2    0.597648   -0.509424    0.919955
3   -0.138173    0.021975    0.759052
4   -0.877516    0.555917    0.59738

 [*,2,*]
:      1           2           3        :=
1   0.660671    0.347821   -0.231683
2   0.724865    0.83317     0.549012
3   0.660875    0.349365   -0.229198
4   0.596579   -0.136754   -1.01113

 [*,3,*]
:       1           2           3        :=
1   0.735495    -0.577308    0.159532
2   1.3916       0.167709   -0.131885
3   0.737583    -0.574937    0.158605
4   0.0804323   -1.32114     0.450484
;

W[i,j,k] :=
1 1 1   -0.140523
1 1 2    0.0236717
1 1 3    0.758539
2 1 1    0.597648
2 1 2   -0.509424
2 1 3    0.919955
3 1 1   -0.138173
3 1 2    0.021975
3 1 3    0.759052
4 1 1   -0.877516
4 1 2    0.555917
4 1 3    0.59738
;

W[i,j,k] :=
1 1 4    0.00315185
1 1 5   -0.0135408
1 1 6    0.00100646
2 1 4   -0.0304571
2 1 5   -0.0653495
2 1 6   -0.0164007
3 1 4    0.00304488
3 1 5   -0.0137057
3 1 6    0.000951059
4 1 4    0.0367072
4 1 5    0.0381852
4 1 6    0.0183859
;

W[i,j,k] :=
1 2 1    0.660671
1 2 2    0.347821
1 2 3   -0.231683
2 2 1    0.724865
2 2 2    0.83317
2 2 3    0.549012
3 2 1    0.660875
3 2 2    0.349365
3 2 3   -0.229198
4 2 1    0.596579
4 2 2   -0.136754
4 2 3   -1.01113
;

W[i,j,k] :=
1 2 4   -0.0142623
1 2 5    0.0312738
1 2 6    0.0062799
2 2 4   -0.0586519
2 2 5    0.0536517
2 2 6   -0.0039822
3 2 4   -0.0144036
3 2 5    0.031345
3 2 6    0.00624724
4 2 4    0.0300564
4 2 5    0.00893149
4 2 6    0.0165256
;

W[i,j,k] :=
1 3 1    0.735495
1 3 2   -0.577308
1 3 3    0.159532
2 3 1    1.3916
2 3 2    0.167709
2 3 3   -0.131885
3 3 1    0.737583
3 3 2   -0.574937
3 3 3    0.158605
4 3 1    0.0804323
4 3 2   -1.32114
4 3 3    0.450484
;

W[i,j,k] :=
1 3 4    0.0111865
1 3 5    0.01316
1 3 6   -0.00395062
2 3 4   -0.00538593
2 3 5    0.0140679
2 3 6   -0.0389413
3 3 4    0.0111337
3 3 5    0.0131628
3 3 6   -0.00406199
4 3 4    0.0277325
4 3 5    0.0122535
4 3 6    0.0309842
;

f11 = 4.36361

f12 = 7.561

f13 = 4.2032

f21 = 7.07541

f22 = 9.13716

f23 = -1.86833

f31 = 5.9901

f32 = 7.50197

f33 = -0.507527

