solve_message = ' \
Ipopt 3.9.1: Converged to a locally infeasible point. Problem may be infeasible.'

Solve time:
_solve_time = 72.2129

Objective:
torque = 9.24875

cnh1 = -0.759339

cnh2 = -0.68294

cnh3 = 0.0586279

snh1 = -0.550822

snh2 = -0.643112

snh3 = -0.936249

Hx = -0.0418562

Hy = 0.0506744

Hz = -0.0306276

cnf11 = 0.535645

cnf21 = 0.291588

cnf31 = 0.366653

cnf12 = 0.535645

cnf22 = 0.750444

cnf32 = 0.58928

cnt1 = 0.419316

cnt2 = 0.412155

snf11 = 0.77012

snf21 = 0.992365

snf31 = 0.954404

snf12 = 0.77012

snf22 = 0.56288

snf32 = 0.797012

snt1 = 0.95977

snt2 = 0.930543

p :=
1 1    0.0331213
1 2   -0.00369306
1 3   -0.0532952
2 1   -0.0101407
2 2   -0.0272377
2 3    0.0641129
3 1   -0.00316165
3 2   -0.033791
3 3   -0.0568076
;

mf :=
1 1   -0.84586
1 2    0.264456
1 3    0.128638
2 1    0.0425024
2 2    0.0864279
2 3   -0.777895
;

mt [*] :=
1  0.015407
2  0.792701
3  0.534175
;

phi :=
1 1   0.0482201
1 2   0.0861297
1 3   0.0315959
2 1   0
2 2   0.0327334
2 3   0
3 1   0.0482546
3 2   0.0858913
3 3   0.0313367
4 1   0.198429
4 2   0.231781
4 3   0.253059
;

l [*,1,*]
:       1           2           3        :=
1   -0.846071    0.263855    0.128167
2   -0.581415    1.01973     0.719981
3   -0.845228    0.266261    0.130051
4   -1.1103     -0.490818   -0.462702

 [*,2,*]
:       1            2            3        :=
1    0.0432244    0.0863324   -0.777825
2   -0.864231     0.20639     -0.86605
3    0.0403362    0.0867145   -0.778106
4    0.949233    -0.033534    -0.68974

 [*,3,*]
:       1           2           3        :=
1    0.0156467   0.792289    0.534857
2   -0.285661    1.31072    -0.322756
3    0.0146877   0.793939    0.532128
4    0.316473    0.274684    1.3911
;

W[i,j,k] :=
1 1 1   -0.846071
1 1 2    0.263855
1 1 3    0.128167
2 1 1   -0.581415
2 1 2    1.01973
2 1 3    0.719981
3 1 1   -0.845228
3 1 2    0.266261
3 1 3    0.130051
4 1 1   -1.1103
4 1 2   -0.490818
4 1 3   -0.462702
;

W[i,j,k] :=
1 1 4    0.0135889
1 1 5    0.0408464
1 1 6    0.00561461
2 1 4    0.051688
2 1 5    0.00713994
2 1 6    0.0316277
3 1 4    0.0137101
3 1 5    0.0407392
3 1 6    0.00569741
4 1 4   -0.0244495
4 1 5    0.0744992
4 1 6   -0.0203569
;

W[i,j,k] :=
1 2 1    0.0432244
1 2 2    0.0863324
1 2 3   -0.777825
2 2 1   -0.864231
2 2 2    0.20639
2 2 3   -0.86605
3 2 1    0.0403362
3 2 2    0.0867145
3 2 3   -0.778106
4 2 1    0.949233
4 2 2   -0.033534
4 2 3   -0.68974
;

W[i,j,k] :=
1 2 4    0.0156511
1 2 5   -0.00511644
1 2 6    0.000301864
2 2 4    0.010357
2 2 5   -0.0641907
2 2 6   -0.0256326
3 2 4    0.0156343
3 2 5   -0.00530446
3 2 6    0.000219321
4 2 4    0.0209369
4 2 5    0.0538636
4 2 6    0.026195
;

W[i,j,k] :=
1 3 1    0.0156467
1 3 2    0.792289
1 3 3    0.534857
2 3 1   -0.285661
2 3 2    1.31072
2 3 3   -0.322756
3 3 1    0.0146877
3 3 2    0.793939
3 3 3    0.532128
4 3 1    0.316473
4 3 2    0.274684
4 3 3    1.3911
;

W[i,j,k] :=
1 3 4    0.0269347
1 3 5    0.000802177
1 3 6   -0.00197622
2 3 4    0.0853651
2 3 5    0.0152072
2 3 6   -0.0137968
3 3 4    0.0271206
3 3 5    0.000848026
3 3 6   -0.00201384
4 3 4   -0.0314026
4 3 5   -0.0135799
4 3 6    0.0098255
;

f11 = 12.477

f12 = 15

f13 = 4.31332

f21 = 3.94351

f22 = 15

f23 = -1.2275

f31 = 13.1926

f32 = 15

f33 = -0.562033

