solve_message = ' \
Ipopt 3.9.1: Converged to a locally infeasible point. Problem may be infeasible.'

Solve time:
_solve_time = 3.33842

Objective:
torque = 3.28967

cnh1 = -0.932172

cnh2 = -0.639789

cnh3 = 0.929973

snh1 = 0.105145

snh2 = 0.686054

snh3 = 0.123084

Hx = -0.0011997

Hy = -0.0151372

Hz = 0.0641384

cnf11 = 0.934599

cnf21 = 0.877765

cnf31 = 0.657816

cnf12 = 0.934599

cnf22 = 0.932738

cnf32 = 0.7431

cnt1 = 0.218411

cnt2 = 0.353345

snf11 = 0

snf21 = 0.330952

snf31 = 0.743299

snf12 = 0

snf22 = 0

snf32 = 0.6691

snt1 = 0.995352

snt2 = 0.953202

p :=
1 1    0.0323976
1 2    0.00144145
1 3   -0.056732
2 1   -0.0103061
2 2   -0.0319754
2 3   -0.0516691
3 1   -0.0343531
3 2    0.00251513
3 3    0.0173826
;

mf :=
1 1   -0.665419
1 2    0.175269
1 3    0.366275
2 1   -0.747006
2 2    0.13715
2 3   -0.129451
;

mt [*] :=
1   0.841007
2  -0.196138
3   0.134472
;

phi :=
1 1   0.0375586
1 2   0.074502
1 3   0.0760709
2 1   0.107286
2 2   0.0224055
2 3   0.148126
3 1   0.0375955
3 2   0.074326
3 3   0.0759462
4 1   0.0516083
4 2   0.129946
4 3   0.132792
;

l [*,1,*]
:       1           2           3        :=
1   -0.665491    0.17585     0.36582
2   -0.574923   -0.553428    0.937591
3   -0.665203    0.173528    0.36764
4   -0.755914    0.903964   -0.20504

 [*,2,*]
:       1           2           3        :=
1   -0.746843    0.137728   -0.129879
2   -0.951636   -0.588377    0.407441
3   -0.747494    0.135417   -0.128169
4   -0.542376    0.862674   -0.666341

 [*,3,*]
:      1           2           3        :=
1   0.841018   -0.196657    0.133829
2   0.826947    0.455741    0.942343
3   0.840973   -0.194581    0.136402
4   0.855067   -0.848015   -0.673395
;

W[i,j,k] :=
1 1 1   -0.665491
1 1 2    0.17585
1 1 3    0.36582
2 1 1   -0.574923
2 1 2   -0.553428
2 1 3    0.937591
3 1 1   -0.665203
3 1 2    0.173528
3 1 3    0.36764
4 1 1   -0.755914
4 1 2    0.903964
4 1 3   -0.20504
;

W[i,j,k] :=
1 1 4    0.0105036
1 1 5    0.0259029
1 1 6    0.00665638
2 1 4   -0.0300456
2 1 5    0.00224079
2 1 6   -0.017101
3 1 4    0.0103745
3 1 5    0.0258276
3 1 6    0.00658076
4 1 4    0.0509881
4 1 5    0.0495273
4 1 6    0.0303759
;

W[i,j,k] :=
1 2 1   -0.746843
1 2 2    0.137728
1 2 3   -0.129879
2 2 1   -0.951636
2 2 2   -0.588377
2 2 3    0.407441
3 2 1   -0.747494
3 2 2    0.135417
3 2 3   -0.128169
4 2 1   -0.542376
4 2 2    0.862674
4 2 3   -0.666341
;

W[i,j,k] :=
1 2 4    0.0112692
1 2 5    0.0372502
1 2 6   -0.0253
2 2 4   -0.043429
2 2 5    0.0533694
2 2 6   -0.0243651
3 2 4    0.0110951
3 2 5    0.0373015
3 2 6   -0.0252971
4 2 4    0.0658801
4 2 5    0.0211567
4 2 6   -0.0262335
;

W[i,j,k] :=
1 3 1    0.841018
1 3 2   -0.196657
1 3 3    0.133829
2 3 1    0.826947
2 3 2    0.455741
2 3 3    0.942343
3 3 1    0.840973
3 3 2   -0.194581
3 3 3    0.136402
4 3 1    0.855067
4 3 2   -0.848015
4 3 3   -0.673395
;

W[i,j,k] :=
1 3 4    0.00375501
1 3 5    0.0192165
1 3 6    0.00464052
2 3 4   -0.00555184
2 3 5    0.0467469
2 3 6   -0.017736
3 3 4    0.00372538
3 3 5    0.0193041
3 3 6    0.0045693
4 3 4    0.013047
4 3 5   -0.00826993
4 3 6    0.0269813
;

f11 = -0.291378

f12 = 12.0773

f13 = -0.700071

f21 = -0.164008

f22 = 0

f23 = 0.315439

f31 = 6.36045

f32 = 7.98147

f33 = 0.659682

