solve_message = ' \
Ipopt 3.9.1: Converged to a locally infeasible point. Problem may be infeasible.'

Solve time:
_solve_time = 29.5934

Objective:
torque = 5.7097

cnh1 = -0.0111257

cnh2 = -0.852395

cnh3 = -0.937598

snh1 = -0.938017

snh2 = 0.391692

snh3 = -0.030162

Hx = -0.0200391

Hy = -0.0281518

Hz = -0.0149315

cnf11 = -0.0145692

cnf21 = 0.335824

cnf31 = 0.448668

cnf12 = -0.0145692

cnf22 = 0.285604

cnf32 = 0.435453

cnt1 = 0.262329

cnt2 = 0.307679

snf11 = 0.93797

snf21 = 0.875912

snf31 = 0.872723

snf12 = 0.93797

snf22 = 0.893549

snf32 = 0.876708

snt1 = 0.986142

snt2 = 1

p :=
1 1    0.0336826
1 2    0.00195511
1 3    0.0575254
2 1   -0.0330121
2 2    0.0038245
2 3    0.0590082
3 1   -0.0171637
3 2   -0.00638242
3 3    0.0639184
;

mf :=
1 1   -0.585657
1 2   -0.189388
1 3   -0.477886
2 1    0.506205
2 2   -0.232256
2 3   -0.545758
;

mt [*] :=
1  -0.0243508
2   0.138983
3  -0.957313
;

phi :=
1 1   0.0184539
1 2   0.0500644
1 3   0
2 1   0
2 2   0
2 3   0
3 1   0.0181632
3 2   0.0497005
3 3   0
4 1   0.485133
4 2   0.47537
4 3   0.00814786
;

l [*,1,*]
:       1           2           3        :=
1   -0.585979   -0.189703   -0.477295
2   -0.181148    0.205813   -1.21979
3   -0.58469    -0.188444   -0.479658
4   -0.990163   -0.584588    0.264017

 [*,2,*]
:       1           2           3        :=
1   0.506562    -0.231641   -0.545679
2   0.0578538   -1.00404    -0.645285
3   0.505134    -0.234099   -0.545996
4   0.954554     0.53953    -0.446232

 [*,3,*]
:       1            2           3        :=
1   -0.0248937    0.139589   -0.957236
2    0.657412    -0.622688   -1.05396
3   -0.0227221    0.137163   -0.957544
4   -0.706111     0.90065    -0.860667
;

W[i,j,k] :=
1 1 1   -0.585979
1 1 2   -0.189703
1 1 3   -0.477295
2 1 1   -0.181148
2 1 2    0.205813
2 1 3   -1.21979
3 1 1   -0.58469
3 1 2   -0.188444
3 1 3   -0.479658
4 1 1   -0.990163
4 1 2   -0.584588
4 1 3    0.264017
;

W[i,j,k] :=
1 1 4    0.00997957
1 1 5   -0.0176321
1 1 6   -0.00524404
2 1 4   -0.0142243
2 1 5    0.0306652
2 1 6    0.0072865
3 1 4    0.00990254
3 1 5   -0.0174784
3 1 6   -0.00520416
4 1 4    0.0341449
4 1 5   -0.0658523
4 1 6   -0.0177546
;

W[i,j,k] :=
1 2 1    0.506562
1 2 2   -0.231641
1 2 3   -0.545679
2 2 1    0.0578538
2 2 2   -1.00404
2 2 3   -0.645285
3 2 1    0.505134
3 2 2   -0.234099
3 2 3   -0.545996
4 2 1    0.954554
4 2 2    0.53953
4 2 3   -0.446232
;

W[i,j,k] :=
1 2 4    0.0115818
1 2 5    0.0118773
1 2 6    0.0057096
2 2 4    0.056779
2 2 5   -0.0178883
2 2 6    0.0329243
3 2 4    0.0117256
3 2 5    0.0117826
3 2 6    0.00579622
4 2 4   -0.0335433
4 2 5    0.0415955
4 2 6   -0.0214617
;

W[i,j,k] :=
1 3 1   -0.0248937
1 3 2    0.139589
1 3 3   -0.957236
2 3 1    0.657412
2 3 2   -0.622688
2 3 3   -1.05396
3 3 1   -0.0227221
3 3 2    0.137163
3 3 3   -0.957544
4 3 1   -0.706111
4 3 2    0.90065
4 3 3   -0.860667
;

W[i,j,k] :=
1 3 4   -0.00281285
1 3 5   -0.0180209
1 3 6   -0.00255475
2 3 4    0.046528
2 3 5    0.0239309
2 3 6    0.0148835
3 3 4   -0.00265581
3 3 5   -0.0178874
3 3 6   -0.00249925
4 3 4   -0.052075
4 3 5   -0.0599058
4 3 6   -0.0199652
;

f11 = 13.162

f12 = 15

f13 = -1.05898

f21 = 10.9003

f22 = 13.8267

f23 = -1.91262

f31 = 0.342331

f32 = 0

f33 = -0.0959664

