solve_message = ' \
Ipopt 3.9.1: Optimal Solution Found'

Solve time:
_solve_time = 41.2467

Objective:
torque = 3.59843

cnh1 = 0.540354

cnh2 = 0.892545

cnh3 = 0.277782

snh1 = 0.766823

snh2 = -0.288727

snh3 = -0.896012

Hx = 0.0536461

Hy = -0.0282486

Hz = -0.0215294

cnf11 = 0.838403

cnf21 = 0.54695

cnf31 = 0.512288

cnf12 = 0.838403

cnf22 = 0.245274

cnf32 = 0.390231

cnt1 = 0.357757

cnt2 = 0.45468

snf11 = 0.420809

snf21 = 0.762132

snf31 = 0.844621

snf12 = 0.420809

snf22 = 0.964689

snf32 = 0.918167

snt1 = 0.867186

snt2 = 0.870643

p :=
1 1    0.0138701
1 2    0.0302972
1 3    0.0587785
2 1   -0.00921392
2 2    0.0331895
2 3   -0.020206
3 1   -0.0323165
3 2   -0.0147109
3 3   -0.00935125
;

mf :=
1 1   -0.105413
1 2   -0.517772
1 3   -0.583328
2 1    0.352313
2 2   -0.767388
2 3   -0.13904
;

mt [*] :=
1  0.773046
2  0.232685
3  0.0569132
;

phi :=
1 1   0.0367422
1 2   0.012679
1 3   0.0778798
2 1   0
2 2   0
2 3   0.0107129
3 1   0.0364588
3 2   0.0124783
3 3   0.077537
4 1   0.292616
4 2   0.156073
4 3   0.35135
;

l [*,1,*]
:       1           2           3        :=
1   -0.106      -0.518011   -0.582978
2    0.632477   -0.21762    -1.02333
3   -0.10365    -0.517055   -0.584379
4   -0.8433     -0.817922   -0.143328

 [*,2,*]
:       1            2           3        :=
1    0.352014    -0.767591   -0.138393
2    0.728498    -0.512148   -0.951675
3    0.353212    -0.766778   -0.140981
4   -0.0238704   -1.02263     0.673593

 [*,3,*]
:      1           2           3         :=
1   0.772853    0.233356    0.0566241
2   1.01548    -0.609071    0.41989
3   0.773626    0.230675    0.0577803
4   0.53061     1.07444    -0.306063
;

W[i,j,k] :=
1 1 1   -0.106
1 1 2   -0.518011
1 1 3   -0.582978
2 1 1    0.632477
2 1 2   -0.21762
2 1 3   -1.02333
3 1 1   -0.10365
3 1 2   -0.517055
3 1 3   -0.584379
4 1 1   -0.8433
4 1 2   -0.817922
4 1 3   -0.143328
;

W[i,j,k] :=
1 1 4    0.0127853
1 1 5    0.00185541
1 1 6   -0.00397333
2 1 4   -0.0182127
2 1 5    0.0513697
2 1 6   -0.0221807
3 1 4    0.0126866
3 1 5    0.002013
3 1 6   -0.00403128
4 1 4    0.0437338
4 1 5   -0.0475799
4 1 6    0.014205
;

W[i,j,k] :=
1 2 1    0.352014
1 2 2   -0.767591
1 2 3   -0.138393
2 2 1    0.728498
2 2 2   -0.512148
2 2 3   -0.951675
3 2 1    0.353212
3 2 2   -0.766778
3 2 3   -0.140981
4 2 1   -0.0238704
4 2 2   -1.02263
4 2 3    0.673593
;

W[i,j,k] :=
1 2 4   -0.0201031
1 2 5   -0.00838791
1 2 6   -0.00461064
2 2 4   -0.0419341
2 2 5   -0.0234887
2 2 6   -0.0194596
3 2 4   -0.0201726
3 2 5   -0.00843597
3 2 6   -0.0046579
4 2 4    0.00169307
4 2 5    0.00668875
4 2 6    0.0102146
;

W[i,j,k] :=
1 3 1    0.772853
1 3 2    0.233356
1 3 3    0.0566241
2 3 1    1.01548
2 3 2   -0.609071
2 3 3    0.41989
3 3 1    0.773626
3 3 2    0.230675
3 3 3    0.0577803
4 3 1    0.53061
4 3 2    1.07444
4 3 3   -0.306063
;

W[i,j,k] :=
1 3 4    0.00134918
1 3 5   -0.00539725
1 3 6    0.0038281
2 3 4   -0.0118725
2 3 5    0.00407335
2 3 6    0.0346217
3 3 4    0.00130709
3 3 5   -0.00536711
3 3 6    0.00392611
4 3 4    0.0145498
4 3 5   -0.0148527
4 3 6   -0.0269163
;

f11 = 7.89225

f12 = 10.1537

f13 = -1.95318

f21 = 0.349939

f22 = 0

f23 = 0.0627906

f31 = 4.75996

f32 = 10.5189

f33 = -6.9482

