solve_message = ' \
Ipopt 3.9.1: Optimal Solution Found'

Solve time:
_solve_time = 7.55045

Objective:
torque = 2.61763

cnh1 = 0.735423

cnh2 = 0.109915

cnh3 = 0.694279

snh1 = 0.762327

snh2 = -0.931623

snh3 = 0.799977

Hx = -0.0175839

Hy = 0.084298

Hz = -0.0369855

cnf11 = 0.937991

cnf21 = 0.803309

cnf31 = 0.614164

cnf12 = 0.937991

cnf22 = 0.801881

cnf32 = 0.599754

cnt1 = 0.427426

cnt2 = 0.405753

snf11 = 0

snf21 = 0.484455

snf31 = 0.778791

snf12 = 0

snf22 = 0.540325

snf32 = 0.794542

snt1 = 0.969178

snt2 = 0.939299

p :=
1 1    0.0269679
1 2    0.00631156
1 3    0.0624524
2 1   -0.0233508
2 2   -0.00307592
2 3    0.0635803
3 1   -0.00625023
3 2   -0.0319338
3 3   -0.0605072
;

mf :=
1 1   -0.0412259
1 2   -0.197373
1 3   -0.798912
2 1   -0.0796911
2 2   -0.132102
2 3   -0.834879
;

mt [*] :=
1  -0.0346295
2   0.863494
3   0.684151
;

phi :=
1 1   0.0653429
1 2   0.0634265
1 3   0.095141
2 1   0.0282096
2 2   0.0273318
2 3   0.0381536
3 1   0.0651906
3 2   0.0632792
3 3   0.0948852
4 1   0.132604
4 2   0.127935
4 3   0.231777
;

l [*,1,*]
:       1            2           3        :=
1   -0.0404979   -0.197968   -0.798847
2   -0.955325     0.54995    -0.88043
3   -0.0434096   -0.195588   -0.799107
4    0.87287     -0.944693   -0.717395

 [*,2,*]
:       1            2           3        :=
1   -0.0789628   -0.132728   -0.834864
2   -0.994166     0.653864   -0.853729
3   -0.0818757   -0.130224   -0.834924
4    0.834781    -0.918065   -0.816029

 [*,3,*]
:       1           2           3        :=
1   -0.03521     0.862949   0.684683
2    0.694303    1.54767    0.0160665
3   -0.0328881   0.865128   0.682555
4   -0.763559    0.179316   1.35223
;

W[i,j,k] :=
1 1 1   -0.0404979
1 1 2   -0.197968
1 1 3   -0.798847
2 1 1   -0.955325
2 1 2    0.54995
2 1 3   -0.88043
3 1 1   -0.0434096
3 1 2   -0.195588
3 1 3   -0.799107
4 1 1    0.87287
4 1 2   -0.944693
4 1 3   -0.717395
;

W[i,j,k] :=
1 1 4    0.00732161
1 1 5    0.0190141
1 1 6   -0.00508318
2 1 4   -0.0399026
2 1 5   -0.035919
2 1 6    0.0208606
3 1 4    0.00717131
3 1 5    0.0188392
3 1 6   -0.00500061
4 1 4    0.0544705
4 1 5    0.0738595
4 1 6   -0.0309856
;

W[i,j,k] :=
1 2 1   -0.0789628
1 2 2   -0.132728
1 2 3   -0.834864
2 2 1   -0.994166
2 2 2    0.653864
2 2 3   -0.853729
3 2 1   -0.0818757
3 2 2   -0.130224
3 2 3   -0.834924
4 2 1    0.834781
4 2 2   -0.918065
4 2 3   -0.816029
;

W[i,j,k] :=
1 2 4    0.0110069
1 2 5   -0.0245152
1 2 6    0.00285641
2 2 4   -0.0389469
2 2 5   -0.0831447
2 2 6   -0.0183262
3 2 4    0.0108479
3 2 5   -0.0247018
3 2 6    0.002789
4 2 4    0.0608809
4 2 5    0.0340206
4 2 6    0.0240053
;

W[i,j,k] :=
1 3 1   -0.03521
1 3 2    0.862949
1 3 3    0.684683
2 3 1    0.694303
2 3 2    1.54767
2 3 3    0.0160665
3 3 1   -0.0328881
3 3 2    0.865128
3 3 3    0.682555
4 3 1   -0.763559
4 3 2    0.179316
4 3 3    1.35223
;

W[i,j,k] :=
1 3 4    0.0303501
1 3 5    0.00640991
1 3 6   -0.006518
2 3 4    0.0931323
2 3 5   -0.0419099
2 3 6    0.0124984
3 3 4    0.0305499
3 3 5    0.00625612
3 3 6   -0.00645747
4 3 4   -0.032332
4 3 5    0.0546526
4 3 6   -0.025504
;

f11 = -2.62216

f12 = 5.09118

f13 = -3.13577

f21 = 2.10812

f22 = 2.72736

f23 = 0.660628

f31 = 7.2942

f32 = 9.56466

f33 = -2.33735

