solve_message = ' \
Ipopt 3.9.1: Converged to a locally infeasible point. Problem may be infeasible.'

Solve time:
_solve_time = 35.2874

Objective:
torque = 7.70328

cnh1 = 0.220571

cnh2 = 0.697595

cnh3 = -0.221459

snh1 = 0.911783

snh2 = -0.627185

snh3 = -0.911568

Hx = 0.05774

Hy = -0.0302414

Hz = -0.0218914

cnf11 = 0.707421

cnf21 = 0.759706

cnf31 = 0.593415

cnf12 = 0.707421

cnf22 = 0.460243

cnf32 = 0.420273

cnt1 = 0.346424

cnt2 = 0.451556

snf11 = 0.61608

snf21 = 0.550315

snf31 = 0.794081

snf12 = 0.61608

snf22 = 0.954031

snf32 = 0.929775

snt1 = 0.871774

snt2 = 0.871743

p :=
1 1   -0.0285597
1 2    0.00200069
1 3    0.0643396
2 1   -0.00686754
2 2    0.0340927
2 3   -0.0521518
3 1   -0.0219297
3 2   -0.0225671
3 3   -0.058876
;

mf :=
1 1    0.0756302
1 2   -0.143219
1 3   -0.778968
2 1    0.29751
2 2   -0.841515
2 3    0.0641234
;

mt [*] :=
1  0.590176
2  0.244688
3  0.529539
;

phi :=
1 1   0.0712371
1 2   0.0314593
1 3   0.084438
2 1   0.019839
2 2   0
2 3   0.0274572
3 1   0.0710035
3 2   0.0312469
3 3   0.0841737
4 1   0.200519
4 2   0.169087
4 3   0.251648
;

l [*,1,*]
:       1            2           3        :=
1    0.074947    -0.143486   -0.779012
2    0.933617     0.192111   -0.724055
3    0.0776799   -0.142418   -0.778837
4   -0.782354    -0.478547   -0.83388

 [*,2,*]
:       1           2           3         :=
1    0.296863   -0.841632    0.0645517
2    1.11068    -0.693757   -0.473627
3    0.299453   -0.841162    0.0628388
4   -0.515653   -0.989272    0.601872

 [*,3,*]
:      1           2          3        :=
1   0.59009     0.245379   0.529306
2   0.698963   -0.622742   0.821418
3   0.590436    0.242616   0.530236
4   0.48139     1.11211    0.237661
;

W[i,j,k] :=
1 1 1    0.074947
1 1 2   -0.143486
1 1 3   -0.779012
2 1 1    0.933617
2 1 2    0.192111
2 1 3   -0.724055
3 1 1    0.0776799
3 1 2   -0.142418
3 1 3   -0.778837
4 1 1   -0.782354
4 1 2   -0.478547
4 1 3   -0.83388
;

W[i,j,k] :=
1 1 4    0.00767326
1 1 5   -0.0174263
1 1 6    0.00394796
2 1 4   -0.013809
2 1 5    0.0393898
2 1 6   -0.00735452
3 1 4    0.00760489
3 1 5   -0.0172454
3 1 6    0.00391199
4 1 4    0.0291212
4 1 5   -0.0741517
4 1 6    0.0152324
;

W[i,j,k] :=
1 2 1    0.296863
1 2 2   -0.841632
1 2 3    0.0645517
2 2 1    1.11068
2 2 2   -0.693757
2 2 3   -0.473627
3 2 1    0.299453
3 2 2   -0.841162
3 2 3    0.0628388
4 2 1   -0.515653
4 2 2   -0.989272
4 2 3    0.601872
;

W[i,j,k] :=
1 2 4   -0.0416919
1 2 5   -0.0150386
1 2 6   -0.00434091
2 2 4   -0.0523279
2 2 5   -0.0611764
2 2 6   -0.0331016
3 2 4   -0.0417258
3 2 5   -0.0151855
3 2 6   -0.00443245
4 2 4   -0.0310729
4 2 5    0.0310256
4 2 6    0.0243739
;

W[i,j,k] :=
1 3 1    0.59009
1 3 2    0.245379
1 3 3    0.529306
2 3 1    0.698963
2 3 2   -0.622742
2 3 3    0.821418
3 3 1    0.590436
3 3 2    0.242616
3 3 3    0.530236
4 3 1    0.48139
4 3 2    1.11211
4 3 3    0.237661
;

W[i,j,k] :=
1 3 4    0.00250203
1 3 5   -0.0231346
1 3 6    0.0079355
2 3 4   -0.0552015
2 3 5   -0.0231387
2 3 6    0.0294301
3 3 4    0.00231837
3 3 5   -0.0231346
3 3 6    0.00800392
4 3 4    0.0601135
4 3 5   -0.0231305
4 3 6   -0.0135248
;

f11 = 2.04835

f12 = 13.772

f13 = -2.10483

f21 = 11.0889

f22 = 14.2466

f23 = 2.65572

f31 = 12.0422

f32 = 15

f33 = 5.41725

