solve_message = ' \
Ipopt 3.9.1: Optimal Solution Found'

Solve time:
_solve_time = 27.0974

Objective:
torque = 3.64537

cnh1 = 0.907792

cnh2 = 0.935816

cnh3 = 0.215738

snh1 = -0.236463

snh2 = 0.0651778

snh3 = -0.912939

Hx = -0.0146632

Hy = -0.071187

Hz = -0.028766

cnf11 = 0.270725

cnf21 = 0.591394

cnf31 = 0.52744

cnf12 = 0.270725

cnf22 = 0.47108

cnf32 = 0.424858

cnt1 = 0.460044

cnt2 = 0.427258

snf11 = 0.898169

snf21 = 0.728185

snf31 = 0.83631

snf12 = 0.898169

snf22 = 0.948727

snf32 = 0.926845

snt1 = 0.943181

snt2 = 0.921978

p :=
1 1    0.0233558
1 2   -0.0161544
1 3    0.064449
2 1    0.018657
2 2    0.0268914
2 3   -0.0601427
3 1   -0.0243564
3 2    0.0243564
3 3   -0.00495836
;

mf :=
1 1   -0.272372
1 2   -0.0269048
1 3   -0.718707
2 1   -0.346143
2 2   -0.66863
2 3    0.522029
;

mt [*] :=
1   0.548787
2  -0.738577
3  -0.18979
;

phi :=
1 1   0.071478
1 2   0.048329
1 3   0.0411613
2 1   0.00911161
2 2   0
2 3   0.000251323
3 1   0.0711665
3 2   0.048049
3 3   0.0409781
4 1   0.299661
4 2   0.264823
4 3   0.138625
;

l [*,1,*]
:       1           2            3        :=
1   -0.272774   -0.0263053   -0.718551
2    0.231971   -0.779707    -0.914322
3   -0.271167   -0.0287032   -0.719174
4   -0.776713    0.725895    -0.523093

 [*,2,*]
:       1           2           3        :=
1   -0.345632   -0.668407    0.522587
2   -0.9873     -0.948761   -0.178312
3   -0.347675   -0.669299    0.520356
4    0.295012   -0.3885      1.22237

 [*,3,*]
:       1            2           3        :=
1    0.54927     -0.738103   -0.190256
2   -0.0575107   -1.33356     0.395185
3    0.547339    -0.739998   -0.188393
4    1.15508     -0.1436     -0.774763
;

W[i,j,k] :=
1 1 1   -0.272774
1 1 2   -0.0263053
1 1 3   -0.718551
2 1 1    0.231971
2 1 2   -0.779707
2 1 3   -0.914322
3 1 1   -0.271167
3 1 2   -0.0287032
3 1 3   -0.719174
4 1 1   -0.776713
4 1 2    0.725895
4 1 3   -0.523093
;

W[i,j,k] :=
1 1 4    0.0133031
1 1 5   -0.000797683
1 1 6   -0.00502088
2 1 4    0.0650217
2 1 5    0.036305
2 1 6   -0.0144633
3 1 4    0.0134677
3 1 5   -0.000679594
3 1 6   -0.00505094
4 1 4   -0.0383329
4 1 5   -0.0378412
4 1 6    0.00440648
;

W[i,j,k] :=
1 2 1   -0.345632
1 2 2   -0.668407
1 2 3    0.522587
2 2 1   -0.9873
2 2 2   -0.948761
2 2 3   -0.178312
3 2 1   -0.347675
3 2 2   -0.669299
3 2 3    0.520356
4 2 1    0.295012
4 2 2   -0.3885
4 2 3    1.22237
;

W[i,j,k] :=
1 2 4   -0.0261467
1 2 5    0.0110373
1 2 6   -0.00317595
2 2 4   -0.0618561
2 2 5    0.0627056
2 2 6    0.0088488
3 2 4   -0.0262603
3 2 5    0.0112018
3 2 6   -0.00313768
4 2 4    0.00950576
4 2 5   -0.0405485
4 2 6   -0.0151815
;

W[i,j,k] :=
1 3 1    0.54927
1 3 2   -0.738103
1 3 3   -0.190256
2 3 1   -0.0575107
2 3 2   -1.33356
2 3 3    0.395185
3 3 1    0.547339
3 3 2   -0.739998
3 3 3   -0.188393
4 3 1    1.15508
4 3 2   -0.1436
4 3 3   -0.774763
;

W[i,j,k] :=
1 3 4   -0.00829374
1 3 5   -0.00735744
1 3 6    0.00459931
2 3 4    0.00301302
2 3 5    0.00991044
2 3 6    0.0338814
3 3 4   -0.00825775
3 3 5   -0.00730248
3 3 6    0.00469251
4 3 4   -0.0195825
4 3 5   -0.0245978
4 3 6   -0.0246361
;

f11 = 8.20302

f12 = 10.6878

f13 = -2.43651

f21 = 5.63316

f22 = 7.55887

f23 = 2.22596

f31 = -1.31876

f32 = 3.4816

f33 = -2.47763

