solve_message = ' \
Ipopt 3.9.1: Optimal Solution Found'

Solve time:
_solve_time = 8.19005

Objective:
torque = 4.09846

cnh1 = -0.064621

cnh2 = 0.93621

cnh3 = -0.308381

snh1 = 0.935855

snh2 = 0.0592593

snh3 = -0.885947

Hx = 0.070784

Hy = 0.0112719

Hz = 0.0304259

cnf11 = 0.234975

cnf21 = 0.444085

cnf31 = 0.47968

cnf12 = 0.234975

cnf22 = 0.540964

cnf32 = 0.5103

cnt1 = 0.466574

cnt2 = 0.422961

snf11 = 0.908178

snf21 = 0.82631

snf31 = 0.860558

snf12 = 0.908178

snf22 = 0.766393

snf32 = 0.845671

snt1 = 0.950951

snt2 = 0.928053

p :=
1 1   -0.0284664
1 2    0.0163219
1 3    0.0599714
2 1    0.0152495
2 2    0.0147306
2 3   -0.0658079
3 1   -0.0146697
3 2   -0.0311652
3 3    0.0021323
;

mf :=
1 1    0.629887
1 2   -0.143895
1 3   -0.431803
2 1    0.0950825
2 2   -0.124528
2 3    0.758436
;

mt [*] :=
1  0.516764
2  0.782731
3  0.148326
;

phi :=
1 1   0.0623735
1 2   0.0746013
1 3   0.0296132
2 1   0.00290283
2 2   0.0138994
2 3   0
3 1   0.0620754
3 2   0.0743056
3 3   0.0294326
4 1   0.283869
4 2   0.273153
4 3   0.130524
;

l [*,1,*]
:      1           2           3        :=
1   0.629556   -0.144508   -0.432023
2   1.04515     0.626088   -0.156364
3   0.630879   -0.142055   -0.431145
4   0.214627   -0.913874   -0.707242

 [*,2,*]
:       1            2          3        :=
1    0.0944967   -0.124099   0.758551
2    0.830673    -0.662723   0.61321
3    0.0968398   -0.125814   0.758089
4   -0.640506     0.413665   0.903661

 [*,3,*]
:      1          2           3        :=
1   0.516484   0.783055    0.147618
2   0.869541   0.375509    1.03726
3   0.517607   0.781758    0.15045
4   0.163989   1.18995    -0.740607
;

W[i,j,k] :=
1 1 1    0.629556
1 1 2   -0.144508
1 1 3   -0.432023
2 1 1    1.04515
2 1 2    0.626088
2 1 3   -0.156364
3 1 1    0.630879
3 1 2   -0.142055
3 1 3   -0.431145
4 1 1    0.214627
4 1 2   -0.913874
4 1 3   -0.707242
;

W[i,j,k] :=
1 1 4    0.00161491
1 1 5    0.0254573
1 1 6   -0.00616196
2 1 4   -0.0400995
2 1 5    0.0582279
2 1 6   -0.0348813
3 1 4    0.00148214
3 1 5    0.0255616
3 1 6   -0.00625336
4 1 4    0.0432628
4 1 5   -0.00726111
4 1 6    0.0225115
;

W[i,j,k] :=
1 2 1    0.0944967
1 2 2   -0.124099
1 2 3    0.758551
2 2 1    0.830673
2 2 2   -0.662723
2 2 3    0.61321
3 2 1    0.0968398
3 2 2   -0.125814
3 2 3    0.758089
4 2 1   -0.640506
4 2 2    0.413665
4 2 3    0.903661
;

W[i,j,k] :=
1 2 4    0.00300719
1 2 5   -0.0177861
1 2 6   -0.00328444
2 2 4   -0.0345794
2 2 5   -0.064016
2 2 6   -0.0223425
3 2 4    0.00288756
3 2 5   -0.0179333
3 2 6   -0.0033451
4 2 4    0.0405339
4 2 5    0.02837
4 2 6    0.0157432
;

W[i,j,k] :=
1 3 1    0.516484
1 3 2    0.783055
1 3 3    0.147618
2 3 1    0.869541
2 3 2    0.375509
2 3 3    1.03726
3 3 1    0.517607
3 3 2    0.781758
3 3 3    0.15045
4 3 1    0.163989
4 3 2    1.18995
4 3 3   -0.740607
;

W[i,j,k] :=
1 3 4   -0.00627025
1 3 5    0.00326682
1 3 6    0.0046091
2 3 4   -0.0331272
2 3 5    0.0170705
2 3 6    0.0215908
3 3 4   -0.00635573
3 3 5    0.00331075
3 3 6    0.00466315
4 3 4    0.0205438
4 3 5   -0.0105148
4 3 6   -0.0123455
;

f11 = 9.05557

f12 = 11.4134

f13 = -1.21935

f21 = 7.43982

f22 = 10.757

f23 = 4.33875

f31 = -1.96498

f32 = 2.64825

f33 = -0.864486

