solve_message = ' \
Ipopt 3.9.1: Optimal Solution Found'

Solve time:
_solve_time = 18.0961

Objective:
torque = 5.76076

cnh1 = 0.860501

cnh2 = 0.938083

cnh3 = -5.24099e-07

snh1 = -0.373548

snh2 = -1.15499e-07

snh3 = 0.938083

Hx = 0.0387474

Hy = 0.062434

Hz = 5.18962e-08

cnf11 = 0.404317

cnf21 = 0.459714

cnf31 = 0.484432

cnf12 = 0.404317

cnf22 = 0.459714

cnf32 = 0.484432

cnt1 = 0.500495

cnt2 = 0.436964

snf11 = 0.84648

snf21 = 0.817718

snf31 = 0.858415

snf12 = 0.84648

snf22 = 0.817718

snf32 = 0.858415

snt1 = 0.933544

snt2 = 0.91922

p :=
1 1    0.022187
1 2   -0.0212759
1 3   -0.0599836
2 1    0.0221869
2 2   -0.021276
2 3    0.0599836
3 1   -0.0345145
3 2   -0.0083376
3 3   -5.80997e-09
;

mf :=
1 1   -0.090146
1 2    0.498888
1 3    0.589035
2 1   -0.0901455
2 2    0.498889
2 3   -0.589034
;

mt [*] :=
1  0.92473
2  0.212005
3  4.14445e-07
;

phi :=
1 1   0.0578371
1 2   0.058056
1 3   0.0362879
2 1   0.000325569
2 2   0.000833437
2 3   0
3 1   0.0575496
3 2   0.057771
3 3   0.036052
4 1   0.26906
4 2   0.26468
4 3   0.198863
;

l [*,1,*]
:       1           2          3        :=
1   -0.0908575   0.498714   0.589035
2    0.803296    0.717922   0.588084
3   -0.0880116   0.499412   0.589032
4   -0.983585    0.279856   0.589986

 [*,2,*]
:       1            2           3         :=
1   -0.0899864    0.498337   -0.589488
2   -0.289977     1.19252    -0.0188045
3   -0.0906229    0.500546   -0.587672
4    0.109685    -0.194737   -1.15926

 [*,3,*]
:      1           2            3          :=
1   0.924865    0.211416    0.000561028
2   0.755127    0.951788   -0.703998
3   0.924325    0.213772   -0.00168143
4   1.09433    -0.527776    0.703997
;

W[i,j,k] :=
1 1 1   -0.0908575
1 1 2    0.498714
1 1 3    0.589035
2 1 1    0.803296
2 1 2    0.717922
2 1 3    0.588084
3 1 1   -0.0880116
3 1 2    0.499412
3 1 3    0.589032
4 1 1   -0.983585
4 1 2    0.279856
4 1 3    0.589986
;

W[i,j,k] :=
1 1 4    0.0173824
1 1 5   -0.00761895
1 1 6    0.00913188
2 1 4    0.0305516
2 1 5   -0.0612324
2 1 6    0.0330194
3 1 4    0.0174243
3 1 5   -0.00778959
3 1 6    0.00920791
4 1 4    0.00423429
4 1 5    0.045909
4 1 6   -0.0147175
;

W[i,j,k] :=
1 2 1   -0.0899864
1 2 2    0.498337
1 2 3   -0.589488
2 2 1   -0.289977
2 2 2    1.19252
2 2 3   -0.0188045
3 2 1   -0.0906229
3 2 2    0.500546
3 2 3   -0.587672
4 2 1    0.109685
4 2 2   -0.194737
4 2 3   -1.15926
;

W[i,j,k] :=
1 2 4   -0.0173501
1 2 5    0.00768122
1 2 6    0.00914202
2 2 4   -0.0711315
2 2 5   -0.0169767
2 2 6    0.0202888
3 2 4   -0.0175213
3 2 5    0.00760274
3 2 6    0.00917749
4 2 4    0.0363454
4 2 5    0.0322998
4 2 6   -0.00198694
;

W[i,j,k] :=
1 3 1    0.924865
1 3 2    0.211416
1 3 3    0.000561028
2 3 1    0.755127
2 3 2    0.951788
2 3 3   -0.703998
3 3 1    0.924325
3 3 2    0.213772
3 3 3   -0.00168143
4 3 1    1.09433
4 3 2   -0.527776
4 3 3    0.703997
;

W[i,j,k] :=
1 3 4   -4.67641e-06
1 3 5    1.93582e-05
1 3 6    0.000414248
2 3 4    0.00586966
2 3 5   -0.0242981
2 3 6   -0.0265545
3 3 4    1.40203e-05
3 3 5   -5.80389e-05
3 3 6    0.000328412
4 3 4   -0.00586965
4 3 5    0.0242981
4 3 6    0.02734
;

f11 = 5.15614

f12 = 7.7076

f13 = 3.39923

f21 = 7.15137

f22 = 9.94468

f23 = -3.50311

f31 = 8.87719

f32 = 11.1037

f33 = -0.471989

