solve_message = ' \
Ipopt 3.9.1: Converged to a locally infeasible point. Problem may be infeasible.'

Solve time:
_solve_time = 2.87042

Objective:
torque = 8.30259

cnh1 = 0.798929

cnh2 = 0.651258

cnh3 = 0.268692

snh1 = -0.491642

snh2 = -0.675177

snh3 = 0.89878

Hx = 0.0421135

Hy = 0.0618046

Hz = -0.0497909

cnf11 = 0.922568

cnf21 = -0.0800879

cnf31 = 0.371367

cnf12 = 0.922568

cnf22 = 0.805807

cnf32 = 0.61543

cnt1 = 0.481132

cnt2 = 0.429044

snf11 = 0.169913

snf21 = 0.934658

snf31 = 0.861444

snf12 = 0.169913

snf22 = 0.480286

snf32 = 0.777826

snt1 = 0.943669

snt2 = 0.924193

p :=
1 1    0.00567482
1 2    0.0315371
1 3   -0.0577153
2 1    0.0318162
2 2    0.000879736
2 3    0.0581855
3 1   -0.0331367
3 2    0.00114339
3 3   -0.0591989
;

mf :=
1 1    0.339765
1 2    0.631436
1 3   -0.291671
2 1   -0.459263
2 2    0.115125
2 3   -0.644861
;

mt [*] :=
1  0.832667
2  0.146633
3  0.457096
;

phi :=
1 1   0.0412194
1 2   0.108274
1 3   0.0667978
2 1   0.035832
2 2   0.0572733
2 3   0.00601337
3 1   0.0412023
3 2   0.108067
3 3   0.0665031
4 1   0.0466154
4 2   0.1972
4 3   0.245138
;

l [*,1,*]
:       1          2           3        :=
1   0.339525    0.631261   -0.292336
2   0.641369    0.850941    0.542799
3   0.340486    0.631961   -0.289678
4   0.0381625   0.411932   -1.12614

 [*,2,*]
:       1           2           3        :=
1   -0.459311    0.114403   -0.644973
2   -0.398422    1.02169    -0.504446
3   -0.459117    0.117291   -0.644526
4   -0.520103   -0.791439   -0.785275

 [*,3,*]
:      1           2            3        :=
1   0.832345    0.146484     0.45785
2   1.23656     0.33414     -0.489674
3   0.833631    0.147081     0.454834
4   0.428776   -0.0408728    1.40386
;

W[i,j,k] :=
1 1 1    0.339525
1 1 2    0.631261
1 1 3   -0.292336
2 1 1    0.641369
2 1 2    0.850941
2 1 3    0.542799
3 1 1    0.340486
3 1 2    0.631961
3 1 3   -0.289678
4 1 1    0.0381625
4 1 2    0.411932
4 1 3   -1.12614
;

W[i,j,k] :=
1 1 4    0.027214
1 1 5   -0.0179368
1 1 6   -0.00712535
2 1 4    0.0662306
2 1 5   -0.0400971
2 1 6   -0.015398
3 1 4    0.0273382
3 1 5   -0.0180074
3 1 6   -0.00715168
4 1 4   -0.0117404
4 1 5    0.00418807
4 1 6    0.00113411
;

W[i,j,k] :=
1 2 1   -0.459311
1 2 2    0.114403
1 2 3   -0.644973
2 2 1   -0.398422
2 2 2    1.02169
2 2 3   -0.504446
3 2 1   -0.459117
3 2 2    0.117291
3 2 3   -0.644526
4 2 1   -0.520103
4 2 2   -0.791439
4 2 3   -0.785275
;

W[i,j,k] :=
1 2 4   -0.007224
1 2 5   -0.00620467
1 2 6    0.00404394
2 2 4   -0.0598915
2 2 5   -0.00713286
2 2 6    0.0328568
3 2 4   -0.00739163
3 2 5   -0.00620763
3 2 6    0.00413564
4 2 4    0.0453594
4 2 5   -0.00527797
4 2 6   -0.024723
;

W[i,j,k] :=
1 3 1    0.832345
1 3 2    0.146484
1 3 3    0.45785
2 3 1    1.23656
2 3 2    0.33414
2 3 3   -0.489674
3 3 1    0.833631
3 3 2    0.147081
3 3 3    0.454834
4 3 1    0.428776
4 3 2   -0.0408728
4 3 3    1.40386
;

W[i,j,k] :=
1 3 4    0.00919521
1 3 5   -0.0341023
1 3 6   -0.00580569
2 3 4    0.0192209
2 3 5   -0.0894291
2 3 6   -0.0124862
3 3 4    0.00922712
3 3 5   -0.0342784
3 3 6   -0.00582696
4 3 4   -0.000814458
4 3 5    0.0211363
4 3 6    0.000864147
;

f11 = 12.6161

f12 = 15

f13 = 3.89793

f21 = 5.10514

f22 = 11.309

f23 = -1.98614

f31 = 13.1664

f32 = 15

f33 = 1.00341

