solve_message = ' \
Ipopt 3.9.1: Maximum Number of Iterations Exceeded.'

Solve time:
_solve_time = 78.9365

Objective:
torque = 7.38305

cnh1 = -0.626994

cnh2 = 0.315801

cnh3 = -1.01066

snh1 = -0.801623

snh2 = -0.97152

snh3 = 0.121068

Hx = 0.0872619

Hy = 0.0756094

Hz = 0.0590942

cnf11 = 0.395908

cnf21 = 0.385391

cnf31 = 0.424319

cnf12 = 0.395987

cnf22 = 0.538771

cnf32 = 0.477684

cnt1 = 0.756577

cnt2 = 0.567011

snf11 = 0.913072

snf21 = 0.935448

snf31 = 0.910114

snf12 = 0.912715

snf22 = 0.85537

snf32 = 0.881493

snt1 = 0.646378

snt2 = 0.822867

p :=
1 1    2.86959e-05
1 2   -0.0349695
1 3    0.0393666
2 1   -0.0338096
2 2    0.00636879
2 3    0.0512319
3 1    0.0181145
3 2    0.0210308
3 3   -0.0638062
;

mf :=
1 1    0.0455936
1 2    1.06123
1 3   -0.041493
2 1    1.01713
2 2   -0.145678
2 3   -0.2121
;

mt [*] :=
1  -0.123029
2  -0.177059
3   0.993841
;

phi :=
1 1   0.0473978
1 2   0.0743581
1 3   0.0638675
2 1   0
2 2   0.0254207
2 3   0.013277
3 1   0.0471429
3 2   0.0741404
3 3   0.0636338
4 1   0.228351
4 2   0.194318
4 3   0.203966
;

l [*,1,*]
:       1           2          3         :=
1    0.0457703   1.06103   -0.0428363
2    0.421313    1.1112     1.06317
3    0.0469656   1.06119   -0.0393161
4   -0.32922     1.01091   -1.14713

 [*,2,*]
:      1           2           3         :=
1   1.01696    -0.146174   -0.211996
2   1.13388     0.997055   -0.517186
3   1.01733    -0.142535   -0.212967
4   0.900205   -1.28761     0.0926828

 [*,3,*]
:       1           2          3        :=
1   -0.123499   -0.177254   0.993591
2    1.04679    -0.176018   1.1357
3   -0.119774   -0.17725    0.994043
4   -1.29194    -0.17852    0.851669
;

W[i,j,k] :=
1 1 1    0.0457595
1 1 2    1.06103
1 1 3   -0.0428526
2 1 1    0.421303
2 1 2    1.1112
2 1 3    1.06317
3 1 1    0.0469548
3 1 2    1.06119
3 1 3   -0.0393323
4 1 1   -0.329276
4 1 2    1.01084
4 1 3   -1.14721
;

W[i,j,k] :=
1 1 4   -0.0402991
1 1 5    0.00177058
1 1 6    0.0016232
2 1 4   -0.0809384
2 1 5    0.0165549
2 1 6    0.0147658
3 1 4   -0.0404284
3 1 5    0.00181768
3 1 6    0.00166504
4 1 4    0.000245586
4 1 5   -0.013057
4 1 6   -0.0115194
;

W[i,j,k] :=
1 2 1    1.01695
1 2 2   -0.146193
1 2 3   -0.212018
2 2 1    1.13389
2 2 2    0.99707
2 2 3   -0.517196
3 2 1    1.01732
3 2 2   -0.142554
3 2 3   -0.212989
4 2 1    0.900157
4 2 2   -1.2877
4 2 3    0.0926246
;

W[i,j,k] :=
1 2 4    0.0061166
1 2 5    0.0448937
1 2 6   -0.00154499
2 2 4   -0.0543824
2 2 5    0.04059
2 2 6   -0.0409332
3 2 4    0.00592406
3 2 5    0.04488
3 2 6   -0.00167034
4 2 4    0.066504
4 2 5    0.049156
4 2 6    0.0377721
;

W[i,j,k] :=
1 3 1   -0.12354
1 3 2   -0.177286
1 3 3    0.993561
2 3 1    1.04678
2 3 2   -0.176021
2 3 3    1.13569
3 3 1   -0.119815
3 3 2   -0.177282
3 3 3    0.994014
4 3 1   -1.29203
4 3 2   -0.178612
4 3 3    0.851588
;

W[i,j,k] :=
1 3 4    0.00957475
1 3 5   -0.0101489
1 3 6   -0.000623268
2 3 4    0.0126577
2 3 5   -0.0873682
2 3 6   -0.025211
3 3 4    0.00958458
3 3 5   -0.0103947
3 3 6   -0.000701514
4 3 4    0.00647223
4 3 5    0.0669071
4 3 6    0.0239126
;

f11 = 8.29059

f12 = 14.5269

f13 = -0.206735

f21 = 9.18123

f22 = 14.3192

f23 = -0.760862

f31 = 2.40878

f32 = 13.0299

f33 = 1.92667

