solve_message = ' \
Ipopt 3.9.1: Converged to a locally infeasible point. Problem may be infeasible.'

Solve time:
_solve_time = 26.6762

Objective:
torque = 7.73066

cnh1 = -0.864409

cnh2 = 0.771813

cnh3 = 0.176601

snh1 = 0.364413

snh2 = 0.533203

snh3 = -0.92131

Hx = 0.0357214

Hy = 0.0519306

Hz = 0.0214306

cnf11 = 0.70263

cnf21 = 0.36923

cnf31 = 0.374081

cnf12 = 0.70263

cnf22 = 0.746042

cnf32 = 0.587343

cnt1 = 0.341016

cnt2 = 0.450079

snf11 = 0.621539

snf21 = 0.992809

snf31 = 0.962543

snf12 = 0.621539

snf22 = 0.568702

snf32 = 0.798371

snt1 = 0.873904

snt2 = 0.872249

p :=
1 1   -0.0335316
1 2   -0.00753736
1 3    0.0548632
2 1   -0.015438
2 2   -0.0235447
2 3   -0.0640145
3 1    0.0174204
3 2   -0.0284841
3 3    0.0529562
;

mf :=
1 1    0.844452
1 2    0.32954
1 3   -0.160354
2 1    0.234226
2 2    0.0200068
2 3    0.756991
;

mt [*] :=
1  -0.206918
2   0.65822
3  -0.451302
;

phi :=
1 1   0.0444717
1 2   0.0889647
1 3   0.045515
2 1   0.00713521
2 2   0.0340122
2 3   0
3 1   0.0443088
3 2   0.0887212
3 3   0.0452177
4 1   0.125329
4 2   0.215886
4 3   0.299894
;

l [*,1,*]
:      1           2           3        :=
1   0.844723    0.329014   -0.159797
2   0.504747    0.990114   -0.860403
3   0.84364     0.331118   -0.162026
4   1.18416    -0.331032    0.539692

 [*,2,*]
:       1           2           3        :=
1    0.233556    0.0198154   0.757187
2    1.0756      0.260378    0.51069
3    0.236236    0.020581    0.756403
4   -0.607142   -0.220363    1.00329

 [*,3,*]
:       1           2           3        :=
1   -0.207131    0.657783   -0.451902
2    0.0602963   1.20772     0.301917
3   -0.20628     0.659533   -0.449503
4   -0.474132    0.108726   -1.20452
;

W[i,j,k] :=
1 1 1    0.844723
1 1 2    0.329014
1 1 3   -0.159797
2 1 1    0.504747
2 1 2    0.990114
2 1 3   -0.860403
3 1 1    0.84364
3 1 2    0.331118
3 1 3   -0.162026
4 1 1    1.18416
4 1 2   -0.331032
4 1 3    0.539692
;

W[i,j,k] :=
1 1 4   -0.0168463
1 1 5    0.040986
1 1 6   -0.00466536
2 1 4   -0.0478357
2 1 5   -0.00115862
2 1 6   -0.0293956
3 1 4   -0.0169449
3 1 5    0.0408518
3 1 6   -0.00474407
4 1 4    0.0140936
4 1 5    0.0830633
4 1 6    0.0200254
;

W[i,j,k] :=
1 2 1    0.233556
1 2 2    0.0198154
1 2 3    0.757187
2 2 1    1.0756
2 2 2    0.260378
2 2 3    0.51069
3 2 1    0.236236
3 2 2    0.020581
3 2 3    0.756403
4 2 1   -0.607142
4 2 2   -0.220363
4 2 3    1.00329
;

W[i,j,k] :=
1 2 4   -0.0165593
1 2 5   -0.00326153
1 2 6    0.00519309
2 2 4    0.00464391
2 2 5   -0.0609698
2 2 6    0.0213049
3 2 4   -0.0164918
3 2 5   -0.0034452
3 2 6    0.00524437
4 2 4   -0.0377287
4 2 5    0.0543547
4 2 6   -0.010893
;

W[i,j,k] :=
1 3 1   -0.207131
1 3 2    0.657783
1 3 3   -0.451902
2 3 1    0.0602963
2 3 2    1.20772
2 3 3    0.301917
3 3 1   -0.20628
3 3 2    0.659533
3 3 3   -0.449503
4 3 1   -0.474132
4 3 2    0.108726
4 3 3   -1.20452
;

W[i,j,k] :=
1 3 4   -0.0219617
1 3 5   -0.00309659
1 3 6    0.00555888
2 3 4   -0.0725559
2 3 5   -0.00206644
2 3 6    0.0227563
3 3 4   -0.0221227
3 3 5   -0.00309331
3 3 6    0.00561361
4 3 4    0.0285518
4 3 5   -0.00412509
4 3 6   -0.0116111
;

f11 = 13.0953

f12 = 15

f13 = -1.69484

f21 = 2.446

f22 = 10.197

f23 = 1.33766

f31 = 11.6103

f32 = 15

f33 = -6.28969

