solve_message = ' \
Ipopt 3.9.1: Optimal Solution Found'

Solve time:
_solve_time = 1.77841

Objective:
torque = 2.76079

cnh1 = 0.902846

cnh2 = 0.231712

cnh3 = -1.02868

snh1 = 0.304832

snh2 = 1.03261

snh3 = -0.252626

Hx = 0.079089

Hy = 0.0036524

Hz = 0.0569515

cnf11 = 0.93784

cnf21 = 0.779382

cnf31 = 0.602492

cnf12 = 0.93784

cnf22 = 0.815605

cnf32 = 0.57221

cnt1 = 0.359383

cnt2 = 0.366112

snf11 = 0

snf21 = 0.522076

snf31 = 0.787513

snf12 = 0

snf22 = 0.646257

snf32 = 0.827551

snt1 = 0.996416

snt2 = 0.969345

p :=
1 1    0.0106857
1 2    0.0254691
1 3   -0.0624884
2 1   -0.00232916
2 2   -0.0223577
2 3   -0.0637027
3 1   -0.0313052
3 2   -0.00776469
3 3    0.0572051
;

mf :=
1 1   -0.244216
1 2   -0.0470993
1 3    0.886236
2 1   -0.132666
2 2   -0.0851848
2 3    1.02668
;

mt [*] :=
1   1.01355
2   0.130232
3  -0.537558
;

phi :=
1 1   0.0640277
1 2   0.0517137
1 3   0.0815558
2 1   0.0182135
2 2   0.0112502
2 3   0.0189586
3 1   0.0638256
3 2   0.0515383
3 3   0.0812523
4 1   0.167562
4 2   0.138221
4 3   0.282523
;

l [*,1,*]
:       1           2           3        :=
1   -0.244865   -0.0465509   0.88608
2    0.570939   -0.735777    1.0823
3   -0.242268   -0.0487445   0.886704
4   -1.05937     0.641576    0.690172

 [*,2,*]
:       1           2           3        :=
1   -0.133414   -0.0846508   1.02662
2    0.805985   -0.755662    1.11164
3   -0.130424   -0.0867865   1.02689
4   -1.07131     0.58529     0.941728

 [*,3,*]
:      1           2           3        :=
1   1.01324     0.129584   -0.538253
2   1.40256     0.944305    0.33446
3   1.01448     0.132177   -0.535475
4   0.624538   -0.683838   -1.40957
;

W[i,j,k] :=
1 1 1   -0.244865
1 1 2   -0.0465509
1 1 3    0.88608
2 1 1    0.570939
2 1 2   -0.735777
2 1 3    1.0823
3 1 1   -0.242268
3 1 2   -0.0487445
3 1 3    0.886704
4 1 1   -1.05937
4 1 2    0.641576
4 1 3    0.690172
;

W[i,j,k] :=
1 1 4    0.0196587
1 1 5    0.00583281
1 1 6    0.00573908
2 1 4   -0.0184123
2 1 5   -0.0472422
2 1 6   -0.0224037
3 1 4    0.0195376
3 1 5    0.00566388
3 1 6    0.00564951
4 1 4    0.0576691
4 1 5    0.0588231
4 1 6    0.033837
;

W[i,j,k] :=
1 2 1   -0.133414
1 2 2   -0.0846508
1 2 3    1.02662
2 2 1    0.805985
2 2 2   -0.755662
2 2 3    1.11164
3 2 1   -0.130424
3 2 2   -0.0867865
3 2 3    1.02689
4 2 1   -1.07131
4 2 2    0.58529
4 2 3    0.941728
;

W[i,j,k] :=
1 2 4   -0.0283452
1 2 5    0.01089
1 2 6   -0.00278565
2 2 4   -0.0729914
2 2 5   -0.0487543
2 2 6    0.01978
3 2 4   -0.0284873
3 2 5    0.0107001
3 2 6   -0.00271383
4 2 4    0.0162297
4 2 5    0.070439
4 2 6   -0.0253153
;

W[i,j,k] :=
1 3 1    1.01324
1 3 2    0.129584
1 3 3   -0.538253
2 3 1    1.40256
2 3 2    0.944305
2 3 3    0.33446
3 3 1    1.01448
3 3 2    0.132177
3 3 3   -0.535475
4 3 1    0.624538
4 3 2   -0.683838
4 3 3   -1.40957
;

W[i,j,k] :=
1 3 4   -0.00323346
1 3 5    0.0411124
1 3 6    0.00381086
2 3 4   -0.056616
2 3 5    0.0907041
2 3 6   -0.0186711
3 3 4   -0.00340337
3 3 5    0.0412703
3 3 6    0.00373931
4 3 4    0.0500639
4 3 5   -0.00840018
4 3 6    0.0262569
;

f11 = 3.78696

f12 = 4.7808

f13 = -0.637859

f21 = -1.63198

f22 = 1.99612

f23 = 0.0820425

f31 = 6.93463

f32 = 8.66225

f33 = -0.230261

