solve_message = ' \
Ipopt 3.9.1: Optimal Solution Found'

Solve time:
_solve_time = 7.02004

Objective:
torque = 3.59844

cnh1 = 0.540484

cnh2 = -0.892555

cnh3 = -0.277823

snh1 = 0.766732

snh2 = -0.288697

snh3 = 0.895999

Hx = -0.0536424

Hy = 0.0282569

Hz = -0.0215312

cnf11 = 0.838357

cnf21 = 0.546953

cnf31 = 0.512289

cnf12 = 0.838357

cnf22 = 0.245303

cnf32 = 0.390168

cnt1 = 0.357772

cnt2 = 0.454681

snf11 = 0.420901

snf21 = 0.76213

snf31 = 0.844621

snf12 = 0.420901

snf22 = 0.964781

snf32 = 0.918244

snt1 = 0.867187

snt2 = 0.870645

p :=
1 1   -0.0138791
1 2   -0.0302914
1 3    0.0587828
2 1    0.00921647
2 2   -0.0331888
2 3   -0.0202036
3 1    0.0323187
3 2    0.0147062
3 3   -0.0093484
;

mf :=
1 1    0.105516
1 2    0.517702
1 3   -0.583371
2 1   -0.352314
2 2    0.767526
2 3   -0.139043
;

mt [*] :=
1  -0.77309
2  -0.232577
3   0.0568747
;

phi :=
1 1   0.036631
1 2   0.0132216
1 3   0.0770198
2 1   0
2 2   0
2 3   0.00996669
3 1   0.0363481
3 2   0.0130197
3 3   0.076677
4 1   0.291385
4 2   0.157598
4 3   0.352426
;

l [*,1,*]
:       1          2           3        :=
1    0.106103   0.517941   -0.583021
2   -0.63243    0.217648   -1.02335
3    0.103753   0.516985   -0.584422
4    0.843459   0.817754   -0.143394

 [*,2,*]
:       1           2           3        :=
1   -0.352015    0.76773    -0.138395
2   -0.728505    0.512321   -0.951762
3   -0.353213    0.766917   -0.140984
4    0.0238753   1.02273     0.673674

 [*,3,*]
:       1           2           3         :=
1   -0.772897   -0.233248    0.0565856
2   -1.01543     0.60922     0.419839
3   -0.773669   -0.230566    0.0577418
4   -0.530755   -1.07437    -0.306089
;

W[i,j,k] :=
1 1 1    0.106103
1 1 2    0.517941
1 1 3   -0.583021
2 1 1   -0.63243
2 1 2    0.217648
2 1 3   -1.02335
3 1 1    0.103753
3 1 2    0.516985
3 1 3   -0.584422
4 1 1    0.843459
4 1 2    0.817754
4 1 3   -0.143394
;

W[i,j,k] :=
1 1 4   -0.0127854
1 1 5   -0.00185476
1 1 6   -0.00397453
2 1 4    0.0182048
2 1 5   -0.0513792
2 1 6   -0.022178
3 1 4   -0.0126868
3 1 5   -0.00201239
3 1 6   -0.00403247
4 1 4   -0.0437262
4 1 5    0.0475906
4 1 6    0.0141999
;

W[i,j,k] :=
1 2 1   -0.352015
1 2 2    0.76773
1 2 3   -0.138395
2 2 1   -0.728505
2 2 2    0.512321
2 2 3   -0.951762
3 2 1   -0.353213
3 2 2    0.766917
3 2 3   -0.140984
4 2 1    0.0238753
4 2 2    1.02273
4 2 3    0.673674
;

W[i,j,k] :=
1 2 4    0.0201041
1 2 5    0.0083875
1 2 6   -0.00460726
2 2 4    0.0419387
2 2 5    0.0234903
2 2 6   -0.0194565
3 2 4    0.0201736
3 2 5    0.00843557
3 2 6   -0.00465452
4 2 4   -0.00169556
4 2 5   -0.00669124
4 2 6    0.0102183
;

W[i,j,k] :=
1 3 1   -0.772897
1 3 2   -0.233248
1 3 3    0.0565856
2 3 1   -1.01543
2 3 2    0.60922
2 3 3    0.419839
3 3 1   -0.773669
3 3 2   -0.230566
3 3 3    0.0577418
4 3 1   -0.530755
4 3 2   -1.07437
4 3 3   -0.306089
;

W[i,j,k] :=
1 3 4   -0.00134833
1 3 5    0.00539658
1 3 6    0.0038281
2 3 4    0.0118695
2 3 5   -0.00407606
2 3 6    0.0346222
3 3 4   -0.00130626
3 3 5    0.00536643
3 3 6    0.00392611
4 3 4   -0.014545
4 3 5    0.0148541
4 3 6   -0.0269168
;

f11 = 7.89239

f12 = 10.1536

f13 = -1.95225

f21 = 0.349934

f22 = 0

f23 = 0.0628189

f31 = 4.75938

f32 = 10.5188

f33 = -6.94847

