solve_message = ' \
Ipopt 3.9.1: Converged to a locally infeasible point. Problem may be infeasible.'

Solve time:
_solve_time = 7.33205

Objective:
torque = 7.73066

cnh1 = -0.864409

cnh2 = -0.771814

cnh3 = -0.1766

snh1 = 0.364412

snh2 = 0.533201

snh3 = 0.92131

Hx = -0.0357213

Hy = -0.0519306

Hz = 0.0214307

cnf11 = 0.702636

cnf21 = 0.36923

cnf31 = 0.374081

cnf12 = 0.702636

cnf22 = 0.746042

cnf32 = 0.587343

cnt1 = 0.341016

cnt2 = 0.450079

snf11 = 0.621533

snf21 = 0.992809

snf31 = 0.962543

snf12 = 0.621533

snf22 = 0.568701

snf32 = 0.798371

snt1 = 0.873904

snt2 = 0.872249

p :=
1 1    0.0335315
1 2    0.00753748
1 3    0.0548631
2 1    0.0154386
2 2    0.0235443
2 3   -0.0640144
3 1   -0.0174204
3 2    0.028484
3 3    0.0529562
;

mf :=
1 1   -0.844452
1 2   -0.329542
1 3   -0.160349
2 1   -0.234231
2 2   -0.0200023
2 3    0.75699
;

mt [*] :=
1   0.20692
2  -0.658221
3  -0.451301
;

phi :=
1 1   0.0453348
1 2   0.0918418
1 3   0.046722
2 1   0.00748612
2 2   0.0357834
2 3   0
3 1   0.0451759
3 2   0.0915973
3 3   0.0464064
4 1   0.118611
4 2   0.213835
4 3   0.297922
;

l [*,1,*]
:       1           2           3        :=
1   -0.844723   -0.329016   -0.159792
2   -0.504748   -0.990114   -0.860402
3   -0.843641   -0.33112    -0.162022
4   -1.18415     0.331026    0.539701

 [*,2,*]
:       1           2           3        :=
1   -0.233561   -0.0198109   0.757186
2   -1.0756     -0.260375    0.510683
3   -0.236241   -0.0205765   0.756401
4    0.607134    0.22037     1.0033

 [*,3,*]
:       1            2           3        :=
1    0.207133    -0.657783   -0.451901
2   -0.0602944   -1.20772     0.301919
3    0.206281    -0.659533   -0.449501
4    0.474133    -0.108727   -1.20452
;

W[i,j,k] :=
1 1 1   -0.844723
1 1 2   -0.329016
1 1 3   -0.159792
2 1 1   -0.504748
2 1 2   -0.990114
2 1 3   -0.860402
3 1 1   -0.843641
3 1 2   -0.33112
3 1 3   -0.162022
4 1 1   -1.18415
4 1 2    0.331026
4 1 3    0.539701
;

W[i,j,k] :=
1 1 4    0.0168464
1 1 5   -0.040986
1 1 6   -0.00466534
2 1 4    0.0478354
2 1 5    0.00115855
2 1 6   -0.0293955
3 1 4    0.0169451
3 1 5   -0.0408519
3 1 6   -0.00474405
4 1 4   -0.0140932
4 1 5   -0.0830634
4 1 6    0.0200254
;

W[i,j,k] :=
1 2 1   -0.233561
1 2 2   -0.0198109
1 2 3    0.757186
2 2 1   -1.0756
2 2 2   -0.260375
2 2 3    0.510683
3 2 1   -0.236241
3 2 2   -0.0205765
3 2 3    0.756401
4 2 1    0.607134
4 2 2    0.22037
4 2 3    1.0033
;

W[i,j,k] :=
1 2 4    0.0165592
1 2 5    0.00326141
1 2 6    0.00519318
2 2 4   -0.00464414
2 2 5    0.0609697
2 2 6    0.0213044
3 2 4    0.0164917
3 2 5    0.00344508
3 2 6    0.00524445
4 2 4    0.0377287
4 2 5   -0.0543548
4 2 6   -0.0108923
;

W[i,j,k] :=
1 3 1    0.207133
1 3 2   -0.657783
1 3 3   -0.451901
2 3 1   -0.0602944
2 3 2   -1.20772
2 3 3    0.301919
3 3 1    0.206281
3 3 2   -0.659533
3 3 3   -0.449501
4 3 1    0.474133
4 3 2   -0.108727
4 3 3   -1.20452
;

W[i,j,k] :=
1 3 4    0.0219617
1 3 5    0.00309667
1 3 6    0.00555887
2 3 4    0.0725559
2 3 5    0.00206659
2 3 6    0.0227563
3 3 4    0.0221228
3 3 5    0.00309339
3 3 6    0.00561361
4 3 4   -0.0285517
4 3 5    0.0041251
4 3 6   -0.0116111
;

f11 = 13.0953

f12 = 15

f13 = -1.69512

f21 = 2.44602

f22 = 10.1972

f23 = 1.33777

f31 = 11.6104

f32 = 15

f33 = -6.28965

