solve_message = ' \
Ipopt 3.9.1: Optimal Solution Found'

Solve time:
_solve_time = 3.51002

Objective:
torque = 4.04513

cnh1 = 0.901126

cnh2 = -0.938083

cnh3 = 0.305944

snh1 = -0.260716

snh2 = -0.000803854

snh3 = 0.886791

Hx = 0.0146957

Hy = 0.0682418

Hz = 0.0323523

cnf11 = 0.333064

cnf21 = 0.42186

cnf31 = 0.473043

cnf12 = 0.333064

cnf22 = 0.567895

cnf32 = 0.51934

cnt1 = 0.449657

cnt2 = 0.43216

snf11 = 0.876965

snf21 = 0.837875

snf31 = 0.863438

snf12 = 0.876965

snf22 = 0.746656

snf32 = 0.840821

snt1 = 0.93316

snt2 = 0.914453

p :=
1 1   -0.0251861
1 2   -0.0213261
1 3    0.0595623
2 1   -0.0193961
2 2    0.0211298
2 3   -0.0643137
3 1    0.0243564
3 2   -0.0243564
3 3    0.00255878
;

mf :=
1 1    0.388163
1 2    0.540676
1 3   -0.404729
2 1    0.260611
2 2   -0.0138418
2 3    0.726544
;

mt [*] :=
1  -0.535984
2   0.725773
3   0.18979
;

phi :=
1 1   0.0624141
1 2   0.0702456
1 3   0.0341576
2 1   0.00484744
2 2   0.0114956
2 3   0
3 1   0.0621308
3 2   0.0699606
3 3   0.0339428
4 1   0.259462
4 2   0.259233
4 3   0.17003
;

l [*,1,*]
:       1           2           3        :=
1    0.388624    0.540148   -0.404935
2   -0.190082    1.20471    -0.145316
3    0.386782    0.542263   -0.404109
4    0.966406   -0.123359   -0.664141

 [*,2,*]
:       1           2           3        :=
1    0.260039   -0.0142728   0.726717
2    0.978447    0.52731     0.508787
3    0.262326   -0.012549    0.726023
4   -0.457223   -0.554992    0.9443

 [*,3,*]
:        1           2           3        :=
1   -0.536408     0.725637    0.189112
2   -0.00283039   0.896766    1.04187
3   -0.53471      0.726182    0.191826
4   -1.06913      0.554782   -0.66229
;

W[i,j,k] :=
1 1 1    0.388624
1 1 2    0.540148
1 1 3   -0.404935
2 1 1   -0.190082
2 1 2    1.20471
2 1 3   -0.145316
3 1 1    0.386782
3 1 2    0.542263
3 1 3   -0.404109
4 1 1    0.966406
4 1 2   -0.123359
4 1 3   -0.664141
;

W[i,j,k] :=
1 1 4   -0.0235367
1 1 5    0.0129486
1 1 6   -0.00531635
2 1 4   -0.0686565
2 1 5   -0.0149816
2 1 6   -0.0343957
3 1 4   -0.0236803
3 1 5    0.0128597
3 1 6   -0.0054089
4 1 4    0.0215111
4 1 5    0.0408343
4 1 6    0.0237166
;

W[i,j,k] :=
1 2 1    0.260039
1 2 2   -0.0142728
1 2 3    0.726717
2 2 1    0.978447
2 2 2    0.52731
2 2 3    0.508787
3 2 1    0.262326
3 2 2   -0.012549
3 2 3    0.726023
4 2 1   -0.457223
4 2 2   -0.554992
4 2 3    0.9443
;

W[i,j,k] :=
1 2 4    0.0144375
1 2 5   -0.00262863
1 2 6   -0.00521775
2 2 4    0.0446638
2 2 5   -0.0530591
2 2 6   -0.0309022
3 2 4    0.0145337
3 2 5   -0.00278914
3 2 6   -0.00529949
4 2 4   -0.0157407
4 2 5    0.0477214
4 2 6    0.0204257
;

W[i,j,k] :=
1 3 1   -0.536408
1 3 2    0.725637
1 3 3    0.189112
2 3 1   -0.00283039
2 3 2    0.896766
2 3 3    1.04187
3 3 1   -0.53471
3 3 2    0.726182
3 3 3    0.191826
4 3 1   -1.06913
4 3 2    0.554782
4 3 3   -0.66229
;

W[i,j,k] :=
1 3 4   -0.00646282
1 3 5   -0.00597863
1 3 6    0.00460895
2 3 4   -0.0276709
2 3 5   -0.0253836
2 3 6    0.0217731
3 3 4   -0.00653032
3 3 5   -0.00604039
3 3 6    0.00466358
4 3 4    0.0147114
4 3 5    0.0133953
4 3 6   -0.0125278
;

f11 = 8.96644

f12 = 12.0616

f13 = -3.58209

f21 = 7.24169

f22 = 11.1223

f23 = 5.18171

f31 = -1.88265

f32 = 2.54724

f33 = -0.853376

