solve_message = ' \
Ipopt 3.9.1: Optimal Solution Found'

Solve time:
_solve_time = 4.60203

Objective:
torque = 3.59846

cnh1 = 0.540519

cnh2 = -0.892557

cnh3 = -0.277812

snh1 = 0.766708

snh2 = -0.288689

snh3 = 0.896003

Hx = -0.0536427

Hy = 0.0282609

Hz = -0.0215308

cnf11 = 0.838343

cnf21 = 0.54696

cnf31 = 0.512291

cnf12 = 0.838343

cnf22 = 0.245353

cnf32 = 0.390111

cnt1 = 0.357786

cnt2 = 0.454672

snf11 = 0.420931

snf21 = 0.762125

snf31 = 0.84462

snf12 = 0.420931

snf22 = 0.964859

snf32 = 0.918317

snt1 = 0.86721

snt2 = 0.870657

p :=
1 1   -0.0138819
1 2   -0.0302895
1 3    0.0587841
2 1    0.00922063
2 2   -0.0331879
2 3   -0.0202025
3 1    0.0323195
3 2    0.0147042
3 3   -0.00934759
;

mf :=
1 1    0.105542
1 2    0.517684
1 3   -0.583381
2 1   -0.352369
2 2    0.767632
2 3   -0.139044
;

mt [*] :=
1  -0.773131
2  -0.232543
3   0.0568731
;

phi :=
1 1   0.0370672
1 2   0.0123572
1 3   0.0779718
2 1   0
2 2   0
2 3   0.0107549
3 1   0.0367832
3 2   0.0121563
3 3   0.0776288
4 1   0.292322
4 2   0.156413
4 3   0.351126
;

l [*,1,*]
:       1          2           3        :=
1    0.10613    0.517923   -0.583031
2   -0.632431   0.217671   -1.02334
3    0.103779   0.516968   -0.584432
4    0.843513   0.817697   -0.14342

 [*,2,*]
:       1           2           3        :=
1   -0.352069    0.767836   -0.138397
2   -0.728623    0.512411   -0.9518
3   -0.353267    0.767023   -0.140986
4    0.0238848   1.02285     0.673708

 [*,3,*]
:       1           2           3         :=
1   -0.772938   -0.233213    0.0565841
2   -1.01543     0.609284    0.419841
3   -0.773709   -0.230532    0.0577403
4   -0.530837   -1.07437    -0.306093
;

W[i,j,k] :=
1 1 1    0.10613
1 1 2    0.517923
1 1 3   -0.583031
2 1 1   -0.632431
2 1 2    0.217671
2 1 3   -1.02334
3 1 1    0.103779
3 1 2    0.516968
3 1 3   -0.584432
4 1 1    0.843513
4 1 2    0.817697
4 1 3   -0.14342
;

W[i,j,k] :=
1 1 4   -0.0127859
1 1 5   -0.00185484
1 1 6   -0.00397514
2 1 4    0.0182011
2 1 5   -0.0513829
2 1 6   -0.0221777
3 1 4   -0.0126873
3 1 5   -0.00201248
3 1 6   -0.00403308
4 1 4   -0.0437235
4 1 5    0.0475942
4 1 6    0.0141984
;

W[i,j,k] :=
1 2 1   -0.352069
1 2 2    0.767836
1 2 3   -0.138397
2 2 1   -0.728623
2 2 2    0.512411
2 2 3   -0.9518
3 2 1   -0.353267
3 2 2    0.767023
3 2 3   -0.140986
4 2 1    0.0238848
4 2 2    1.02285
4 2 3    0.673708
;

W[i,j,k] :=
1 2 4    0.0201054
1 2 5    0.00838881
1 2 6   -0.00460465
2 2 4    0.0419403
2 2 5    0.0234962
2 2 6   -0.0194569
3 2 4    0.0201749
3 2 5    0.00843689
3 2 6   -0.00465192
4 2 4   -0.0016947
4 2 5   -0.0066945
4 2 6    0.0102239
;

W[i,j,k] :=
1 3 1   -0.772938
1 3 2   -0.233213
1 3 3    0.0565841
2 3 1   -1.01543
2 3 2    0.609284
2 3 3    0.419841
3 3 1   -0.773709
3 3 2   -0.230532
3 3 3    0.0577403
4 3 1   -0.530837
4 3 2   -1.07437
4 3 3   -0.306093
;

W[i,j,k] :=
1 3 4   -0.00134795
1 3 5    0.00539634
1 3 6    0.00382811
2 3 4    0.0118688
2 3 5   -0.00407728
2 3 6    0.0346228
3 3 4   -0.00130588
3 3 5    0.00536619
3 3 6    0.00392612
4 3 4   -0.0145436
4 3 5    0.0148548
4 3 6   -0.0269174
;

f11 = 7.89265

f12 = 10.1538

f13 = -1.95196

f21 = 0.349928

f22 = 0

f23 = 0.0628487

f31 = 4.75895

f32 = 10.5186

f33 = -6.94858

