solve_message = ' \
Ipopt 3.9.1: Optimal Solution Found'

Solve time:
_solve_time = 1.96561

Objective:
torque = 2.75894

cnh1 = 0.305057

cnh2 = -0.24312

cnh3 = 1.03197

snh1 = -0.887099

snh2 = 1.03079

snh3 = 0.23882

Hx = -0.00496303

Hy = 0.0774716

Hz = 0.0581081

cnf11 = 0.937867

cnf21 = 0.78058

cnf31 = 0.603058

cnf12 = 0.937867

cnf22 = 0.820582

cnf32 = 0.569829

cnt1 = 0.360279

cnt2 = 0.36694

snf11 = 0

snf21 = 0.520284

snf31 = 0.787096

snf12 = 0

snf22 = 0.65611

snf32 = 0.831069

snt1 = 0.996092

snt2 = 0.968612

p :=
1 1   -0.0254508
1 2    0.0110869
1 3   -0.0624213
2 1    0.0222783
2 2   -0.00235278
2 3   -0.06371
3 1    0.00827833
3 2   -0.0311805
3 3    0.0571873
;

mf :=
1 1    0.0529408
1 2   -0.251773
1 3    0.883013
2 1    0.0857532
2 2   -0.132551
2 3    1.03898
;

mt [*] :=
1  -0.146782
2   1.00046
3  -0.527576
;

phi :=
1 1   0.0646142
1 2   0.0507392
1 3   0.081974
2 1   0.0185428
2 2   0.010614
2 3   0.0192819
3 1   0.0644109
3 2   0.0505653
3 3   0.0816701
4 1   0.168991
4 2   0.136333
4 3   0.2829
;

l [*,1,*]
:       1            2          3        :=
1    0.0524127   -0.252421   0.882849
2    0.716131     0.561876   1.08976
3    0.0545251   -0.249829   0.883507
4   -0.610247    -1.06542    0.676271

 [*,2,*]
:       1            2          3        :=
1    0.0852425   -0.133305   1.0389
2    0.727055     0.814326   1.13072
3    0.0872853   -0.130289   1.03919
4   -0.555547    -1.07942    0.947232

 [*,3,*]
:       1          2           3        :=
1   -0.146139   1.00017    -0.528274
2   -0.954211   1.36067     0.348889
3   -0.148711   1.00132    -0.525482
4    0.660644   0.640249   -1.40404
;

W[i,j,k] :=
1 1 1    0.0524127
1 1 2   -0.252421
1 1 3    0.882849
2 1 1    0.716131
2 1 2    0.561876
2 1 3    1.08976
3 1 1    0.0545251
3 1 2   -0.249829
3 1 3    0.883507
4 1 1   -0.610247
4 1 2   -1.06542
4 1 3    0.676271
;

W[i,j,k] :=
1 1 4   -0.00596837
1 1 5    0.0191976
1 1 6    0.00584322
2 1 4    0.047155
2 1 5   -0.0169666
2 1 6   -0.0222399
3 1 4   -0.00579929
3 1 5    0.0190825
3 1 6    0.00575384
4 1 4   -0.059007
4 1 5    0.055304
4 1 6    0.0338815
;

W[i,j,k] :=
1 2 1    0.0852425
1 2 2   -0.133305
1 2 3    1.0389
2 2 1    0.727055
2 2 2    0.814326
2 2 3    1.13072
3 2 1    0.0872853
3 2 2   -0.130289
3 2 3    1.03919
4 2 1   -0.555547
4 2 2   -1.07942
4 2 3    0.947232
;

W[i,j,k] :=
1 2 4   -0.0109372
1 2 5   -0.0285758
1 2 6   -0.00276926
2 2 4    0.0492203
2 2 5   -0.0715112
2 2 6    0.0198524
3 2 4   -0.0107457
3 2 5   -0.0287125
3 2 6   -0.00269726
4 2 4   -0.0709988
4 2 5    0.0142911
4 2 6   -0.0253549
;

W[i,j,k] :=
1 3 1   -0.146139
1 3 2    1.00017
1 3 3   -0.528274
2 3 1   -0.954211
2 3 2    1.36067
2 3 3    0.348889
3 3 1   -0.148711
3 3 2    1.00132
3 3 3   -0.525482
4 3 1    0.660644
4 3 2    0.640249
4 3 3   -1.40404
;

W[i,j,k] :=
1 3 4   -0.0407252
1 3 5   -0.00398405
1 3 6    0.00372307
2 3 4   -0.0886915
2 3 5   -0.0574569
2 3 6   -0.0184887
3 3 4   -0.0408779
3 3 5   -0.00415424
3 3 6    0.00365237
4 3 4    0.00716455
4 3 5    0.0494036
4 3 6    0.0258994
;

f11 = 3.75439

f12 = 4.72154

f13 = -0.540412

f21 = -1.62484

f22 = 1.98519

f23 = 0.045943

f31 = 6.92436

f32 = 8.64769

f33 = -0.184469

