solve_message = ' \
Ipopt 3.9.1: Maximum Number of Iterations Exceeded.'

Solve time:
_solve_time = 71.8385

Objective:
torque = 7.91658

cnh1 = 0.947306

cnh2 = 0.758839

cnh3 = -0.108587

snh1 = -0.107302

snh2 = -0.556961

snh3 = 0.985026

Hx = 0.0052121

Hy = 0.0728461

Hz = -0.0201934

cnf11 = 0.538115

cnf21 = 0.320032

cnf31 = 0.385668

cnf12 = 0.538121

cnf22 = 0.644402

cnf32 = 0.541989

cnt1 = 0.490403

cnt2 = 0.468028

snf11 = 0.832663

snf21 = 0.979669

snf31 = 0.939356

snf12 = 0.832731

snf22 = 0.697177

snf32 = 0.830129

snt1 = 0.867454

snt2 = 0.882735

p :=
1 1    0.0235066
1 2   -0.0239491
1 3   -0.054506
2 1   -0.017047
2 2   -0.0230651
2 3    0.0630885
3 1   -0.0290348
3 2   -0.0169336
3 3   -0.0568106
;

mf :=
1 1   -0.524035
1 2    0.752979
1 3    0.284639
2 1    0.0609532
2 2    0.289025
2 3   -0.822426
;

mt [*] :=
1  0.62849
2  0.4351
3  0.51124
;

phi :=
1 1   0.0421469
1 2   0.0746585
1 3   0.0399043
2 1   0
2 2   0.0188191
2 3   0
3 1   0.0419058
3 2   0.0743979
3 3   0.0396293
4 1   0.213878
4 2   0.228946
4 3   0.272618
;

l [*,1,*]
:       1          2           3        :=
1   -0.524657   0.752661    0.284212
2    0.280259   1.18503     0.816503
3   -0.522096   0.754038    0.285906
4   -1.32829    0.320982   -0.24723

 [*,2,*]
:       1            2           3        :=
1    0.0614991    0.288446   -0.822576
2   -0.620931     0.995446   -0.642087
3    0.059327     0.290697   -0.822002
4    0.74284     -0.417426   -1.00278

 [*,3,*]
:      1           2           3        :=
1   0.628369    0.43454     0.51187
2   0.776816    1.13565    -0.270241
3   0.628842    0.436771    0.50938
4   0.480159   -0.265456    1.29273
;

W[i,j,k] :=
1 1 1   -0.524658
1 1 2    0.752662
1 1 3    0.284211
2 1 1    0.28026
2 1 2    1.18503
2 1 3    0.816501
3 1 1   -0.522096
3 1 2    0.754038
3 1 3    0.285905
4 1 1   -1.32829
4 1 2    0.320984
4 1 3   -0.24723
;

W[i,j,k] :=
1 1 4    0.0342228
1 1 5    0.0219356
1 1 6    0.00514949
2 1 4    0.0450588
2 1 5   -0.0344672
2 1 6    0.0345785
3 1 4    0.0342573
3 1 5    0.0217561
3 1 6    0.00524315
4 1 4    0.0234042
4 1 5    0.0782489
4 1 6   -0.0242325
;

W[i,j,k] :=
1 2 1    0.0614978
1 2 2    0.288445
1 2 3   -0.822574
2 2 1   -0.620934
2 2 2    0.995445
2 2 3   -0.642087
3 2 1    0.0593258
3 2 2    0.290695
3 2 3   -0.821999
4 2 1    0.742841
4 2 2   -0.417427
4 2 3   -1.00277
;

W[i,j,k] :=
1 2 4    0.000772251
1 2 5   -0.0101552
1 2 6   -0.00350408
2 2 4   -0.0479979
2 2 5   -0.0501324
2 2 6   -0.0312932
3 2 4    0.000617027
3 2 5   -0.0102824
3 2 6   -0.00359252
4 2 4    0.0494647
4 2 5    0.0297586
4 2 6    0.0242407
;

W[i,j,k] :=
1 3 1    0.628369
1 3 2    0.43454
1 3 3    0.511868
2 3 1    0.776814
2 3 2    1.13565
2 3 3   -0.270239
3 3 1    0.628842
3 3 2    0.436771
3 3 3    0.509379
4 3 1    0.480161
4 3 2   -0.265454
4 3 3    1.29273
;

W[i,j,k] :=
1 3 4    0.0160188
1 3 5   -0.0208288
1 3 6   -0.00199253
2 3 4    0.0690981
2 3 5   -0.0519668
2 3 6   -0.0198201
3 3 4    0.0161877
3 3 5   -0.0209279
3 3 6   -0.00204927
4 3 4   -0.0369756
4 3 5    0.0102601
4 3 6    0.0158066
;

f11 = 9.66963

f12 = 15

f13 = 2.43532

f21 = 5.14045

f22 = 13.3492

f23 = -0.460249

f31 = 10.9351

f32 = 14.6043

f33 = -0.952721

