solve_message = ' \
Ipopt 3.9.1: Optimal Solution Found'

Solve time:
_solve_time = 26.2082

Objective:
torque = 3.41424

cnh1 = -0.70518

cnh2 = -0.481087

cnh3 = 0.93784

snh1 = -0.618645

snh2 = -0.80533

snh3 = 0.02136

Hx = -0.0599397

Hy = -0.0543965

Hz = 0.0125795

cnf11 = 0.937574

cnf21 = 0.815739

cnf31 = 0.62056

cnf12 = 0.937574

cnf22 = 0.816936

cnf32 = 0.621042

cnt1 = 0.440659

cnt2 = 0.411747

snf11 = 0

snf21 = 0.463218

snf31 = 0.773878

snf12 = 0

snf22 = 0.461694

snf32 = 0.773552

snt1 = 0.963234

snt2 = 0.935315

p :=
1 1    0.00423511
1 2    0.029244
1 3    0.061253
2 1    0.0297759
2 2    0.00122225
2 3    0.0610268
3 1   -0.0173613
3 2   -0.0142359
3 3   -0.0637053
;

mf :=
1 1   -0.232304
1 2   -0.166641
1 3   -0.760064
2 1   -0.19738
2 2   -0.202371
2 3   -0.761713
;

mt [*] :=
1  -0.0993169
2  -0.106308
3   0.975941
;

phi :=
1 1   0.0661516
1 2   0.0678211
1 3   0.100827
2 1   0.0337738
2 2   0.0360922
2 3   0.0487364
3 1   0.0660237
3 2   0.0676966
3 3   0.100603
4 1   0.119103
4 2   0.118741
4 3   0.208804
;

l [*,1,*]
:       1           2           3        :=
1   -0.232315   -0.16594    -0.760235
2   -0.217913   -1.04716    -0.545266
3   -0.232269   -0.168745   -0.759551
4   -0.246694    0.713871   -0.974861

 [*,2,*]
:       1           2           3        :=
1   -0.197408   -0.201677   -0.761915
2   -0.162461   -1.07349    -0.508696
3   -0.197297   -0.204452   -0.761109
4   -0.2323      0.668749   -1.01473

 [*,3,*]
:       1            2           3        :=
1   -0.0985164   -0.106337    0.976071
2   -1.10449     -0.0691104   0.812543
3   -0.101718    -0.106219    0.97555
4    0.905854    -0.143505    1.13934
;

W[i,j,k] :=
1 1 1   -0.232315
1 1 2   -0.16594
1 1 3   -0.760235
2 1 1   -0.217913
2 1 2   -1.04716
2 1 3   -0.545266
3 1 1   -0.232269
3 1 2   -0.168745
3 1 3   -0.759551
4 1 1   -0.246694
4 1 2    0.713871
4 1 3   -0.974861
;

W[i,j,k] :=
1 1 4   -0.012068
1 1 5   -0.0110103
1 1 6    0.00609105
2 1 4    0.0481958
2 1 5   -0.0110386
2 1 6    0.00193782
3 1 4   -0.0118762
3 1 5   -0.0110104
3 1 6    0.00607783
4 1 4   -0.0722356
4 1 5   -0.0109821
4 1 6    0.0102377
;

W[i,j,k] :=
1 2 1   -0.197408
1 2 2   -0.201677
1 2 3   -0.761915
2 2 1   -0.162461
2 2 2   -1.07349
2 2 3   -0.508696
3 2 1   -0.197297
3 2 2   -0.204452
3 2 3   -0.761109
4 2 1   -0.2323
4 2 2    0.668749
4 2 3   -1.01473
;

W[i,j,k] :=
1 2 4    0.0113765
1 2 5    0.0106396
1 2 6   -0.00576385
2 2 4    0.0648901
2 2 5    0.00523245
2 2 6   -0.0317657
3 2 4    0.0115468
3 2 5    0.0106223
3 2 6   -0.00584661
4 2 4   -0.0420518
4 2 5    0.016038
4 2 6    0.0201966
;

W[i,j,k] :=
1 3 1   -0.0985164
1 3 2   -0.106337
1 3 3    0.976071
2 3 1   -1.10449
2 3 2   -0.0691104
2 3 3    0.812543
3 3 1   -0.101718
3 3 2   -0.106219
3 3 3    0.97555
4 3 1    0.905854
4 3 2   -0.143505
4 3 3    1.13934
;

W[i,j,k] :=
1 3 4   -0.0206695
1 3 5    0.0232219
1 3 6    0.000443685
2 3 4   -0.01597
2 3 5    0.0844688
2 3 6   -0.0145236
3 3 4   -0.0206545
3 3 5    0.0234168
3 3 6    0.000396048
4 3 4   -0.0253615
4 3 5   -0.0379273
4 3 6    0.0153871
;

f11 = -3.74345

f12 = 4.81712

f13 = -0.978547

f21 = 3.77707

f22 = 5.24017

f23 = 1.85142

f31 = 7.17416

f32 = 11.813

f33 = 1.05503

