solve_message = ' \
Ipopt 3.9.1: Optimal Solution Found'

Solve time:
_solve_time = 10.2493

Objective:
torque = 5.19345

cnh1 = 0.315333

cnh2 = -0.937153

cnh3 = -0.349976

snh1 = -0.883496

snh2 = -0.0417656

snh3 = -0.870354

Hx = -0.0720283

Hy = -0.0139706

Hz = -0.030507

cnf11 = 0.0361679

cnf21 = 0.456331

cnf31 = 0.483397

cnf12 = 0.0361679

cnf22 = 0.493401

cnf32 = 0.494914

cnt1 = 0.518871

cnt2 = 0.444347

snf11 = 0.937386

snf21 = 0.819611

snf31 = 0.858887

snf12 = 0.937386

snf22 = 0.797844

snf32 = 0.853463

snt1 = 0.923457

snt2 = 0.914622

p :=
1 1    0.0222463
1 2    0.0226242
1 3   -0.0583868
2 1   -0.0221518
2 2    0.00153315
2 3    0.063728
3 1    0.0248603
3 2   -0.0248605
3 3    0.00271404
;

mf :=
1 1   -0.585456
1 2   -0.255278
1 3    0.44287
2 1   -0.101391
2 2   -0.0296833
2 3   -0.768348
;

mt [*] :=
1  -0.736515
2   0.572078
3  -0.16444
;

phi :=
1 1   0.0488131
1 2   0.0946684
1 3   0.0186481
2 1   0
2 2   0.0298844
2 3   0
3 1   0.0485007
3 2   0.0943599
3 3   0.018545
4 1   0.337681
4 2   0.287775
4 3   0.063175
;

l [*,1,*]
:       1            2            3         :=
1   -0.584967    -0.255688    0.443226
2   -1.19963      0.259824   -0.00407735
3   -0.586923    -0.254048    0.441802
4    0.0287122   -0.770379    0.889816

 [*,2,*]
:       1           2            3        :=
1   -0.101078   -0.0290208   -0.768385
2   -0.494605   -0.861632    -0.722498
3   -0.102331   -0.0316708   -0.768239
4    0.291821    0.802262    -0.814198

 [*,3,*]
:       1           2           3        :=
1   -0.736384   0.572458    -0.163719
2   -0.900777   0.0941732   -1.06967
3   -0.736907   0.570936    -0.166603
4   -0.572253   1.04998      0.740783
;

W[i,j,k] :=
1 1 1   -0.584967
1 1 2   -0.255688
1 1 3    0.443226
2 1 1   -1.19963
2 1 2    0.259824
2 1 3   -0.00407735
3 1 1   -0.586923
3 1 2   -0.254048
3 1 3    0.441802
4 1 1    0.0287122
4 1 2   -0.770379
4 1 3    0.889816
;

W[i,j,k] :=
1 1 4   -0.0049012
1 1 5    0.0242942
1 1 6    0.00754627
2 1 4    0.015078
2 1 5    0.070133
2 1 6    0.0329207
3 1 4   -0.00483761
3 1 5    0.0244401
3 1 6    0.00762703
4 1 4   -0.0248486
4 1 5   -0.0214715
4 1 6   -0.0177876
;

W[i,j,k] :=
1 2 1   -0.101078
1 2 2   -0.0290208
1 2 3   -0.768385
2 2 1   -0.494605
2 2 2   -0.861632
2 2 3   -0.722498
3 2 1   -0.102331
3 2 2   -0.0316708
3 2 3   -0.768239
4 2 1    0.291821
4 2 2    0.802262
4 2 3   -0.814198
;

W[i,j,k] :=
1 2 4    0.000671386
1 2 5   -0.0234626
1 2 6    0.000797832
2 2 4    0.0538024
2 2 5   -0.0475248
2 2 6    0.019845
3 2 4    0.00084049
3 2 5   -0.0235392
3 2 6    0.000858455
4 2 4   -0.0523748
4 2 5    0.000561156
4 2 6   -0.018219
;

W[i,j,k] :=
1 3 1   -0.736384
1 3 2    0.572458
1 3 3   -0.163719
2 3 1   -0.900777
2 3 2    0.0941732
2 3 3   -1.06967
3 3 1   -0.736907
3 3 2    0.570936
3 3 3   -0.166603
4 3 1   -0.572253
4 3 2    1.04998
4 3 3    0.740783
;

W[i,j,k] :=
1 3 4    0.00251646
1 3 5    0.00207155
1 3 6   -0.00407533
2 3 4    0.0263368
2 3 5    0.0241475
2 3 6   -0.0200526
3 3 4    0.00259228
3 3 5    0.00214181
3 3 6   -0.00412619
4 3 4   -0.0212659
4 3 5   -0.0199692
4 3 6    0.0118764
;

f11 = 6.19618

f12 = 8.42294

f13 = 2.67072

f21 = 6.18422

f22 = 10.7897

f23 = -5.64685

f31 = 5.1033

f32 = 6.45178

f33 = -0.84651

