solve_message = ' \
Ipopt 3.9.1: Optimal Solution Found'

Solve time:
_solve_time = 5.28843

Objective:
torque = 3.42134

cnh1 = 0.653309

cnh2 = 0.480177

cnh3 = 0.938071

snh1 = -0.673193

snh2 = 0.805872

snh3 = -0.00488483

Hx = -0.0566039

Hy = 0.0578815

Hz = -0.0124495

cnf11 = 0.937603

cnf21 = 0.81646

cnf31 = 0.620891

cnf12 = 0.937603

cnf22 = 0.816161

cnf32 = 0.620781

cnt1 = 0.440186

cnt2 = 0.411537

snf11 = 0

snf21 = 0.462138

snf31 = 0.773637

snf12 = 0

snf22 = 0.462473

snf32 = 0.773705

snt1 = 0.96345

snt2 = 0.935453

p :=
1 1    0.0022799
1 2   -0.0296165
1 3   -0.0611161
2 1    0.0294973
2 2   -0.00296871
2 3   -0.061168
3 1   -0.0154394
3 2    0.0161569
3 3    0.0637151
;

mf :=
1 1   -0.213237
1 2    0.185883
1 3    0.761432
2 1   -0.178844
2 2    0.220093
2 3    0.761034
;

mt [*] :=
1  -0.104458
2   0.102899
3  -0.975727
;

phi :=
1 1   0.0661917
1 2   0.0677779
1 3   0.10078
2 1   0.0337829
2 2   0.0360399
2 3   0.0486579
3 1   0.0660637
3 2   0.0676534
3 3   0.100557
4 1   0.119216
4 2   0.118728
4 3   0.208923
;

l [*,1,*]
:       1           2          3        :=
1   -0.213286    0.185186   0.76161
2   -0.151779    1.06097    0.538325
3   -0.21309     0.187974   0.760899
4   -0.274694   -0.689201   0.984538

 [*,2,*]
:       1            2          3        :=
1   -0.178909     0.219405   0.761243
2   -0.0976829    1.08392    0.498886
3   -0.17865      0.222156   0.760408
4   -0.260005    -0.643734   1.02318

 [*,3,*]
:       1           2           3        :=
1   -0.103658   0.102883    -0.975866
2   -1.1098     0.123726    -0.800858
3   -0.10686    0.102949    -0.975309
4    0.900877   0.0820727   -1.15059
;

W[i,j,k] :=
1 1 1   -0.213286
1 1 2    0.185186
1 1 3    0.76161
2 1 1   -0.151779
2 1 2    1.06097
2 1 3    0.538325
3 1 1   -0.21309
3 1 2    0.187974
3 1 3    0.760899
4 1 1   -0.274694
4 1 2   -0.689201
4 1 3    0.984538
;

W[i,j,k] :=
1 1 4   -0.0112384
1 1 5    0.0112988
1 1 6   -0.00589457
2 1 4    0.048899
2 1 5    0.0080488
2 1 6   -0.00207625
3 1 4   -0.011047
3 1 5    0.0112884
3 1 6   -0.00588242
4 1 4   -0.0712798
4 1 5    0.0145436
4 1 6   -0.0097068
;

W[i,j,k] :=
1 2 1   -0.178909
1 2 2    0.219405
1 2 3    0.761243
2 2 1   -0.0976829
2 2 2    1.08392
2 2 3    0.498886
3 2 1   -0.17865
3 2 2    0.222156
3 2 3    0.760408
4 2 1   -0.260005
4 2 2   -0.643734
4 2 3    1.02318
;

W[i,j,k] :=
1 2 4    0.0111606
1 2 5   -0.0115111
1 2 6    0.00594072
2 2 4    0.0648203
2 2 5   -0.00874072
2 2 6    0.0316828
3 2 4    0.0113314
3 2 5   -0.0115023
3 2 6    0.00602265
4 2 4   -0.0424135
4 2 5   -0.0142771
4 2 6   -0.0197603
;

W[i,j,k] :=
1 3 1   -0.103658
1 3 2    0.102883
1 3 3   -0.975866
2 3 1   -1.1098
2 3 2    0.123726
2 3 3   -0.800858
3 3 1   -0.10686
3 3 2    0.102949
3 3 3   -0.975309
4 3 1    0.900877
4 3 2    0.0820727
4 3 3   -1.15059
;

W[i,j,k] :=
1 3 4   -0.0223222
1 3 5   -0.0216714
1 3 6    8.63382e-05
2 3 4   -0.0208226
2 3 5   -0.0830756
2 3 6    0.0160207
3 3 4   -0.0223174
3 3 5   -0.0218668
3 3 6    0.000137054
4 3 4   -0.0238194
4 3 5    0.0396349
4 3 6   -0.0158226
;

f11 = 3.86429

f12 = 7.02222

f13 = -4.09227

f21 = -3.7844

f22 = 4.82139

f23 = 0.821969

f31 = 7.00137

f32 = 11.5947

f33 = -2.9052

