solve_message = ' \
Ipopt 3.9.1: Optimal Solution Found'

Solve time:
_solve_time = 8.90766

Objective:
torque = 3.64537

cnh1 = 0.236419

cnh2 = -0.935818

cnh3 = -0.215744

snh1 = 0.907803

snh2 = 0.0651542

snh3 = 0.912937

Hx = -0.0711886

Hy = 0.014662

Hz = -0.0287656

cnf11 = 0.270777

cnf21 = 0.591393

cnf31 = 0.527439

cnf12 = 0.270777

cnf22 = 0.471096

cnf32 = 0.424865

cnt1 = 0.460051

cnt2 = 0.427234

snf11 = 0.898154

snf21 = 0.728185

snf31 = 0.836311

snf12 = 0.898154

snf22 = 0.948719

snf32 = 0.926841

snt1 = 0.943221

snt2 = 0.922006

p :=
1 1   -0.0161548
1 2   -0.0233552
1 3    0.0644491
2 1    0.0268915
2 2   -0.0186568
2 3   -0.0601428
3 1    0.0243564
3 2    0.0243564
3 3   -0.00495783
;

mf :=
1 1   -0.0269113
1 2    0.272392
1 3   -0.7187
2 1   -0.668618
2 2    0.346159
2 3    0.522029
;

mt [*] :=
1  -0.738613
2  -0.548823
3  -0.18979
;

phi :=
1 1   0.0714698
1 2   0.0483227
1 3   0.0411577
2 1   0.00911494
2 2   0
2 3   0.000265443
3 1   0.0711584
3 2   0.0480426
3 3   0.0409746
4 1   0.299668
4 2   0.264814
4 3   0.138654
;

l [*,1,*]
:       1            2           3        :=
1   -0.0263119    0.272794   -0.718544
2   -0.77968     -0.231992   -0.914338
3   -0.0287097    0.271187   -0.719167
4    0.725855     0.776774   -0.523063

 [*,2,*]
:       1           2           3        :=
1   -0.668395    0.345649    0.522586
2   -0.948795    0.987258   -0.17835
3   -0.669288    0.347691    0.520355
4   -0.388443   -0.294937    1.2224

 [*,3,*]
:       1           2            3        :=
1   -0.738139   -0.549306    -0.190256
2   -1.33362     0.0575122    0.395169
3   -0.740034   -0.547374    -0.188393
4   -0.14361    -1.15516     -0.774747
;

W[i,j,k] :=
1 1 1   -0.0263119
1 1 2    0.272794
1 1 3   -0.718544
2 1 1   -0.77968
2 1 2   -0.231992
2 1 3   -0.914338
3 1 1   -0.0287097
3 1 2    0.271187
3 1 3   -0.719167
4 1 1    0.725855
4 1 2    0.776774
4 1 3   -0.523063
;

W[i,j,k] :=
1 1 4   -0.000799585
1 1 5   -0.0133037
1 1 6   -0.00502144
2 1 4    0.0363062
2 1 5   -0.0650206
2 1 6   -0.0144618
3 1 4   -0.000681486
3 1 5   -0.0134683
3 1 6   -0.00505149
4 1 4   -0.0378462
4 1 5    0.0383307
4 1 6    0.00440387
;

W[i,j,k] :=
1 2 1   -0.668395
1 2 2    0.345649
1 2 3    0.522586
2 2 1   -0.948795
2 2 2    0.987258
2 2 3   -0.17835
3 2 1   -0.669288
3 2 2    0.347691
3 2 3    0.520355
4 2 1   -0.388443
4 2 2   -0.294937
4 2 3    1.2224
;

W[i,j,k] :=
1 2 4    0.0110385
1 2 5    0.026146
1 2 6   -0.00317509
2 2 4    0.0627039
2 2 5    0.0618593
2 2 6    0.00884739
3 2 4    0.0112029
3 2 5    0.0262597
3 2 6   -0.00313683
4 2 4   -0.0405445
4 2 5   -0.00951023
4 2 6   -0.0151784
;

W[i,j,k] :=
1 3 1   -0.738139
1 3 2   -0.549306
1 3 3   -0.190256
2 3 1   -1.33362
2 3 2    0.0575122
2 3 3    0.395169
3 3 1   -0.740034
3 3 2   -0.547374
3 3 3   -0.188393
4 3 1   -0.14361
4 3 2   -1.15516
4 3 3   -0.774747
;

W[i,j,k] :=
1 3 4   -0.00735732
1 3 5    0.00829352
1 3 6    0.00459931
2 3 4    0.00991004
2 3 5   -0.00301305
2 3 6    0.0338829
3 3 4   -0.00730236
3 3 5    0.00825754
3 3 6    0.00469251
4 3 4   -0.0245971
4 3 5    0.0195821
4 3 6   -0.0246376
;

f11 = 8.20316

f12 = 10.6883

f13 = -2.43741

f21 = 5.63311

f22 = 7.55915

f23 = 2.2267

f31 = -1.31872

f32 = 3.48144

f33 = -2.47751

