solve_message = ' \
Ipopt 3.9.1: Optimal Solution Found'

Solve time:
_solve_time = 38.891

Objective:
torque = 3.64537

cnh1 = -0.907773

cnh2 = -0.935813

cnh3 = -0.215727

snh1 = 0.236533

snh2 = 0.0652167

snh3 = 0.912941

Hx = -0.0146652

Hy = -0.0711844

Hz = -0.0287664

cnf11 = 0.270642

cnf21 = 0.591395

cnf31 = 0.52744

cnf12 = 0.270642

cnf22 = 0.471053

cnf32 = 0.424847

cnt1 = 0.460031

cnt2 = 0.427297

snf11 = 0.898195

snf21 = 0.728184

snf31 = 0.83631

snf12 = 0.898195

snf22 = 0.948741

snf32 = 0.926852

snt1 = 0.943115

snt2 = 0.921932

p :=
1 1    0.0233568
1 2   -0.0161537
1 3    0.0644488
2 1    0.0186574
2 2    0.0268912
2 3   -0.0601425
3 1   -0.0243564
3 2    0.0243564
3 3   -0.00495921
;

mf :=
1 1   -0.272341
1 2   -0.0268949
1 3   -0.718718
2 1   -0.346116
2 2   -0.668648
2 3    0.522031
;

mt [*] :=
1   0.548729
2  -0.738518
3  -0.18979
;

phi :=
1 1   0.0714863
1 2   0.0483138
1 3   0.0411928
2 1   0.00910536
2 2   0
2 3   0.000255533
3 1   0.0711748
3 2   0.0480338
3 3   0.0410095
4 1   0.299688
4 2   0.264843
4 3   0.138547
;

l [*,1,*]
:       1           2            3        :=
1   -0.272743   -0.0262954   -0.718563
2    0.231936   -0.779752    -0.914295
3   -0.271137   -0.0286935   -0.719186
4   -0.776617    0.725959    -0.523142

 [*,2,*]
:       1           2           3        :=
1   -0.345605   -0.668425    0.522589
2   -0.987367   -0.948707   -0.17825
3   -0.347647   -0.669317    0.520358
4    0.295133   -0.388591    1.22231

 [*,3,*]
:       1            2           3        :=
1    0.549212    -0.738044   -0.190256
2   -0.0575072   -1.33345     0.395211
3    0.547281    -0.739939   -0.188392
4    1.15496     -0.143584   -0.774788
;

W[i,j,k] :=
1 1 1   -0.272743
1 1 2   -0.0262954
1 1 3   -0.718563
2 1 1    0.231936
2 1 2   -0.779752
2 1 3   -0.914295
3 1 1   -0.271137
3 1 2   -0.0286935
3 1 3   -0.719186
4 1 1   -0.776617
4 1 2    0.725959
4 1 3   -0.523142
;

W[i,j,k] :=
1 1 4    0.0133022
1 1 5   -0.000794598
1 1 6   -0.00501999
2 1 4    0.0650233
2 1 5    0.036303
2 1 6   -0.0144659
3 1 4    0.0134668
3 1 5   -0.000676525
3 1 6   -0.00505005
4 1 4   -0.0383365
4 1 5   -0.0378331
4 1 6    0.00441085
;

W[i,j,k] :=
1 2 1   -0.345605
1 2 2   -0.668425
1 2 3    0.522589
2 2 1   -0.987367
2 2 2   -0.948707
2 2 3   -0.17825
3 2 1   -0.347647
3 2 2   -0.669317
3 2 3    0.520358
4 2 1    0.295133
4 2 2   -0.388591
4 2 3    1.22231
;

W[i,j,k] :=
1 2 4   -0.0261477
1 2 5    0.0110354
1 2 6   -0.00317732
2 2 4   -0.061851
2 2 5    0.0627084
2 2 6    0.00885113
3 2 4   -0.0262614
3 2 5    0.0111999
3 2 6   -0.00313904
4 2 4    0.00949861
4 2 5   -0.0405551
4 2 6   -0.0151866
;

W[i,j,k] :=
1 3 1    0.549212
1 3 2   -0.738044
1 3 3   -0.190256
2 3 1   -0.0575072
2 3 2   -1.33345
2 3 3    0.395211
3 3 1    0.547281
3 3 2   -0.739939
3 3 3   -0.188392
4 3 1    1.15496
4 3 2   -0.143584
4 3 3   -0.774788
;

W[i,j,k] :=
1 3 4   -0.00829406
1 3 5   -0.00735761
1 3 6    0.00459931
2 3 4    0.00301302
2 3 5    0.00991111
2 3 6    0.0338789
3 3 4   -0.00825808
3 3 5   -0.00730265
3 3 6    0.0046925
4 3 4   -0.0195831
4 3 5   -0.0245988
4 3 6   -0.0246335
;

f11 = 8.20278

f12 = 10.687

f13 = -2.43506

f21 = 5.63325

f22 = 7.55842

f23 = 2.22476

f31 = -1.31883

f32 = 3.48185

f33 = -2.47783

