solve_message = ' \
Ipopt 3.9.1: Optimal Solution Found'

Solve time:
_solve_time = 3.60362

Objective:
torque = 3.59844

cnh1 = -0.540444

cnh2 = -0.892552

cnh3 = -0.277811

snh1 = -0.766761

snh2 = -0.288707

snh3 = 0.896003

Hx = 0.0536435

Hy = -0.0282542

Hz = -0.0215307

cnf11 = 0.838373

cnf21 = 0.546952

cnf31 = 0.512289

cnf12 = 0.838373

cnf22 = 0.245291

cnf32 = 0.390192

cnt1 = 0.357766

cnt2 = 0.454681

snf11 = 0.42087

snf21 = 0.762131

snf31 = 0.844621

snf12 = 0.42087

snf22 = 0.964745

snf32 = 0.918214

snt1 = 0.867186

snt2 = 0.870644

p :=
1 1    0.0138762
1 2    0.0302933
1 3    0.0587814
2 1   -0.0092151
2 2    0.0331892
2 3   -0.0202044
3 1   -0.032318
3 2   -0.0147077
3 3   -0.00934927
;

mf :=
1 1   -0.105484
1 2   -0.517724
1 3   -0.583357
2 1    0.352306
2 2   -0.767476
2 3   -0.139041
;

mt [*] :=
1  0.773075
2  0.232611
3  0.0568864
;

phi :=
1 1   0.0366894
1 2   0.0129164
1 3   0.0774295
2 1   0
2 2   0
2 3   0.0103364
3 1   0.0364061
3 2   0.0127151
3 3   0.0770867
4 1   0.292062
4 2   0.156865
4 3   0.351962
;

l [*,1,*]
:       1           2           3        :=
1   -0.106071   -0.517963   -0.583007
2    0.632444   -0.217639   -1.02334
3   -0.103721   -0.517007   -0.584408
4   -0.843408   -0.817808   -0.143372

 [*,2,*]
:       1            2           3        :=
1    0.352006    -0.767679   -0.138394
2    0.72849     -0.512264   -0.951732
3    0.353204    -0.766866   -0.140983
4   -0.0238772   -1.02269     0.673647

 [*,3,*]
:      1           2           3         :=
1   0.772882    0.233281    0.0565974
2   1.01544    -0.609173    0.419854
3   0.773654    0.2306      0.0577536
4   0.530708    1.07439    -0.30608
;

W[i,j,k] :=
1 1 1   -0.106071
1 1 2   -0.517963
1 1 3   -0.583007
2 1 1    0.632444
2 1 2   -0.217639
2 1 3   -1.02334
3 1 1   -0.103721
3 1 2   -0.517007
3 1 3   -0.584408
4 1 1   -0.843408
4 1 2   -0.817808
4 1 3   -0.143372
;

W[i,j,k] :=
1 1 4    0.0127854
1 1 5    0.00185492
1 1 6   -0.00397413
2 1 4   -0.0182073
2 1 5    0.0513761
2 1 6   -0.0221788
3 1 4    0.0126868
3 1 5    0.00201253
3 1 6   -0.00403207
4 1 4    0.0437287
4 1 5   -0.0475872
4 1 6    0.0142015
;

W[i,j,k] :=
1 2 1    0.352006
1 2 2   -0.767679
1 2 3   -0.138394
2 2 1    0.72849
2 2 2   -0.512264
2 2 3   -0.951732
3 2 1    0.353204
3 2 2   -0.766866
3 2 3   -0.140983
4 2 1   -0.0238772
4 2 2   -1.02269
4 2 3    0.673647
;

W[i,j,k] :=
1 2 4   -0.0201037
1 2 5   -0.0083874
1 2 6   -0.00460859
2 2 4   -0.0419373
2 2 5   -0.023489
2 2 6   -0.0194575
3 2 4   -0.0201732
3 2 5   -0.00843547
3 2 6   -0.00465585
4 2 4    0.00169497
4 2 5    0.00669013
4 2 6    0.0102166
;

W[i,j,k] :=
1 3 1    0.772882
1 3 2    0.233281
1 3 3    0.0565974
2 3 1    1.01544
2 3 2   -0.609173
2 3 3    0.419854
3 3 1    0.773654
3 3 2    0.2306
3 3 3    0.0577536
4 3 1    0.530708
4 3 2    1.07439
4 3 3   -0.30608
;

W[i,j,k] :=
1 3 4    0.00134859
1 3 5   -0.00539677
1 3 6    0.0038281
2 3 4   -0.0118704
2 3 5    0.0040752
2 3 6    0.034622
3 3 4    0.00130652
3 3 5   -0.00536663
3 3 6    0.00392611
4 3 4    0.0145465
4 3 5   -0.0148536
4 3 6   -0.0269167
;

f11 = 7.89233

f12 = 10.1536

f13 = -1.95255

f21 = 0.349936

f22 = 0

f23 = 0.0628074

f31 = 4.75959

f32 = 10.5189

f33 = -6.94838

