solve_message = ' \
Ipopt 3.9.1: Converged to a locally infeasible point. Problem may be infeasible.'

Solve time:
_solve_time = 31.8398

Objective:
torque = 4.61525

cnh1 = 0.363443

cnh2 = 0.937981

cnh3 = 0.00441256

snh1 = 0.183112

snh2 = -0.0138607

snh3 = 0.938073

Hx = -0.00662127

Hy = 0.0564625

Hz = -0.0548351

cnf11 = 0.938079

cnf21 = -0.0803863

cnf31 = 0.371253

cnf12 = 0.938079

cnf22 = -0.0778739

cnf32 = 0.371547

cnt1 = 0.766

cnt2 = 0.620813

snf11 = 0

snf21 = 0.93479

snf31 = 0.861494

snf12 = 0

snf22 = 0.934845

snf32 = 0.861823

snt1 = 0.479668

snt2 = 0.782362

p :=
1 1    0.00396332
1 2    0.031075
1 3   -0.0591163
2 1    0.00377632
2 2    0.0311096
2 3   -0.0590976
3 1   -0.0316845
3 2    0.00784899
3 3   -0.0560936
;

mf :=
1 1   -0.232271
1 2    0.239988
1 3   -0.00771736
2 1   -0.232962
2 2    0.239406
2 3   -0.0064435
;

mt [*] :=
1  0.360369
2  0.112162
3  0.0141904
;

phi :=
1 1   0.0585499
1 2   0.0588395
1 3   0.0957825
2 1   0.0171166
2 2   0.0168859
2 3   0.0311953
3 1   0.0583785
3 2   0.0586646
3 3   0.0954896
4 1   0.135018
4 2   0.140019
4 3   0.253933
;

l [*,1,*]
:       1            2            3         :=
1   -0.232406    0.239843    -0.00825061
2   -0.0616629   0.422457     0.661909
3   -0.231863    0.240424    -0.00611764
4   -0.402878    0.0575195   -0.677341

 [*,2,*]
:       1            2            3         :=
1   -0.233099    0.239259    -0.00697429
2   -0.0613634   0.423199     0.660108
3   -0.232552    0.239845    -0.00485112
4   -0.40456     0.0556125   -0.672992

 [*,3,*]
:      1           2           3         :=
1   0.360437    0.111932    0.014752
2   0.275065    0.401114   -0.691153
3   0.360165    0.112852    0.0125053
4   0.445673   -0.176789    0.719531
;

W[i,j,k] :=
1 1 1   -0.232406
1 1 2    0.239843
1 1 3   -0.00825061
2 1 1   -0.0616629
2 1 2    0.422457
2 1 3    0.661909
3 1 1   -0.231863
3 1 2    0.240424
3 1 3   -0.00611764
4 1 1   -0.402878
4 1 2    0.0575195
4 1 3   -0.677341
;

W[i,j,k] :=
1 1 4    0.0139222
1 1 5    0.0137717
1 1 6    0.00817261
2 1 4    0.0455429
2 1 5    0.00102192
2 1 6    0.00359051
3 1 4    0.0140229
3 1 5    0.0137311
3 1 6    0.00815802
4 1 4   -0.017648
4 1 5    0.0265012
4 1 6    0.0127474
;

W[i,j,k] :=
1 2 1   -0.233099
1 2 2    0.239259
1 2 3   -0.00697429
2 2 1   -0.0613634
2 2 2    0.423199
2 2 3    0.660108
3 2 1   -0.232552
3 2 2    0.239845
3 2 3   -0.00485112
4 2 1   -0.40456
4 2 2    0.0556125
4 2 3   -0.672992
;

W[i,j,k] :=
1 2 4    0.0139227
1 2 5    0.0138019
1 2 6    0.00815513
2 2 4    0.0455458
2 2 5    0.00113365
2 2 6    0.00350713
3 2 4    0.0140233
3 2 5    0.0137616
3 2 6    0.00814033
4 2 4   -0.01765
4 2 5    0.02645
4 2 6    0.0127957
;

W[i,j,k] :=
1 3 1    0.360437
1 3 2    0.111932
1 3 3    0.014752
2 3 1    0.275065
2 3 2    0.401114
2 3 3   -0.691153
3 3 1    0.360165
3 3 2    0.112852
3 3 3    0.0125053
4 3 1    0.445673
4 3 2   -0.176789
4 3 3    0.719531
;

W[i,j,k] :=
1 3 4    0.00639445
1 3 5   -0.0197508
1 3 6   -0.00637557
2 3 4    0.0170751
2 3 5   -0.0373282
2 3 6   -0.0148681
3 3 4    0.00642844
3 3 5   -0.0198067
3 3 6   -0.0064026
4 3 4   -0.00426915
4 3 5   -0.00220141
4 3 6    0.0021034
;

f11 = 4.28685

f12 = 10.9485

f13 = 2.34821

f21 = 2.67002

f22 = 3.66854

f23 = -1.22153

f31 = 9.32977

f32 = 11.7331

f33 = 0.9839

