solve_message = ' \
Ipopt 3.9.1: Converged to a locally infeasible point. Problem may be infeasible.'

Solve time:
_solve_time = 60.7624

Objective:
torque = 9.24872

cnh1 = 0.550825

cnh2 = -0.68294

cnh3 = 0.0586281

snh1 = -0.759337

snh2 = -0.643112

snh3 = -0.936249

Hx = -0.0506743

Hy = -0.0418564

Hz = -0.0306276

cnf11 = 0.535646

cnf21 = 0.291589

cnf31 = 0.366653

cnf12 = 0.535646

cnf22 = 0.750444

cnf32 = 0.58928

cnt1 = 0.419317

cnt2 = 0.412155

snf11 = 0.770119

snf21 = 0.992365

snf31 = 0.954404

snf12 = 0.770119

snf22 = 0.56288

snf32 = 0.797012

snt1 = 0.959771

snt2 = 0.930544

p :=
1 1    0.00369291
1 2    0.0331213
1 3   -0.0532952
2 1    0.0272377
2 2   -0.0101406
2 3    0.0641129
3 1    0.033791
3 2   -0.00316158
3 3   -0.0568076
;

mf :=
1 1   -0.264452
1 2   -0.845862
1 3    0.128638
2 1   -0.0864281
2 2    0.0425017
2 3   -0.777895
;

mt [*] :=
1  -0.792702
2   0.015404
3   0.534176
;

phi :=
1 1   0.00779571
1 2   0.364378
1 3   0
2 1   0.139178
2 2   0.0322129
2 3   0
3 1   0
3 2   0.364172
3 3   0
4 1   0.00483995
4 2   0
4 3   0.380601
;

l [*,1,*]
:       1           2           3        :=
1   -0.263851   -0.846072    0.128167
2   -1.01973    -0.581421    0.719982
3   -0.266257   -0.84523     0.13005
4    0.490823   -1.1103     -0.462704

 [*,2,*]
:       1            2            3        :=
1   -0.0863326    0.0432238   -0.777825
2   -0.206387    -0.864232    -0.86605
3   -0.0867147    0.0403356   -0.778106
4    0.0335306    0.949232    -0.68974

 [*,3,*]
:       1           2            3        :=
1   -0.792289    0.0156437    0.534858
2   -1.31072    -0.285666    -0.322755
3   -0.793939    0.0146847    0.532128
4   -0.274685    0.316472     1.3911
;

W[i,j,k] :=
1 1 1   -0.263851
1 1 2   -0.846072
1 1 3    0.128167
2 1 1   -1.01973
2 1 2   -0.581421
2 1 3    0.719982
3 1 1   -0.266257
3 1 2   -0.84523
3 1 3    0.13005
4 1 1    0.490823
4 1 2   -1.1103
4 1 3   -0.462704
;

W[i,j,k] :=
1 1 4   -0.0408465
1 1 5    0.0135887
1 1 6    0.00561461
2 1 4   -0.00714018
2 1 5    0.0516879
2 1 6    0.0316277
3 1 4   -0.0407393
3 1 5    0.0137099
3 1 6    0.0056974
4 1 4   -0.0744991
4 1 5   -0.0244498
4 1 6   -0.0203569
;

W[i,j,k] :=
1 2 1   -0.0863326
1 2 2    0.0432238
1 2 3   -0.777825
2 2 1   -0.206387
2 2 2   -0.864232
2 2 3   -0.86605
3 2 1   -0.0867147
3 2 2    0.0403356
3 2 3   -0.778106
4 2 1    0.0335306
4 2 2    0.949232
4 2 3   -0.68974
;

W[i,j,k] :=
1 2 4    0.00511644
1 2 5    0.0156511
1 2 6    0.00030185
2 2 4    0.0641907
2 2 5    0.0103572
2 2 6   -0.0256326
3 2 4    0.00530446
3 2 5    0.0156343
3 2 6    0.000219306
4 2 4   -0.0538636
4 2 5    0.0209367
4 2 6    0.026195
;

W[i,j,k] :=
1 3 1   -0.792289
1 3 2    0.0156437
1 3 3    0.534858
2 3 1   -1.31072
2 3 2   -0.285666
2 3 3   -0.322755
3 3 1   -0.793939
3 3 2    0.0146847
3 3 3    0.532128
4 3 1   -0.274685
4 3 2    0.316472
4 3 3    1.3911
;

W[i,j,k] :=
1 3 4   -0.000802312
1 3 5    0.0269346
1 3 6   -0.00197627
2 3 4   -0.0152076
2 3 5    0.0853651
2 3 6   -0.0137969
3 3 4   -0.00084816
3 3 5    0.0271206
3 3 6   -0.00201389
4 3 4    0.01358
4 3 5   -0.0314026
4 3 6    0.00982548
;

f11 = 12.4769

f12 = 15

f13 = 4.31331

f21 = 3.94351

f22 = 15

f23 = -1.2275

f31 = 13.1926

f32 = 15

f33 = -0.562021

