solve_message = ' \
Ipopt 3.9.1: Converged to a locally infeasible point. Problem may be infeasible.'

Solve time:
_solve_time = 6.58324

Objective:
torque = 3.57227

cnh1 = -0.420273

cnh2 = 0.876319

cnh3 = -0.8103

snh1 = -0.838672

snh2 = -0.33476

snh3 = 0.472667

Hx = 0.0466232

Hy = 0.00596131

Hz = 0.10659

cnf11 = 0.932738

cnf21 = 0.600753

cnf31 = 0.530724

cnf12 = 0.932738

cnf22 = 0.460014

cnf32 = 0.484524

cnt1 = 0.370604

cnt2 = 0.458266

snf11 = 0

snf21 = 0.720483

snf31 = 0.834438

snf12 = 0

snf22 = 0.81755

snf32 = 0.858373

snt1 = 0.861773

snt2 = 0.869331

p :=
1 1   -0.015182
1 2   -0.0292725
1 3    0.0549051
2 1   -0.0258179
2 2   -0.0223394
2 3    0.0457536
3 1    0.0134856
3 2    0.0285554
3 3    0.0586728
;

mf :=
1 1    0.501858
1 2    0.572089
1 3   -0.11202
2 1    0.467652
2 2    0.593475
2 3    0.125823
;

mt [*] :=
1   0.0315956
2  -0.510317
3   0.651428
;

phi :=
1 1   0.0737981
1 2   0.0577387
1 3   0.100632
2 1   0.000454115
2 2   0.0189595
2 3   0
3 1   0.0735587
3 2   0.0576138
3 3   0.100249
4 1   0.151767
4 2   0.0972979
4 3   0.225355
;

l [*,1,*]
:      1          2           3        :=
1   0.501984   0.57186    -0.112709
2   0.343233   0.860251    0.752147
3   0.501479   0.572778   -0.109956
4   0.660482   0.283929   -0.976184

 [*,2,*]
:      1          2           3        :=
1   0.467869   0.59345     0.125116
2   0.195586   0.625318    1.01476
3   0.467002   0.593552    0.127947
4   0.739717   0.561633   -0.763114

 [*,3,*]
:       1            2          3        :=
1    0.0308359   -0.5103     0.651491
2    0.98556     -0.531749   0.572272
3    0.0338746   -0.510369   0.651239
4   -0.922365    -0.488885   0.730584
;

W[i,j,k] :=
1 1 1    0.501984
1 1 2    0.57186
1 1 3   -0.112709
2 1 1    0.343233
2 1 2    0.860251
2 1 3    0.752147
3 1 1    0.501479
3 1 2    0.572778
3 1 3   -0.109956
4 1 1    0.660482
4 1 2    0.283929
4 1 3   -0.976184
;

W[i,j,k] :=
1 1 4   -0.0280988
1 1 5    0.0258504
1 1 6    0.00601233
2 1 4   -0.0692494
2 1 5    0.0302644
2 1 6   -0.00301306
3 1 4   -0.0282298
3 1 5    0.0258644
3 1 6    0.0059836
4 1 4    0.0129861
4 1 5    0.0214434
4 1 6    0.0150233
;

W[i,j,k] :=
1 2 1    0.467869
1 2 2    0.59345
1 2 3    0.125116
2 2 1    0.195586
2 2 2    0.625318
2 2 3    1.01476
3 2 1    0.467002
3 2 2    0.593552
3 2 3    0.127947
4 2 1    0.739717
4 2 2    0.561633
4 2 3   -0.763114
;

W[i,j,k] :=
1 2 4   -0.0299475
1 2 5    0.0246369
1 2 6   -0.00486974
2 2 4   -0.0512797
2 2 5    0.0351478
2 2 6   -0.0117751
3 2 4   -0.0300154
3 2 5    0.0246703
3 2 6   -0.00489172
4 2 4   -0.0086492
4 2 5    0.0141427
4 2 6    0.00202464
;

W[i,j,k] :=
1 3 1    0.0308359
1 3 2   -0.5103
1 3 3    0.651491
2 3 1    0.98556
2 3 2   -0.531749
2 3 3    0.572272
3 3 1    0.0338746
3 3 2   -0.510369
3 3 3    0.651239
4 3 1   -0.922365
4 3 2   -0.488885
4 3 3    0.730584
;

W[i,j,k] :=
1 3 4    0.0485444
1 3 5   -0.00697655
1 3 6   -0.00776226
2 3 4    0.0475407
2 3 5    0.0501081
2 3 6   -0.0353141
3 3 4    0.0485412
3 3 5   -0.00679486
3 3 6   -0.00784995
4 3 4    0.0495464
4 3 5   -0.0639702
4 3 6    0.0197456
;

f11 = 3.32999

f12 = 11.2349

f13 = -0.317665

f21 = 0.355138

f22 = 0

f23 = -0.016646

f31 = 7.2624

f32 = 9.13418

f33 = 0.880236

