solve_message = ' \
Ipopt 3.9.1: Optimal Solution Found'

Solve time:
_solve_time = 56.3008

Objective:
torque = 3.64537

cnh1 = -0.236334

cnh2 = -0.935821

cnh3 = -0.215756

snh1 = -0.907825

snh2 = 0.0651083

snh3 = 0.912934

Hx = 0.0711916

Hy = -0.0146595

Hz = -0.0287649

cnf11 = 0.270875

cnf21 = 0.591392

cnf31 = 0.527439

cnf12 = 0.270875

cnf22 = 0.471128

cnf32 = 0.424878

cnt1 = 0.460066

cnt2 = 0.427187

snf11 = 0.898124

snf21 = 0.728186

snf31 = 0.836311

snf12 = 0.898124

snf22 = 0.948704

snf32 = 0.926832

snt1 = 0.943299

snt2 = 0.922061

p :=
1 1    0.0161554
1 2    0.0233539
1 3    0.0644494
2 1   -0.0268918
2 2    0.0186562
2 3   -0.060143
3 1   -0.0243564
3 2   -0.0243564
3 3   -0.00495682
;

mf :=
1 1    0.0269241
1 2   -0.272429
1 3   -0.718687
2 1    0.668597
2 2   -0.34619
2 3    0.522027
;

mt [*] :=
1   0.738682
2   0.548892
3  -0.18979
;

phi :=
1 1   0.0715246
1 2   0.0482935
1 3   0.0411852
2 1   0.00913622
2 2   0
2 3   0.000218692
3 1   0.0712131
3 2   0.0480134
3 3   0.0410017
4 1   0.299616
4 2   0.264874
4 3   0.138593
;

l [*,1,*]
:       1            2           3        :=
1    0.0263247   -0.27283    -0.718531
2    0.779628     0.232034   -0.914369
3    0.0287223   -0.271224   -0.719154
4   -0.725777    -0.77689    -0.523005

 [*,2,*]
:      1           2           3        :=
1   0.668374   -0.345679    0.522585
2   0.948861   -0.987177   -0.178423
3   0.669266   -0.347721    0.520354
4   0.388334    0.294795    1.22247

 [*,3,*]
:      1           2            3        :=
1   0.738209    0.549375    -0.190256
2   1.33374    -0.0575149    0.395139
3   0.740104    0.547444    -0.188393
4   0.143629    1.1553      -0.774718
;

W[i,j,k] :=
1 1 1    0.0263247
1 1 2   -0.27283
1 1 3   -0.718531
2 1 1    0.779628
2 1 2    0.232034
2 1 3   -0.914369
3 1 1    0.0287223
3 1 2   -0.271224
3 1 3   -0.719154
4 1 1   -0.725777
4 1 2   -0.77689
4 1 3   -0.523005
;

W[i,j,k] :=
1 1 4    0.00080326
1 1 5    0.0133048
1 1 6   -0.00502247
2 1 4   -0.0363086
2 1 5    0.0650186
2 1 6   -0.0144587
3 1 4    0.000685142
3 1 5    0.0134694
3 1 6   -0.00505251
4 1 4    0.0378559
4 1 5   -0.0383265
4 1 6    0.00439875
;

W[i,j,k] :=
1 2 1    0.668374
1 2 2   -0.345679
1 2 3    0.522585
2 2 1    0.948861
2 2 2   -0.987177
2 2 3   -0.178423
3 2 1    0.669266
3 2 2   -0.347721
3 2 3    0.520354
4 2 1    0.388334
4 2 2    0.294795
4 2 3    1.22247
;

W[i,j,k] :=
1 2 4   -0.0110407
1 2 5   -0.0261448
1 2 6   -0.00317341
2 2 4   -0.0627005
2 2 5   -0.0618654
2 2 6    0.00884477
3 2 4   -0.0112052
3 2 5   -0.0262585
3 2 6   -0.00313516
4 2 4    0.0405366
4 2 5    0.0095189
4 2 6   -0.0151724
;

W[i,j,k] :=
1 3 1    0.738209
1 3 2    0.549375
1 3 3   -0.190256
2 3 1    1.33374
2 3 2   -0.0575149
2 3 3    0.395139
3 3 1    0.740104
3 3 2    0.547444
3 3 3   -0.188393
4 3 1    0.143629
4 3 2    1.1553
4 3 3   -0.774718
;

W[i,j,k] :=
1 3 4    0.00735711
1 3 5   -0.00829312
1 3 6    0.00459931
2 3 4   -0.00990927
2 3 5    0.00301308
2 3 6    0.0338859
3 3 4    0.00730215
3 3 5   -0.00825714
3 3 6    0.00469252
4 3 4    0.0245959
4 3 5   -0.0195813
4 3 6   -0.0246406
;

f11 = 8.20344

f12 = 10.6892

f13 = -2.43913

f21 = 5.63301

f22 = 7.55969

f23 = 2.22811

f31 = -1.31865

f32 = 3.48113

f33 = -2.47727

