solve_message = ' \
Ipopt 3.9.1: Optimal Solution Found'

Solve time:
_solve_time = 4.24323

Objective:
torque = 3.41425

cnh1 = 0.705181

cnh2 = 0.481085

cnh3 = -0.937841

snh1 = 0.618644

snh2 = -0.805331

snh3 = -0.0213606

Hx = -0.0599398

Hy = -0.0543964

Hz = 0.0125793

cnf11 = 0.937574

cnf21 = 0.815739

cnf31 = 0.620559

cnf12 = 0.937574

cnf22 = 0.816936

cnf32 = 0.621042

cnt1 = 0.440659

cnt2 = 0.411747

snf11 = 0

snf21 = 0.463218

snf31 = 0.773878

snf12 = 0

snf22 = 0.461695

snf32 = 0.773552

snt1 = 0.963233

snt2 = 0.935314

p :=
1 1    0.0042352
1 2    0.029244
1 3    0.061253
2 1    0.0297759
2 2    0.00122224
2 3    0.0610268
3 1   -0.0173612
3 2   -0.0142357
3 3   -0.0637053
;

mf :=
1 1   -0.232304
1 2   -0.16664
1 3   -0.760064
2 1   -0.19738
2 2   -0.20237
2 3   -0.761714
;

mt [*] :=
1  -0.0993185
2  -0.106309
3   0.97594
;

phi :=
1 1   0.066143
1 2   0.067831
1 3   0.100827
2 1   0.0337644
2 2   0.0361011
2 3   0.0487363
3 1   0.0660151
3 2   0.0677066
3 3   0.100603
4 1   0.119093
4 2   0.118749
4 3   0.208803
;

l [*,1,*]
:       1           2           3        :=
1   -0.232315   -0.165939   -0.760236
2   -0.217915   -1.04716    -0.545268
3   -0.232269   -0.168743   -0.759551
4   -0.246692    0.713874   -0.97486

 [*,2,*]
:       1           2           3        :=
1   -0.197408   -0.201677   -0.761916
2   -0.162462   -1.07349    -0.508697
3   -0.197296   -0.204451   -0.76111
4   -0.232298    0.668751   -1.01473

 [*,3,*]
:       1            2           3        :=
1   -0.0985181   -0.106339    0.97607
2   -1.10449     -0.0691095   0.812541
3   -0.10172     -0.10622     0.97555
4    0.905852    -0.143509    1.13934
;

W[i,j,k] :=
1 1 1   -0.232315
1 1 2   -0.165939
1 1 3   -0.760236
2 1 1   -0.217915
2 1 2   -1.04716
2 1 3   -0.545268
3 1 1   -0.232269
3 1 2   -0.168743
3 1 3   -0.759551
4 1 1   -0.246692
4 1 2    0.713874
4 1 3   -0.97486
;

W[i,j,k] :=
1 1 4   -0.0120681
1 1 5   -0.0110103
1 1 6    0.00609104
2 1 4    0.0481958
2 1 5   -0.0110386
2 1 6    0.00193778
3 1 4   -0.0118763
3 1 5   -0.0110104
3 1 6    0.00607782
4 1 4   -0.0722358
4 1 5   -0.0109819
4 1 6    0.0102377
;

W[i,j,k] :=
1 2 1   -0.197408
1 2 2   -0.201677
1 2 3   -0.761916
2 2 1   -0.162462
2 2 2   -1.07349
2 2 3   -0.508697
3 2 1   -0.197296
3 2 2   -0.204451
3 2 3   -0.76111
4 2 1   -0.232298
4 2 2    0.668751
4 2 3   -1.01473
;

W[i,j,k] :=
1 2 4    0.0113764
1 2 5    0.0106396
1 2 6   -0.00576383
2 2 4    0.0648902
2 2 5    0.00523241
2 2 6   -0.0317657
3 2 4    0.0115467
3 2 5    0.0106224
3 2 6   -0.00584659
4 2 4   -0.042052
4 2 5    0.0160381
4 2 6    0.0201966
;

W[i,j,k] :=
1 3 1   -0.0985181
1 3 2   -0.106339
1 3 3    0.97607
2 3 1   -1.10449
2 3 2   -0.0691095
2 3 3    0.812541
3 3 1   -0.10172
3 3 2   -0.10622
3 3 3    0.97555
4 3 1    0.905852
4 3 2   -0.143509
4 3 3    1.13934
;

W[i,j,k] :=
1 3 4   -0.0206694
1 3 5    0.0232219
1 3 6    0.000443695
2 3 4   -0.0159697
2 3 5    0.0844688
2 3 6   -0.0145234
3 3 4   -0.0206544
3 3 5    0.0234168
3 3 6    0.000396058
4 3 4   -0.0253616
4 3 5   -0.0379273
4 3 6    0.0153869
;

f11 = -3.74347

f12 = 4.81715

f13 = -0.978557

f21 = 3.77709

f22 = 5.2402

f23 = 1.85143

f31 = 7.1742

f32 = 11.813

f33 = 1.05503

