solve_message = ' \
Ipopt 3.9.1: Optimal Solution Found'

Solve time:
_solve_time = 2.90162

Objective:
torque = 3.59844

cnh1 = 0.766742

cnh2 = -0.892553

cnh3 = -0.277819

snh1 = -0.54047

snh2 = -0.288702

snh3 = 0.896

Hx = 0.028256

Hy = 0.0536427

Hz = -0.021531

cnf11 = 0.838364

cnf21 = 0.546953

cnf31 = 0.512289

cnf12 = 0.838364

cnf22 = 0.245296

cnf32 = 0.390182

cnt1 = 0.357769

cnt2 = 0.454681

snf11 = 0.420887

snf21 = 0.76213

snf31 = 0.844621

snf12 = 0.420887

snf22 = 0.96476

snf32 = 0.918227

snt1 = 0.867187

snt2 = 0.870644

p :=
1 1   -0.0302921
1 2    0.0138781
1 3    0.0587823
2 1   -0.0331892
2 2   -0.00921528
2 3   -0.020204
3 1    0.0147067
3 2   -0.0323184
3 3   -0.00934868
;

mf :=
1 1    0.51771
1 2   -0.105505
1 3   -0.583366
2 1    0.767501
2 2    0.352301
2 3   -0.139041
;

mt [*] :=
1  -0.232588
2   0.773085
3   0.0568788
;

phi :=
1 1   0.0368556
1 2   0.0124745
1 3   0.0780972
2 1   0
2 2   0
2 3   0.0108909
3 1   0.0365719
3 2   0.012274
3 3   0.0777543
4 1   0.292765
4 2   0.155842
4 3   0.351038
;

l [*,1,*]
:      1           2           3        :=
1   0.517949   -0.106093   -0.583015
2   0.217646    0.632433   -1.02335
3   0.516993   -0.103742   -0.584417
4   0.817773   -0.843441   -0.143384

 [*,2,*]
:      1           2            3        :=
1   0.767704    0.352001    -0.138394
2   0.512299    0.728486    -0.951748
3   0.766891    0.3532      -0.140983
4   1.0227     -0.0238823    0.673662

 [*,3,*]
:       1          2           3         :=
1   -0.233258   0.772892    0.0565898
2    0.609205   1.01543     0.419843
3   -0.230577   0.773664    0.0577459
4   -1.07438    0.530739   -0.306084
;

W[i,j,k] :=
1 1 1    0.517949
1 1 2   -0.106093
1 1 3   -0.583015
2 1 1    0.217646
2 1 2    0.632433
2 1 3   -1.02335
3 1 1    0.516993
3 1 2   -0.103742
3 1 3   -0.584417
4 1 1    0.817773
4 1 2   -0.843441
4 1 3   -0.143384
;

W[i,j,k] :=
1 1 4   -0.00185477
1 1 5    0.0127855
1 1 6   -0.00397437
2 1 4   -0.051378
2 1 5   -0.0182057
2 1 6   -0.0221782
3 1 4   -0.00201239
3 1 5    0.0126868
3 1 6   -0.00403231
4 1 4    0.0475895
4 1 5    0.0437272
4 1 6    0.0142004
;

W[i,j,k] :=
1 2 1    0.767704
1 2 2    0.352001
1 2 3   -0.138394
2 2 1    0.512299
2 2 2    0.728486
2 2 3   -0.951748
3 2 1    0.766891
3 2 2    0.3532
3 2 3   -0.140983
4 2 1    1.0227
4 2 2   -0.0238823
4 2 3    0.673662
;

W[i,j,k] :=
1 2 4    0.00838719
1 2 5   -0.0201039
1 2 6   -0.00460805
2 2 4    0.0234889
2 2 5   -0.0419382
2 2 6   -0.0194569
3 2 4    0.00843525
3 2 5   -0.0201734
3 2 6   -0.00465531
4 2 4   -0.00669049
4 2 5    0.00169555
4 2 6    0.0102171
;

W[i,j,k] :=
1 3 1   -0.233258
1 3 2    0.772892
1 3 3    0.0565898
2 3 1    0.609205
2 3 2    1.01543
2 3 3    0.419843
3 3 1   -0.230577
3 3 2    0.773664
3 3 3    0.0577459
4 3 1   -1.07438
4 3 2    0.530739
4 3 3   -0.306084
;

W[i,j,k] :=
1 3 4    0.00539662
1 3 5    0.0013484
1 3 6    0.0038281
2 3 4   -0.00407576
2 3 5   -0.0118698
2 3 6    0.0346221
3 3 4    0.00536648
3 3 5    0.00130633
3 3 6    0.00392611
4 3 4    0.0148539
4 3 5    0.0145455
4 3 6   -0.0269168
;

f11 = 7.89236

f12 = 10.1536

f13 = -1.95238

f21 = 0.349935

f22 = 0

f23 = 0.0628124

f31 = 4.75947

f32 = 10.5188

f33 = -6.94843

