solve_message = ' \
Ipopt 3.9.1: Converged to a locally infeasible point. Problem may be infeasible.'

Solve time:
_solve_time = 6.06844

Objective:
torque = 7.50348

cnh1 = 0.317933

cnh2 = 0.922522

cnh3 = -0.4271

snh1 = 0.882564

snh2 = 0.170157

snh3 = 0.835216

Hx = -0.0486075

Hy = 0.0302716

Hz = 0.0256571

cnf11 = 0.820089

cnf21 = 0.421964

cnf31 = 0.473074

cnf12 = 0.820089

cnf22 = 0.197614

cnf32 = 0.373635

cnt1 = 0.445266

cnt2 = 0.436926

snf11 = 0.628561

snf21 = 0.837822

snf31 = 0.863425

snf12 = 0.628561

snf22 = 0.97798

snf32 = 0.926025

snt1 = 0.923769

snt2 = 0.908278

p :=
1 1    0.00700216
1 2    0.0303807
1 3   -0.059357
2 1    0.0333321
2 2    0.00868566
2 3    0.0136399
3 1    0.0128858
3 2   -0.0330866
3 3   -0.00794027
;

mf :=
1 1   -0.355124
1 2   -0.340187
1 3    0.68093
2 1   -0.871344
2 2   -0.0883704
2 3    0.138666
;

mt [*] :=
1  -0.223184
2   0.870373
3   0.116441
;

phi :=
1 1   0.0387273
1 2   0.0441455
1 3   0.013854
2 1   0
2 2   0
2 3   0
3 1   0.0384021
3 2   0.0438346
3 3   0.0135106
4 1   0.23423
4 2   0.273236
4 3   0.453745
;

l [*,1,*]
:       1           2          3        :=
1   -0.355108   -0.340892   0.680613
2   -0.375605    0.545565   1.07924
3   -0.355173   -0.338071   0.681881
4   -0.334644   -1.22594    0.282623

 [*,2,*]
:       1           2            3        :=
1   -0.871466   -0.0885045    0.137875
2   -0.718521    0.0800418    1.13202
3   -0.870979   -0.0879681    0.141039
4   -1.02417    -0.256782    -0.85468

 [*,3,*]
:       1          2           3        :=
1   -0.222427   0.870531    0.116659
2   -1.17368    0.671993   -0.15753
3   -0.225454   0.8699      0.115786
4    0.727307   1.06875     0.39041
;

W[i,j,k] :=
1 1 1   -0.355108
1 1 2   -0.340892
1 1 3    0.680613
2 1 1   -0.375605
2 1 2    0.545565
2 1 3    1.07924
3 1 1   -0.355173
3 1 2   -0.338071
3 1 3    0.681881
4 1 1   -0.334644
4 1 2   -1.22594
4 1 3    0.282623
;

W[i,j,k] :=
1 1 4    0.000443127
1 1 5    0.0163124
1 1 6    0.00840145
2 1 4    0.0651711
2 1 5    0.0147378
2 1 6    0.0152313
3 1 4    0.000649141
3 1 5    0.0163074
3 1 6    0.00842319
4 1 4   -0.0641816
4 1 5    0.0178845
4 1 6    0.00158251
;

W[i,j,k] :=
1 2 1   -0.871466
1 2 2   -0.0885045
1 2 3    0.137875
2 2 1   -0.718521
2 2 2    0.0800418
2 2 3    1.13202
3 2 1   -0.870979
3 2 2   -0.0879681
3 2 3    0.141039
4 2 1   -1.02417
4 2 2   -0.256782
4 2 3   -0.85468
;

W[i,j,k] :=
1 2 4    0.00240472
1 2 5   -0.0164823
1 2 6    0.00461921
2 2 4    0.00874054
2 2 5   -0.047533
2 2 6    0.00890879
3 2 4    0.00242489
3 2 5   -0.0165812
3 2 6    0.00463286
4 2 4   -0.00392098
4 2 5    0.0145188
4 2 6    0.000336475
;

W[i,j,k] :=
1 3 1   -0.222427
1 3 2    0.870531
1 3 3    0.116659
2 3 1   -1.17368
2 3 2    0.671993
2 3 3   -0.15753
3 3 1   -0.225454
3 3 2    0.8699
3 3 3    0.115786
4 3 1    0.727307
4 3 2    1.06875
4 3 3    0.39041
;

W[i,j,k] :=
1 3 4    0.00305242
1 3 5    0.000262889
1 3 6    0.00385815
2 3 4    0.0105479
2 3 5    0.0113492
2 3 6   -0.0301738
3 3 4    0.00307628
3 3 5    0.000298175
3 3 6    0.00374983
4 3 4   -0.00443113
4 3 5   -0.0108058
4 3 6    0.0378359
;

f11 = 11.9177

f12 = 15

f13 = 2.43255

f21 = 5.72226

f22 = 7.17424

f23 = -0.562478

f31 = 12.9443

f32 = 15

f33 = -2.60877

