solve_message = ' \
Ipopt 3.9.1: Converged to a locally infeasible point. Problem may be infeasible.'

Solve time:
_solve_time = 44.2419

Objective:
torque = 6.168

cnh1 = 0.417194

cnh2 = 0.815483

cnh3 = 0.576726

snh1 = 0.840208

snh2 = 0.463668

snh3 = -0.739856

Hx = 0.0494728

Hy = -0.0375283

Hz = -0.0219984

cnf11 = -0.0897747

cnf21 = 0.397832

cnf31 = 0.427513

cnf12 = -0.0897747

cnf22 = 0.336583

cnf32 = 0.448874

cnt1 = 0.596535

cnt2 = 0.474815

snf11 = 0.933778

snf21 = 0.93214

snf31 = 0.909101

snf12 = 0.933778

snf22 = 0.875621

snf32 = 0.872654

snt1 = 0.875298

snt2 = 0.895731

p :=
1 1    0.0238314
1 2    0.0166016
1 3    0.0616532
2 1   -0.0348502
2 2    0.00679894
2 3   -0.0119153
3 1   -0.0256503
3 2   -0.0201913
3 3    0.0560882
;

mf :=
1 1   -0.0768468
1 2   -0.348296
1 3   -0.778467
2 1    0.736191
2 2   -0.254171
2 3    0.0700112
;

mt [*] :=
1   0.578621
2   0.383783
3  -0.675982
;

phi :=
1 1   0
1 2   0.184801
1 3   0
2 1   0
2 2   0.0560567
2 3   0
3 1   0
3 2   0.184335
3 3   0
4 1   0.362019
4 2   0.290238
4 3   0.133432
;

l [*,1,*]
:       1            2           3        :=
1   -0.0775719   -0.34844    -0.778259
2    0.833621    -0.166614   -1.03968
3   -0.0746717   -0.347862   -0.779091
4   -0.987311    -0.529977   -0.517251

 [*,2,*]
:      1           2           3         :=
1   0.736375   -0.253492    0.0701104
2   0.504936   -1.10759    -0.0545643
3   0.735639   -0.25621     0.0697136
4   0.967445    0.599246    0.194586

 [*,3,*]
:       1           2           3        :=
1    0.578021    0.384294   -0.676229
2    1.3321     -0.257933   -0.364963
3    0.580421    0.38225    -0.675239
4   -0.174854    1.0255     -0.986999
;

W[i,j,k] :=
1 1 1   -0.0775719
1 1 2   -0.34844
1 1 3   -0.778259
2 1 1    0.833621
2 1 2   -0.166614
2 1 3   -1.03968
3 1 1   -0.0746717
3 1 2   -0.347862
3 1 3   -0.779091
4 1 1   -0.987311
4 1 2   -0.529977
4 1 3   -0.517251
;

W[i,j,k] :=
1 1 4    0.00856209
1 1 5    0.0137644
1 1 6   -0.007016
2 1 4   -0.00698816
2 1 5    0.0761725
2 1 6   -0.0178101
3 1 4    0.0085126
3 1 5    0.0139631
3 1 6   -0.00705035
4 1 4    0.0240875
4 1 5   -0.0485441
4 1 6    0.00376092
;

W[i,j,k] :=
1 2 1    0.736375
1 2 2   -0.253492
1 2 3    0.0701104
2 2 1    0.504936
2 2 2   -1.10759
2 2 3   -0.0545643
3 2 1    0.735639
3 2 2   -0.25621
3 2 3    0.0697136
4 2 1    0.967445
4 2 2    0.599246
4 2 3    0.194586
;

W[i,j,k] :=
1 2 4   -0.00254375
1 2 5   -0.00633077
1 2 6    0.00382767
2 2 4   -0.0135683
2 2 5   -0.00791805
2 2 6    0.0351668
3 2 4   -0.00257884
3 2 5   -0.00633583
3 2 6    0.00392742
4 2 4    0.00846317
4 2 5   -0.00474603
4 2 6   -0.0274615
;

W[i,j,k] :=
1 3 1    0.578021
1 3 2    0.384294
1 3 3   -0.676229
2 3 1    1.3321
2 3 2   -0.257933
2 3 3   -0.364963
3 3 1    0.580421
3 3 2    0.38225
3 3 3   -0.675239
4 3 1   -0.174854
4 3 2    1.0255
4 3 3   -0.986999
;

W[i,j,k] :=
1 3 4   -0.00790035
1 3 5    0.0150747
1 3 6    0.00181378
2 3 4    0.0218361
2 3 5    0.0653536
2 3 6    0.0335129
3 3 4   -0.00780571
3 3 5    0.0152347
3 3 6    0.00191468
4 3 4   -0.0375894
4 3 5   -0.035124
4 3 6   -0.0298348
;

f11 = 13.1624

f12 = 15

f13 = 1.05449

f21 = 11.653

f22 = 14.979

f23 = -2.81516

f31 = -0.579469

f32 = 0.76766

f33 = -0.401708

