solve_message = ' \
Ipopt 3.9.1: Optimal Solution Found'

Solve time:
_solve_time = 5.41323

Objective:
torque = 2.69367

cnh1 = 0.629334

cnh2 = -0.158305

cnh3 = 0.66901

snh1 = 0.695665

snh2 = 0.92463

snh3 = 0.821237

Hx = -0.0732602

Hy = 0.0160356

Hz = 0.0414777

cnf11 = 0.938029

cnf21 = 0.824176

cnf31 = 0.625054

cnf12 = 0.938029

cnf22 = 0.834141

cnf32 = 0.593769

cnt1 = 0.405356

cnt2 = 0.395126

snf11 = 0.0100631

snf21 = 0.448034

snf31 = 0.770368

snf12 = 0.0100631

snf22 = 0.573745

snf32 = 0.806857

snt1 = 0.978615

snt2 = 0.94661

p :=
1 1   -0.00882065
1 2   -0.0273135
1 3   -0.0620266
2 1    0.00601898
2 2    0.0218231
2 3   -0.063687
3 1    0.0297198
3 2    0.0104165
3 3    0.0588313
;

mf :=
1 1   0.248924
1 2   0.0885528
1 3   0.774374
2 1   0.125687
2 2   0.0922357
2 3   0.877115
;

mt [*] :=
1  -0.812761
2  -0.0185626
3  -0.631179
;

phi :=
1 1   0.0678432
1 2   0.0587845
1 3   0.0961627
2 1   0.0294938
2 2   0.0233906
2 3   0.0384525
3 1   0.0676852
3 2   0.0586397
3 3   0.0959028
4 1   0.138304
4 2   0.122507
4 3   0.235985
;

l [*,1,*]
:       1           2           3        :=
1    0.249467    0.0879236   0.774302
2   -0.432922    0.878686    0.864672
3    0.247295    0.0904404   0.77459
4    0.930767   -0.701578    0.684076

 [*,2,*]
:       1           2           3        :=
1    0.126297    0.09161     0.877101
2   -0.640745    0.878054    0.895371
3    0.123856    0.0941131   0.877159
4    0.892117   -0.693579    0.858859

 [*,3,*]
:       1           2            3        :=
1   -0.81233    -0.018054    -0.631765
2   -1.3537     -0.657162     0.104857
3   -0.814053   -0.0200882   -0.629421
4   -0.271826    0.620035    -1.36721
;

W[i,j,k] :=
1 1 1    0.249467
1 1 2    0.0879236
1 1 3    0.774302
2 1 1   -0.432922
2 1 2    0.878686
2 1 3    0.864672
3 1 1    0.247295
3 1 2    0.0904404
3 1 3    0.77459
4 1 1    0.930767
4 1 2   -0.701578
4 1 3    0.684076
;

W[i,j,k] :=
1 1 4   -0.0156953
1 1 5   -0.00864376
1 1 6    0.00603826
2 1 4    0.0308848
2 1 5    0.0344796
2 1 6   -0.0195752
3 1 4   -0.015547
3 1 5   -0.00850651
3 1 6    0.00595674
4 1 4   -0.062201
4 1 5   -0.0516984
4 1 6    0.0316108
;

W[i,j,k] :=
1 2 1    0.126297
1 2 2    0.09161
1 2 3    0.877101
2 2 1   -0.640745
2 2 2    0.878054
2 2 3    0.895371
3 2 1    0.123856
3 2 2    0.0941131
3 2 3    0.877159
4 2 1    0.892117
4 2 2   -0.693579
4 2 3    0.858859
;

W[i,j,k] :=
1 2 4    0.0249754
1 2 5   -0.0133228
1 2 6   -0.00220481
2 2 4    0.0754604
2 2 5    0.0354179
2 2 6    0.0192681
3 2 4    0.0251361
3 2 5   -0.0131676
3 2 6   -0.00213647
4 2 4   -0.0254289
4 2 5   -0.0619856
4 2 6   -0.0236434
;

W[i,j,k] :=
1 3 1   -0.81233
1 3 2   -0.018054
1 3 3   -0.631765
2 3 1   -1.3537
2 3 2   -0.657162
2 3 3    0.104857
3 3 1   -0.814053
3 3 2   -0.0200882
3 3 3   -0.629421
4 3 1   -0.271826
4 3 2    0.620035
4 3 3   -1.36721
;

W[i,j,k] :=
1 3 4   -0.00551864
1 3 5   -0.0290145
1 3 6    0.00792507
2 3 4    0.039754
2 3 5   -0.0827561
2 3 6   -0.00542998
3 3 4   -0.00537455
3 3 5   -0.0291855
3 3 6    0.00788256
4 3 4   -0.050719
4 3 5    0.0246414
4 3 6    0.0212588
;

f11 = 3.14875

f12 = 4.00966

f13 = -0.703479

f21 = -1.8661

f22 = 2.32958

f23 = 0.333029

f31 = 5.76688

f32 = 9.71099

f33 = -0.310467

