solve_message = ' \
Ipopt 3.9.1: Optimal Solution Found'

Solve time:
_solve_time = 21.7621

Objective:
torque = 5.19342

cnh1 = 0.883495

cnh2 = 0.937153

cnh3 = 0.349974

snh1 = 0.315335

snh2 = -0.0417708

snh3 = 0.870355

Hx = -0.0139703

Hy = 0.0720284

Hz = -0.0305069

cnf11 = 0.0361609

cnf21 = 0.456328

cnf31 = 0.483396

cnf12 = 0.0361609

cnf22 = 0.493402

cnf32 = 0.494914

cnt1 = 0.518875

cnt2 = 0.444348

snf11 = 0.937386

snf21 = 0.819613

snf31 = 0.858888

snf12 = 0.937386

snf22 = 0.797844

snf32 = 0.853463

snt1 = 0.923455

snt2 = 0.914622

p :=
1 1    0.0226243
1 2   -0.0222459
1 3   -0.0583865
2 1    0.00153278
2 2    0.0221515
2 3    0.063728
3 1   -0.0248606
3 2   -0.0248606
3 3    0.00271368
;

mf :=
1 1   -0.255277
1 2    0.585457
1 3    0.442868
2 1   -0.0296754
2 2    0.101395
2 3   -0.768347
;

mt [*] :=
1   0.572081
2   0.736513
3  -0.164432
;

phi :=
1 1   0.048812
1 2   0.0946904
1 3   0.0186418
2 1   0
2 2   0.0299037
2 3   0
3 1   0.0484995
3 2   0.0943819
3 3   0.0185387
4 1   0.337755
4 2   0.287748
4 3   0.0630963
;

l [*,1,*]
:       1           2             3         :=
1   -0.255687    0.584968     0.443224
2    0.259825    1.19963     -0.00408026
3   -0.254046    0.586924     0.4418
4   -0.770377   -0.0287086    0.889815

 [*,2,*]
:       1            2           3        :=
1   -0.0290129    0.101082   -0.768384
2   -0.861626     0.494604   -0.722505
3   -0.0316629    0.102335   -0.768238
4    0.802272    -0.291813   -0.81419

 [*,3,*]
:       1          2           3        :=
1   0.572462    0.736383   -0.163711
2   0.0941827   0.900782   -1.06966
3   0.57094     0.736906   -0.166595
4   1.04998     0.572245    0.740793
;

W[i,j,k] :=
1 1 1   -0.255687
1 1 2    0.584968
1 1 3    0.443224
2 1 1    0.259825
2 1 2    1.19963
2 1 3   -0.00408026
3 1 1   -0.254046
3 1 2    0.586924
3 1 3    0.4418
4 1 1   -0.770377
4 1 2   -0.0287086
4 1 3    0.889815
;

W[i,j,k] :=
1 1 4    0.0242943
1 1 5    0.00490105
1 1 6    0.00754651
2 1 4    0.0701327
2 1 5   -0.015078
2 1 6    0.0329207
3 1 4    0.0244402
3 1 5    0.00483746
3 1 6    0.00762727
4 1 4   -0.0214709
4 1 5    0.0248482
4 1 6   -0.0177872
;

W[i,j,k] :=
1 2 1   -0.0290129
1 2 2    0.101082
1 2 3   -0.768384
2 2 1   -0.861626
2 2 2    0.494604
2 2 3   -0.722505
3 2 1   -0.0316629
3 2 2    0.102335
3 2 3   -0.768238
4 2 1    0.802272
4 2 2   -0.291813
4 2 3   -0.81419
;

W[i,j,k] :=
1 2 4   -0.0234626
1 2 5   -0.000671173
1 2 6    0.000797616
2 2 4   -0.0475247
2 2 5   -0.0538022
2 2 6    0.0198444
3 2 4   -0.0235392
3 2 5   -0.000840277
3 2 6    0.000858238
4 2 4    0.000561098
4 2 5    0.0523751
4 2 6   -0.0182188
;

W[i,j,k] :=
1 3 1    0.572462
1 3 2    0.736383
1 3 3   -0.163711
2 3 1    0.0941827
2 3 2    0.900782
2 3 3   -1.06966
3 3 1    0.57094
3 3 2    0.736906
3 3 3   -0.166595
4 3 1    1.04998
4 3 2    0.572245
4 3 3    0.740793
;

W[i,j,k] :=
1 3 4    0.00207166
1 3 5   -0.00251649
1 3 6   -0.00407517
2 3 4    0.024148
2 3 5   -0.0263368
2 3 6   -0.0200525
3 3 4    0.00214192
3 3 5   -0.0025923
3 3 6   -0.00412602
4 3 4   -0.0199694
4 3 5    0.0212658
4 3 6    0.0118767
;

f11 = 6.19626

f12 = 8.42299

f13 = 2.67063

f21 = 6.18422

f22 = 10.7897

f23 = -5.64674

f31 = 5.10317

f32 = 6.45162

f33 = -0.846517

