solve_message = ' \
Ipopt 3.9.1: Converged to a locally infeasible point. Problem may be infeasible.'

Solve time:
_solve_time = 58.8748

Objective:
torque = 5.91468

cnh1 = -0.746568

cnh2 = -0.887616

cnh3 = 0.594557

snh1 = -0.568011

snh2 = -0.303543

snh3 = -0.725605

Hx = -0.0287017

Hy = 0.0328498

Hz = 0.00855841

cnf11 = 0.86617

cnf21 = 0.28236

cnf31 = 0.385922

cnf12 = 0.86617

cnf22 = 0.147618

cnf32 = 0.403726

cnt1 = 0.425472

cnt2 = 0.474112

snf11 = 0.360207

snf21 = 0.974731

snf31 = 0.931018

snf12 = 0.360207

snf22 = 0.926396

snf32 = 0.88125

snt1 = 0.836046

snt2 = 0.862983

p :=
1 1    0.0299725
1 2    0.0115405
1 3   -0.0575421
2 1    0.0308405
2 2   -0.0153406
2 3   -0.0131305
3 1   -0.00782878
3 2   -0.0319329
3 3   -0.0552779
;

mf :=
1 1   -0.763618
1 2   -0.059337
1 3    0.401648
2 1   -0.734685
2 2    0.215558
2 3    0.149901
;

mt [*] :=
1  0.221725
2  0.613251
3  0.506075
;

phi :=
1 1   0.00822949
1 2   0.0193396
1 3   0.0363771
2 1   0
2 2   0
2 3   0
3 1   0.00796419
3 2   0.0190115
3 3   0.0360544
4 1   0.278731
4 2   0.235298
4 3   0.455844
;

l [*,1,*]
:       1           2            3        :=
1   -0.763903   -0.059644     0.400992
2   -0.405383    0.326118     1.22497
3   -0.762762   -0.0584162    0.403615
4   -1.12185    -0.444791    -0.421668

 [*,2,*]
:       1            2            3        :=
1   -0.73476     0.215735      0.149207
2   -0.640822   -0.00656639    1.02118
3   -0.734461    0.215028      0.151982
4   -0.828548    0.437682     -0.721377

 [*,3,*]
:       1           2          3        :=
1    0.222321   0.612842    0.50633
2   -0.52651    1.12708     0.186976
3    0.219937   0.614478    0.505313
4    0.969957   0.0994283   0.825173
;

W[i,j,k] :=
1 1 1   -0.763903
1 1 2   -0.059644
1 1 3    0.400992
2 1 1   -0.405383
2 1 2    0.326118
2 1 3    1.22497
3 1 1   -0.762762
3 1 2   -0.0584162
3 1 3    0.403615
4 1 1   -1.12185
4 1 2   -0.444791
4 1 3   -0.421668
;

W[i,j,k] :=
1 1 4    0.00119561
1 1 5    0.0319378
1 1 6    0.00702815
2 1 4    0.0329022
2 1 5   -0.0133887
2 1 6    0.0144529
3 1 4    0.00129653
3 1 5    0.0317936
3 1 6    0.00705178
4 1 4   -0.0304604
4 1 5    0.0771921
4 1 6   -0.000384755
;

W[i,j,k] :=
1 2 1   -0.73476
1 2 2    0.215735
1 2 3    0.149207
2 2 1   -0.640822
2 2 2   -0.00656639
2 2 3    1.02118
3 2 1   -0.734461
3 2 2    0.215028
3 2 3    0.151982
4 2 1   -0.828548
4 2 2    0.437682
4 2 3   -0.721377
;

W[i,j,k] :=
1 2 4    0.000543781
1 2 5    0.00504615
1 2 6   -0.00461831
2 2 4   -0.0157518
2 2 5   -0.0230794
2 2 6   -0.0100331
3 2 4    0.000491916
3 2 5    0.00495664
3 2 6   -0.00463555
4 2 4    0.0168134
4 2 5    0.0331268
4 2 6    0.000787869
;

W[i,j,k] :=
1 3 1    0.222321
1 3 2    0.612842
1 3 3    0.50633
2 3 1   -0.52651
2 3 2    1.12708
2 3 3    0.186976
3 3 1    0.219937
3 3 2    0.614478
3 3 3    0.505313
4 3 1    0.969957
4 3 2    0.0994283
4 3 3    0.825173
;

W[i,j,k] :=
1 3 4    0.017708
1 3 5   -0.0083255
1 3 6    0.00230156
2 3 4    0.0563317
2 3 5    0.0305682
2 3 6   -0.0256366
3 3 4    0.017831
3 3 5   -0.00820171
3 3 6    0.00221264
4 3 4   -0.020854
4 3 5   -0.0471572
4 3 6    0.0301952
;

f11 = 12.7785

f12 = 15

f13 = 3.32731

f21 = 0.351282

f22 = 0

f23 = 0.0547784

f31 = 11.1038

f32 = 14.526

f33 = -3.44513

