solve_message = ' \
Ipopt 3.9.1: Maximum Number of Iterations Exceeded.'

Solve time:
_solve_time = 93.195

Objective:
torque = 6.6878

cnh1 = -0.298049

cnh2 = 0.838614

cnh3 = -0.275336

snh1 = 1.014

snh2 = 0.444355

snh3 = 0.938504

Hx = -0.0848406

Hy = -0.0105366

Hz = 0.0130966

cnf11 = -0.37411

cnf21 = 0.520026

cnf31 = 0.489989

cnf12 = -0.373315

cnf22 = 0.512662

cnf32 = 0.490189

cnt1 = 0.228035

cnt2 = 0.329616

snf11 = 0.887373

snf21 = 0.820463

snf31 = 0.864264

snf12 = 0.887187

snf22 = 0.819139

snf32 = 0.862652

snt1 = 1

snt2 = 0.982172

p :=
1 1    0.0127118
1 2   -0.0304498
1 3   -0.0591088
2 1    0.0306821
2 2    0.0113479
2 3    0.0606978
3 1    0.0338825
3 2   -0.00752304
3 3   -0.00360603
;

mf :=
1 1   -0.410476
1 2    0.578762
1 3    0.557586
2 1   -0.641298
2 2   -0.177193
2 3   -0.631369
;

mt [*] :=
1  -1.04
2   0.32731
3  -0.0363194
;

phi :=
1 1   0.0547893
1 2   0.122722
1 3   0
2 1   0
2 2   0.223131
2 3   0
3 1   0
3 2   0.100479
3 3   0
4 1   0.401066
4 2   0.255792
4 3   0
;

l [*,1,*]
:       1          2           3         :=
1   -0.408028   0.576474    0.557223
2   -1.31779    0.646116   -0.0271514
3   -0.410925   0.576696    0.555363
4    0.50381    0.505888    1.1405

 [*,2,*]
:       1           2           3         :=
1   -0.642918   -0.175381   -0.630835
2   -1.09222    -0.99208    -0.0816011
3   -0.639865   -0.178519   -0.629086
4   -0.18287     0.638402   -1.17919

 [*,3,*]
:       1           2           3         :=
1   -1.03791     0.327631   -0.0368438
2   -1.41588    -0.764867   -0.24008
3   -1.03911     0.324154   -0.0374906
4   -0.660217    1.41832     0.166052
;

W[i,j,k] :=
1 1 1   -0.407969
1 1 2    0.576453
1 1 3    0.557284
2 1 1   -1.3182
2 1 2    0.646199
2 1 3   -0.0272608
3 1 1   -0.410869
3 1 2    0.576676
3 1 3    0.555424
4 1 1    0.507867
4 1 2    0.504719
4 1 3    1.14066
;

W[i,j,k] :=
1 1 4    0.0171136
1 1 5    0.0170834
1 1 6   -0.00517522
2 1 4    0.0390053
2 1 5    0.0781371
2 1 6   -0.0319229
3 1 4    0.0171833
3 1 5    0.0172778
3 1 6   -0.00526035
4 1 4   -0.00468343
4 1 5   -0.0439693
4 1 6    0.0215018
;

W[i,j,k] :=
1 2 1   -0.642111
1 2 2   -0.175597
1 2 3   -0.630834
2 2 1   -1.09202
2 2 2   -0.992174
2 2 3   -0.0815666
3 2 1   -0.639043
3 2 2   -0.178741
3 2 3   -0.629085
4 2 1   -0.178927
4 2 2    0.637543
4 2 3   -1.17924
;

W[i,j,k] :=
1 2 4    0.0034363
1 2 5   -0.0197229
1 2 6    0.00199935
2 2 4    0.0591071
2 2 5   -0.0637528
2 2 6   -0.0179801
3 2 4    0.00364569
3 2 5   -0.0195907
3 2 6    0.00186158
4 2 4   -0.0518351
4 2 5    0.0249201
4 2 6    0.0216895
;

W[i,j,k] :=
1 3 1   -1.03802
1 3 2    0.327727
1 3 3   -0.0368958
2 3 1   -1.41596
2 3 2   -0.764854
2 3 3   -0.240214
3 3 1   -1.03923
3 3 2    0.324249
3 3 3   -0.0375429
4 3 1   -0.660059
4 3 2    1.41846
4 3 3    0.166063
;

W[i,j,k] :=
1 3 4    0.00147588
1 3 5    0.00505708
1 3 6    0.00332473
2 3 4   -0.00107001
2 3 5    0.0133965
2 3 6   -0.0364578
3 3 4    0.00146776
3 3 5    0.00508363
3 3 6    0.00319811
4 3 4    0.00407136
4 3 5   -0.00328895
4 3 6    0.0430404
;

f11 = 10.944

f12 = 15

f13 = 7.11979

f21 = 9.74474

f22 = 14.0259

f23 = -4.99282

f31 = -3.55851

f32 = 4.22394

f33 = 0.159464

