solve_message = ' \
Ipopt 3.9.1: Converged to a locally infeasible point. Problem may be infeasible.'

Solve time:
_solve_time = 5.94364

Objective:
torque = 6.74262

cnh1 = -0.688478

cnh2 = 0.931876

cnh3 = -0.389344

snh1 = -0.63718

snh2 = 0.107737

snh3 = 0.85347

Hx = 0.0241373

Hy = -0.0476062

Hz = 0.00961032

cnf11 = 0.881797

cnf21 = 0.292156

cnf31 = 0.437132

cnf12 = 0.881797

cnf22 = 0.133745

cnf32 = 0.356903

cnt1 = 0.418787

cnt2 = 0.472136

snf11 = 0.586884

snf21 = 0.891429

snf31 = 0.876252

snf12 = 0.586884

snf22 = 0.986791

snf32 = 0.930049

snt1 = 0.839415

snt2 = 0.863821

p :=
1 1   -0.0262185
1 2   -0.0161822
1 3   -0.0598896
2 1   -0.0333787
2 2    0.00850499
2 3    0.000330259
3 1    0.00478538
3 2    0.035183
3 3   -0.019672
;

mf :=
1 1    0.583748
1 2    0.016039
1 3    0.599787
2 1    0.804722
2 2   -0.343536
2 3    0.13849
;

mt [*] :=
1  -0.214796
2  -0.774106
3   0.109671
;

phi :=
1 1   0.0133139
1 2   0.00155738
1 3   0.0583703
2 1   0
2 2   0
2 3   0
3 1   0.0130576
3 2   0.00134293
3 3   0.0579797
4 1   0.309985
4 2   0.201837
4 3   0.432846
;

l [*,1,*]
:      1           2           3        :=
1   0.584111    0.0166651   0.599466
2   0.128645   -0.770249    1.00402
3   0.582661    0.0141606   0.600753
4   1.03885     0.802324    0.195557

 [*,2,*]
:      1           2           3        :=
1   0.804915   -0.343467    0.137687
2   0.561641   -0.430074    1.14721
3   0.804141   -0.343742    0.1409
4   1.0478     -0.256998   -0.870229

 [*,3,*]
:       1           2           3        :=
1   -0.215459   -0.773875    0.109967
2    0.617284   -1.06372    -0.2611
3   -0.212808   -0.774798    0.108786
4   -1.04687    -0.484488    0.480441
;

W[i,j,k] :=
1 1 1    0.584111
1 1 2    0.0166651
1 1 3    0.599466
2 1 1    0.128645
2 1 2   -0.770249
2 1 3    1.00402
3 1 1    0.582661
3 1 2    0.0141606
3 1 3    0.600753
4 1 1    1.03885
4 1 2    0.802324
4 1 3    0.195557
;

W[i,j,k] :=
1 1 4   -0.00870258
1 1 5   -0.0192651
1 1 6    0.00901524
2 1 4   -0.0623771
2 1 5    0.0186194
2 1 6    0.0222765
3 1 4   -0.00887341
3 1 5   -0.0191445
3 1 6    0.00905745
4 1 4    0.0448864
4 1 5   -0.0570892
4 1 6   -0.00422489
;

W[i,j,k] :=
1 2 1    0.804915
1 2 2   -0.343467
1 2 3    0.137687
2 2 1    0.561641
2 2 2   -0.430074
2 2 3    1.14721
3 2 1    0.804141
3 2 2   -0.343742
3 2 3    0.1409
4 2 1    1.0478
4 2 2   -0.256998
4 2 3   -0.870229
;

W[i,j,k] :=
1 2 4    0.00128446
1 2 5    0.00486163
1 2 6    0.00461866
2 2 4    0.00989907
2 2 5    0.0384779
2 2 6    0.00957853
3 2 4    0.00131188
3 2 5    0.00496862
3 2 6    0.00463445
4 2 4   -0.00731641
4 2 5   -0.028701
4 2 6   -0.00033329
;

W[i,j,k] :=
1 3 1   -0.215459
1 3 2   -0.773875
1 3 3    0.109967
2 3 1    0.617284
2 3 2   -1.06372
2 3 3   -0.2611
3 3 1   -0.212808
3 3 2   -0.774798
3 3 3    0.108786
4 3 1   -1.04687
4 3 2   -0.484488
4 3 3    0.480441
;

W[i,j,k] :=
1 3 4   -0.0113547
1 3 5    0.00371227
1 3 6    0.0038772
2 3 4   -0.0301119
2 3 5   -0.0108937
2 3 6   -0.0268083
3 3 4   -0.0114144
3 3 5    0.00366578
3 3 6    0.00377954
4 3 4    0.00737255
4 3 5    0.018295
4 3 6    0.0345137
;

f11 = 12.4407

f12 = 15

f13 = 4.0609

f21 = 2.13407

f22 = 2.63426

f23 = -0.0833119

f31 = 12.6025

f32 = 15

f33 = -3.94159

