solve_message = ' \
Ipopt 3.9.1: Converged to a locally infeasible point. Problem may be infeasible.'

Solve time:
_solve_time = 4.55523

Objective:
torque = 8.41337

cnh1 = 0.934485

cnh2 = 0.87981

cnh3 = -0.567818

snh1 = -0.0820853

snh2 = 0.325475

snh3 = 0.746715

Hx = 0.0454263

Hy = 0.0603886

Hz = 0.0785239

cnf11 = 0.178543

cnf21 = 0.170467

cnf31 = 0.408448

cnf12 = 0.178543

cnf22 = 0.31008

cnf32 = 0.441796

cnt1 = 0.580729

cnt2 = 0.523738

snf11 = 0.920936

snf21 = 0.922465

snf31 = 0.88123

snf12 = 0.920936

snf22 = 0.885353

snf32 = 0.874904

snt1 = 0.736718

snt2 = 0.83839

p :=
1 1    0.0205175
1 2    0.0236186
1 3    0.0591836
2 1    0.00926131
2 2   -0.0323257
2 3    0.0514504
3 1   -0.0332276
3 2    0.000894609
3 3    0.0537374
;

mf :=
1 1    0.18417
1 2    0.246965
1 3    0.720793
2 1   -0.0581616
2 2    0.779667
2 3   -0.043764
;

mt [*] :=
1   0.790888
2   0.150979
3  -0.127431
;

phi :=
1 1   0.00631944
1 2   0.0644014
1 3   0.014365
2 1   0
2 2   0
2 3   0
3 1   0.00602307
3 2   0.0640368
3 3   0.0141551
4 1   0.361757
4 2   0.340048
4 3   0.208627
;

l [*,1,*]
:       1           2          3        :=
1    0.183597    0.246607   0.721055
2    0.902776    0.696738   0.391143
3    0.185886    0.248039   0.720005
4   -0.534434   -0.202807   1.05044

 [*,2,*]
:       1           2           3         :=
1   -0.0579257   0.77961    -0.0444627
2   -0.354434    0.85078     0.833586
3   -0.0588694   0.779836   -0.0416681
4    0.23811     0.708554   -0.921111

 [*,3,*]
:      1           2           3         :=
1   0.791037    0.150235   -0.127355
2   0.603652    1.08614    -0.222582
3   0.79044     0.153213   -0.127658
4   0.978123   -0.784177   -0.0322802
;

W[i,j,k] :=
1 1 1    0.183597
1 1 2    0.246607
1 1 3    0.721055
2 1 1    0.902776
2 1 2    0.696738
2 1 3    0.391143
3 1 1    0.185886
3 1 2    0.248039
3 1 3    0.720005
4 1 1   -0.534434
4 1 2   -0.202807
4 1 3    1.05044
;

W[i,j,k] :=
1 1 4    0.00243526
1 1 5   -0.0039283
1 1 6    0.000723436
2 1 4   -0.0319972
2 1 5    0.0454043
2 1 6   -0.00702699
3 1 4    0.00232567
3 1 5   -0.00377129
3 1 6    0.000698768
4 1 4    0.0368128
4 1 5   -0.0531822
4 1 6    0.0084615
;

W[i,j,k] :=
1 2 1   -0.0579257
1 2 2    0.77961
1 2 3   -0.0444627
2 2 1   -0.354434
2 2 2    0.85078
2 2 3    0.833586
3 2 1   -0.0588694
3 2 2    0.779836
3 2 3   -0.0416681
4 2 1    0.23811
4 2 2    0.708554
4 2 3   -0.921111
;

W[i,j,k] :=
1 2 4   -0.0386739
1 2 5   -0.00256851
1 2 6    0.00534772
2 2 4   -0.0707192
2 2 5   -0.0259559
2 2 6   -0.00357799
3 2 4   -0.0387759
3 2 5   -0.00264295
3 2 6    0.00531931
4 2 4   -0.00667983
4 2 5    0.0207815
4 2 6    0.0142592
;

W[i,j,k] :=
1 3 1    0.791037
1 3 2    0.150235
1 3 3   -0.127355
2 3 1    0.603652
2 3 2    1.08614
2 3 3   -0.222582
3 3 1    0.79044
3 3 2    0.153213
3 3 3   -0.127658
4 3 1    0.978123
4 3 2   -0.784177
4 3 3   -0.0322802
;

W[i,j,k] :=
1 3 4   -0.00818715
1 3 5    0.0382765
1 3 6   -0.00569961
2 3 4   -0.0585654
2 3 5    0.0250428
2 3 6   -0.0366299
3 3 4   -0.0083475
3 3 5    0.0382344
3 3 6   -0.00579806
4 3 4    0.0421107
4 3 5    0.0514892
4 3 6    0.0251813
;

f11 = 12.7696

f12 = 15

f13 = 3.36104

f21 = 12.4841

f22 = 15

f23 = -3.78109

f31 = 8.82499

f32 = 11.5217

f33 = 2.68318

