solve_message = ' \
Ipopt 3.9.1: Optimal Solution Found'

Solve time:
_solve_time = 4.85163

Objective:
torque = 3.59844

cnh1 = 0.540451

cnh2 = -0.892551

cnh3 = -0.2778

snh1 = 0.766755

snh2 = -0.28871

snh3 = 0.896006

Hx = -0.0536441

Hy = 0.0282562

Hz = -0.0215302

cnf11 = 0.838372

cnf21 = 0.546959

cnf31 = 0.512291

cnf12 = 0.838372

cnf22 = 0.245315

cnf32 = 0.390176

cnt1 = 0.357774

cnt2 = 0.454673

snf11 = 0.420871

snf21 = 0.762126

snf31 = 0.84462

snf12 = 0.420871

snf22 = 0.964772

snf32 = 0.918237

snt1 = 0.867207

snt2 = 0.870654

p :=
1 1   -0.0138773
1 2   -0.0302926
1 3    0.0587817
2 1    0.00921626
2 2   -0.0331889
2 3   -0.0202041
3 1    0.0323184
3 2    0.0147067
3 3   -0.00934902
;

mf :=
1 1    0.105493
1 2    0.517722
1 3   -0.583357
2 1   -0.352318
2 2    0.767515
2 3   -0.139042
;

mt [*] :=
1  -0.773104
2  -0.232598
3   0.0568915
;

phi :=
1 1   0.0366512
1 2   0.0132169
1 3   0.0769936
2 1   0
2 2   0
2 3   0.0099482
3 1   0.0363683
3 2   0.0130149
3 3   0.0766508
4 1   0.291325
4 2   0.157667
4 3   0.35246
;

l [*,1,*]
:       1          2           3        :=
1    0.106081   0.517961   -0.583006
2   -0.632443   0.217655   -1.02334
3    0.10373    0.517005   -0.584408
4    0.843427   0.817789   -0.143373

 [*,2,*]
:       1           2           3        :=
1   -0.352019    0.767718   -0.138395
2   -0.728541    0.512296   -0.951738
3   -0.353217    0.766905   -0.140984
4    0.0239028   1.02273     0.67365

 [*,3,*]
:       1           2           3         :=
1   -0.772911   -0.233269    0.0566025
2   -1.01545     0.609207    0.419857
3   -0.773683   -0.230587    0.0577587
4   -0.530756   -1.0744     -0.306072
;

W[i,j,k] :=
1 1 1    0.106081
1 1 2    0.517961
1 1 3   -0.583006
2 1 1   -0.632443
2 1 2    0.217655
2 1 3   -1.02334
3 1 1    0.10373
3 1 2    0.517005
3 1 3   -0.584408
4 1 1    0.843427
4 1 2    0.817789
4 1 3   -0.143373
;

W[i,j,k] :=
1 1 4   -0.0127859
1 1 5   -0.0018549
1 1 6   -0.0039744
2 1 4    0.0182056
2 1 5   -0.0513773
2 1 6   -0.0221788
3 1 4   -0.0126872
3 1 5   -0.00201252
3 1 6   -0.00403234
4 1 4   -0.0437279
4 1 5    0.0475885
4 1 6    0.0142009
;

W[i,j,k] :=
1 2 1   -0.352019
1 2 2    0.767718
1 2 3   -0.138395
2 2 1   -0.728541
2 2 2    0.512296
2 2 3   -0.951738
3 2 1   -0.353217
3 2 2    0.766905
3 2 3   -0.140984
4 2 1    0.0239028
4 2 2    1.02273
4 2 3    0.67365
;

W[i,j,k] :=
1 2 4    0.0201043
1 2 5    0.00838771
1 2 6   -0.00460771
2 2 4    0.0419376
2 2 5    0.023491
2 2 6   -0.0194581
3 2 4    0.0201737
3 2 5    0.00843578
3 2 6   -0.00465498
4 2 4   -0.00169431
4 2 5   -0.00669145
4 2 6    0.010219
;

W[i,j,k] :=
1 3 1   -0.772911
1 3 2   -0.233269
1 3 3    0.0566025
2 3 1   -1.01545
2 3 2    0.609207
2 3 3    0.419857
3 3 1   -0.773683
3 3 2   -0.230587
3 3 3    0.0577587
4 3 1   -0.530756
4 3 2   -1.0744
4 3 3   -0.306072
;

W[i,j,k] :=
1 3 4   -0.00134839
1 3 5    0.00539667
1 3 6    0.0038281
2 3 4    0.0118702
2 3 5   -0.00407561
2 3 6    0.0346225
3 3 4   -0.00130632
3 3 5    0.00536652
3 3 6    0.00392612
4 3 4   -0.0145459
4 3 5    0.0148538
4 3 6   -0.0269172
;

f11 = 7.89248

f12 = 10.1538

f13 = -1.95256

f21 = 0.349934

f22 = 0

f23 = 0.0628215

f31 = 4.75935

f32 = 10.5187

f33 = -6.94839

