solve_message = ' \
Ipopt 3.9.1: Optimal Solution Found'

Solve time:
_solve_time = 22.4797

Objective:
torque = 4.04513

cnh1 = -0.901131

cnh2 = -0.938083

cnh3 = 0.305977

snh1 = 0.260696

snh2 = -0.00075815

snh3 = 0.88678

Hx = -0.0146947

Hy = -0.0682438

Hz = 0.0323562

cnf11 = 0.333069

cnf21 = 0.42186

cnf31 = 0.473043

cnf12 = 0.333069

cnf22 = 0.567904

cnf32 = 0.519343

cnt1 = 0.449678

cnt2 = 0.432141

snf11 = 0.876963

snf21 = 0.837875

snf31 = 0.863438

snf12 = 0.876963

snf22 = 0.746649

snf32 = 0.840819

snt1 = 0.933198

snt2 = 0.914479

p :=
1 1    0.0251868
1 2    0.0213256
1 3    0.0595617
2 1    0.0193914
2 2   -0.0211338
2 3   -0.0643138
3 1   -0.0243564
3 2    0.0243564
3 3    0.00255998
;

mf :=
1 1   -0.388177
1 2   -0.540693
1 3   -0.404693
2 1   -0.260574
2 2    0.013866
2 3    0.726558
;

mt [*] :=
1   0.536021
2  -0.725811
3   0.18979
;

phi :=
1 1   0.0624642
1 2   0.070262
1 3   0.0341035
2 1   0.00489742
2 2   0.0115042
2 3   0
3 1   0.0621809
3 2   0.0699769
3 3   0.0338886
4 1   0.259369
4 2   0.25929
4 3   0.170029
;

l [*,1,*]
:       1           2           3        :=
1   -0.388637   -0.540164   -0.404899
2    0.190097   -1.20471    -0.145305
3   -0.386795   -0.542279   -0.404073
4   -0.966448    0.123326   -0.66408

 [*,2,*]
:       1           2           3        :=
1   -0.260002    0.0142969   0.726731
2   -0.978411   -0.527308    0.508861
3   -0.262289    0.0125731   0.726037
4    0.457261    0.555038    0.944253

 [*,3,*]
:       1            2           3        :=
1   0.536445     -0.725674    0.189112
2   0.00287299   -0.896801    1.04192
3   0.534747     -0.726219    0.191826
4   1.06917      -0.55482    -0.662332
;

W[i,j,k] :=
1 1 1   -0.388637
1 1 2   -0.540164
1 1 3   -0.404899
2 1 1    0.190097
2 1 2   -1.20471
2 1 3   -0.145305
3 1 1   -0.386795
3 1 2   -0.542279
3 1 3   -0.404073
4 1 1   -0.966448
4 1 2    0.123326
4 1 3   -0.66408
;

W[i,j,k] :=
1 1 4    0.0235384
1 1 5   -0.0129498
1 1 6   -0.00531707
2 1 4    0.0686561
2 1 5    0.0149822
2 1 6   -0.0343968
3 1 4    0.023682
3 1 5   -0.0128609
3 1 6   -0.00540963
4 1 4   -0.0215074
4 1 5   -0.0408373
4 1 6    0.0237163
;

W[i,j,k] :=
1 2 1   -0.260002
1 2 2    0.0142969
1 2 3    0.726731
2 2 1   -0.978411
2 2 2   -0.527308
2 2 3    0.508861
3 2 1   -0.262289
3 2 2    0.0125731
3 2 3    0.726037
4 2 1    0.457261
4 2 2    0.555038
4 2 3    0.944253
;

W[i,j,k] :=
1 2 4   -0.0144391
1 2 5    0.00262941
1 2 6   -0.00521761
2 2 4   -0.0446674
2 2 5    0.0530578
2 2 6   -0.0309028
3 2 4   -0.0145353
3 2 5    0.00278991
3 2 6   -0.00529936
4 2 4    0.0157409
4 2 5   -0.0477186
4 2 6    0.0204267
;

W[i,j,k] :=
1 3 1    0.536445
1 3 2   -0.725674
1 3 3    0.189112
2 3 1    0.00287299
2 3 2   -0.896801
2 3 3    1.04192
3 3 1    0.534747
3 3 2   -0.726219
3 3 3    0.191826
4 3 1    1.06917
4 3 2   -0.55482
4 3 3   -0.662332
;

W[i,j,k] :=
1 3 4    0.00646379
1 3 5    0.00597937
1 3 6    0.00460895
2 3 4    0.0276731
2 3 5    0.0253847
2 3 6    0.0217729
3 3 4    0.0065313
3 3 5    0.00604113
3 3 6    0.00466358
4 3 4   -0.0147117
4 3 5   -0.013395
4 3 6   -0.0125276
;

f11 = 8.96615

f12 = 12.0615

f13 = -3.58258

f21 = 7.24211

f22 = 11.1228

f23 = 5.18179

f31 = -1.88273

f32 = 2.54709

f33 = -0.852898

