solve_message = ' \
Ipopt 3.9.1: Converged to a locally infeasible point. Problem may be infeasible.'

Solve time:
_solve_time = 43.6803

Objective:
torque = 9.24868

cnh1 = -0.550824

cnh2 = 0.68294

cnh3 = -0.0586284

snh1 = 0.759337

snh2 = -0.643112

snh3 = 0.936249

Hx = -0.0506743

Hy = -0.0418564

Hz = -0.0306276

cnf11 = 0.535646

cnf21 = 0.29159

cnf31 = 0.366653

cnf12 = 0.535646

cnf22 = 0.750444

cnf32 = 0.58928

cnt1 = 0.419317

cnt2 = 0.412155

snf11 = 0.770119

snf21 = 0.992365

snf31 = 0.954404

snf12 = 0.770119

snf22 = 0.56288

snf32 = 0.797012

snt1 = 0.959771

snt2 = 0.930544

p :=
1 1    0.0036929
1 2    0.0331213
1 3   -0.0532952
2 1    0.0272377
2 2   -0.0101406
2 3    0.0641129
3 1    0.033791
3 2   -0.0031616
3 3   -0.0568076
;

mf :=
1 1   -0.264452
1 2   -0.845862
1 3    0.128638
2 1   -0.0864282
2 2    0.0425015
2 3   -0.777895
;

mt [*] :=
1  -0.792702
2   0.0154041
3   0.534176
;

phi :=
1 1   0.050826
1 2   0.0902312
1 3   0.0317537
2 1   0.00172275
2 2   0.0317633
2 3   0
3 1   0.050594
3 2   0.0899673
3 3   0.0314769
4 1   0.188634
4 2   0.230758
4 3   0.249503
;

l [*,1,*]
:       1           2           3        :=
1   -0.263851   -0.846073    0.128167
2   -1.01973    -0.581421    0.719982
3   -0.266256   -0.84523     0.130051
4    0.490824   -1.1103     -0.462704

 [*,2,*]
:       1            2            3        :=
1   -0.0863327    0.0432235   -0.777825
2   -0.206387    -0.864233    -0.86605
3   -0.0867148    0.0403353   -0.778106
4    0.0335305    0.949232    -0.689741

 [*,3,*]
:       1           2            3        :=
1   -0.792289    0.0156438    0.534858
2   -1.31072    -0.285666    -0.322755
3   -0.793939    0.0146848    0.532129
4   -0.274684    0.316473     1.3911
;

W[i,j,k] :=
1 1 1   -0.263851
1 1 2   -0.846073
1 1 3    0.128167
2 1 1   -1.01973
2 1 2   -0.581421
2 1 3    0.719982
3 1 1   -0.266256
3 1 2   -0.84523
3 1 3    0.130051
4 1 1    0.490824
4 1 2   -1.1103
4 1 3   -0.462704
;

W[i,j,k] :=
1 1 4   -0.0408465
1 1 5    0.0135887
1 1 6    0.00561461
2 1 4   -0.00714019
2 1 5    0.0516879
2 1 6    0.0316277
3 1 4   -0.0407393
3 1 5    0.0137099
3 1 6    0.0056974
4 1 4   -0.0744991
4 1 5   -0.0244498
4 1 6   -0.0203569
;

W[i,j,k] :=
1 2 1   -0.0863327
1 2 2    0.0432235
1 2 3   -0.777825
2 2 1   -0.206387
2 2 2   -0.864233
2 2 3   -0.86605
3 2 1   -0.0867148
3 2 2    0.0403353
3 2 3   -0.778106
4 2 1    0.0335305
4 2 2    0.949232
4 2 3   -0.689741
;

W[i,j,k] :=
1 2 4    0.00511646
1 2 5    0.0156511
1 2 6    0.000301842
2 2 4    0.0641907
2 2 5    0.0103571
2 2 6   -0.0256326
3 2 4    0.00530448
3 2 5    0.0156343
3 2 6    0.000219298
4 2 4   -0.0538636
4 2 5    0.0209367
4 2 6    0.026195
;

W[i,j,k] :=
1 3 1   -0.792289
1 3 2    0.0156438
1 3 3    0.534858
2 3 1   -1.31072
2 3 2   -0.285666
2 3 3   -0.322755
3 3 1   -0.793939
3 3 2    0.0146848
3 3 3    0.532129
4 3 1   -0.274684
4 3 2    0.316473
4 3 3    1.3911
;

W[i,j,k] :=
1 3 4   -0.00080232
1 3 5    0.0269346
1 3 6   -0.00197628
2 3 4   -0.0152076
2 3 5    0.0853651
2 3 6   -0.0137969
3 3 4   -0.000848169
3 3 5    0.0271206
3 3 6   -0.0020139
4 3 4    0.0135799
4 3 5   -0.0314026
4 3 6    0.00982548
;

f11 = 12.4769

f12 = 15

f13 = 4.31331

f21 = 3.94352

f22 = 15

f23 = -1.22751

f31 = 13.1926

f32 = 15

f33 = -0.562014

