solve_message = ' \
Ipopt 3.9.1: Maximum Number of Iterations Exceeded.'

Solve time:
_solve_time = 140.838

Objective:
torque = 9.2332

cnh1 = 0.993834

cnh2 = -0.714127

cnh3 = 1.00468

snh1 = -0.164509

snh2 = -0.958154

snh3 = 0.546282

Hx = 0.0622267

Hy = 0.0105345

Hz = 0.228196

cnf11 = 0.727016

cnf21 = 0.558034

cnf31 = 0.52214

cnf12 = 0.714004

cnf22 = 0.500566

cnf32 = 0.437935

cnt1 = 0.548746

cnt2 = 0.503067

snf11 = 0.509387

snf21 = 0.637096

snf31 = 0.838971

snf12 = 0.478702

snf22 = 0.850208

snf32 = 0.920033

snt1 = 0.749697

snt2 = 0.856619

p :=
1 1   -0.0220011
1 2   -0.0250308
1 3    0.061037
2 1   -0.0342153
2 2    0.0129732
2 3    0.00233727
3 1    0.00422552
3 2   -0.0108324
3 3   -0.0661223
;

mf :=
1 1    0.640432
1 2    0.544987
1 3   -0.835871
2 1    1.40321
2 2   -0.62284
2 3    0.048525
;

mt [*] :=
1  -0.193516
2   0.197524
3   1.40818
;

phi :=
1 1   0.302435
1 2   0.237671
1 3   0.37657
2 1   0.235524
2 2   0.139143
2 3   0.343098
3 1   0.302056
3 2   0.335304
3 3   0.35454
4 1   0.93669
4 2   0.533227
4 3   0.919178
;

l [*,1,*]
:      1           2           3        :=
1   0.478824    0.470749   -0.560945
2   0.521444    1.27585     0.303889
3   0.479027    0.473311   -0.558254
4   0.356397   -0.341033   -1.45885

 [*,2,*]
:      1           2            3         :=
1   1.11984    -0.303997    0.00223271
2   1.56932     0.732663    0.148386
3   1.1277     -0.299845    0.00548259
4   0.618619   -1.35528    -0.16713

 [*,3,*]
:       1           2          3        :=
1   -0.257704    0.214049   1.12264
2    0.992104   -0.369218   1.65406
3   -0.241216    0.214359   1.13041
4   -1.5534      0.78967    0.570403
;

W[i,j,k] :=
1 1 1    0.424504
1 1 2    0.455511
1 1 3   -0.575798
2 1 1    0.443636
2 1 2    1.25041
2 1 3    0.301298
3 1 1    0.424698
3 1 2    0.458044
3 1 3   -0.572833
4 1 1    0.247566
4 1 2   -0.353548
4 1 3   -1.52151
;

W[i,j,k] :=
1 1 4   -0.0156613
1 1 5    0.0112346
1 1 6    0.000304611
2 1 4   -0.0880631
2 1 5    0.0325384
2 1 6   -0.0168787
3 1 4   -0.0158928
3 1 5    0.0113212
3 1 6    0.00024444
4 1 4    0.0546163
4 1 5   -0.0223265
4 1 6    0.0219341
;

W[i,j,k] :=
1 2 1    1.07036
1 2 2   -0.313547
1 2 3   -0.00790409
2 2 1    1.52568
2 2 2    0.703142
2 2 3    0.155772
3 2 1    1.08456
3 2 2   -0.308667
3 2 3   -0.00186757
4 2 1    0.510151
4 2 2   -1.35882
4 2 3   -0.217322
;

W[i,j,k] :=
1 2 4    0.0191298
1 2 5    0.0179106
1 2 6   -0.00638109
2 2 4    0.00298694
2 2 5    0.0427358
2 2 6   -0.0472155
3 2 4    0.0194406
3 2 5    0.0188655
3 2 6   -0.00728984
4 2 4    0.0327972
4 2 5   -0.0143336
4 2 6    0.0391831
;

W[i,j,k] :=
1 3 1   -0.315753
1 3 2    0.190408
1 3 3    1.11573
2 3 1    0.962056
2 3 2   -0.372153
2 3 3    1.65469
3 3 1   -0.286523
3 3 2    0.193199
3 3 3    1.12926
4 3 1   -1.6852
4 3 2    0.744516
4 3 3    0.542416
;

W[i,j,k] :=
1 3 4   -0.00210253
1 3 5   -0.00329105
1 3 6    0.000726482
2 3 4   -0.0439771
2 3 5   -0.0943992
2 3 6    0.00404619
3 3 4   -0.00127046
3 3 5   -0.00357086
3 3 6   -0.000518634
4 3 4    0.0392996
4 3 5    0.0872832
4 3 6   -0.00149602
;

f11 = 4.56676

f12 = 14.3502

f13 = -3.4838

f21 = 9.23242

f22 = 13.5181

f23 = 4.99862

f31 = 5.64345

f32 = 15

f33 = 3.5081

