solve_message = ' \
Ipopt 3.9.1: Converged to a locally infeasible point. Problem may be infeasible.'

Solve time:
_solve_time = 44.0547

Objective:
torque = 7.68935

cnh1 = 0.937627

cnh2 = 0.726752

cnh3 = -0.247255

snh1 = -0.0292535

snh2 = -0.593154

snh3 = -0.904911

Hx = -0.0163017

Hy = -0.0639295

Hz = -0.0187842

cnf11 = 0.681602

cnf21 = 0.752276

cnf31 = 0.590091

cnf12 = 0.681602

cnf22 = 0.455799

cnf32 = 0.418368

cnt1 = 0.369269

cnt2 = 0.457891

snf11 = 0.64453

snf21 = 0.560429

snf31 = 0.796439

snf12 = 0.64453

snf22 = 0.956163

snf32 = 0.931002

snt1 = 0.862346

snt2 = 0.869471

p :=
1 1   -0.000236048
1 2    0.0296282
1 3    0.0637697
2 1    0.0319564
2 2    0.01259
2 3   -0.0549759
3 1   -0.0274838
3 2    0.0155526
3 3   -0.0586738
;

mf :=
1 1   -0.134991
1 2   -0.136933
1 3   -0.769631
2 1   -0.76116
2 2   -0.447031
2 3    0.141834
;

mt [*] :=
1   0.392624
2  -0.505435
3   0.529005
;

phi :=
1 1   0.0726055
1 2   0.0346007
1 3   0.0807554
2 1   0.0206187
2 2   0
2 3   0.0273754
3 1   0.0723715
3 2   0.0343809
3 3   0.0805048
4 1   0.198108
4 2   0.173321
4 3   0.246415
;

l [*,1,*]
:       1           2           3        :=
1   -0.135389   -0.136317   -0.769697
2    0.365145   -0.910554   -0.687106
3   -0.133796   -0.138781   -0.769434
4   -0.635125    0.636685   -0.852156

 [*,2,*]
:       1           2           3        :=
1   -0.761359   -0.446411    0.142277
2   -0.511364   -1.22517    -0.415059
3   -0.760564   -0.44889     0.140503
4   -1.01096     0.331107    0.698725

 [*,3,*]
:       1           2          3        :=
1    0.393267   -0.505216   0.528723
2   -0.41469    -0.781028   0.882483
3    0.390695   -0.506093   0.529849
4    1.19993    -0.229843   0.175527
;

W[i,j,k] :=
1 1 1   -0.135389
1 1 2   -0.136317
1 1 3   -0.769697
2 1 1    0.365145
2 1 2   -0.910554
2 1 3   -0.687106
3 1 1   -0.133796
3 1 2   -0.138781
3 1 3   -0.769434
4 1 1   -0.635125
4 1 2    0.636685
4 1 3   -0.852156
;

W[i,j,k] :=
1 1 4   -0.0141119
1 1 5   -0.00881541
1 1 6    0.00404352
2 1 4    0.037708
2 1 5    0.023123
2 1 6   -0.0106037
3 1 4   -0.0139469
3 1 5   -0.00871376
3 1 6    0.0039969
4 1 4   -0.0658491
4 1 5   -0.0407029
4 1 6    0.0186673
;

W[i,j,k] :=
1 2 1   -0.761359
1 2 2   -0.446411
1 2 3    0.142277
2 2 1   -0.511364
2 2 2   -1.22517
2 2 3   -0.415059
3 2 1   -0.760564
3 2 2   -0.44889
3 2 3    0.140503
4 2 1   -1.01096
4 2 2    0.331107
4 2 3    0.698725
;

W[i,j,k] :=
1 2 4   -0.0227506
1 2 5    0.0373098
1 2 6   -0.00468014
2 2 4   -0.0725805
2 2 5    0.0413765
2 2 6   -0.0327139
3 2 4   -0.0229092
3 2 5    0.0373227
3 2 6   -0.00476936
4 2 4    0.0269999
4 2 5    0.0332496
4 2 6    0.0233089
;

W[i,j,k] :=
1 3 1    0.393267
1 3 2   -0.505216
1 3 3    0.528723
2 3 1   -0.41469
2 3 2   -0.781028
2 3 3    0.882483
3 3 1    0.390695
3 3 2   -0.506093
3 3 3    0.529849
4 3 1    1.19993
4 3 2   -0.229843
4 3 3    0.175527
;

W[i,j,k] :=
1 3 4   -0.0214199
1 3 5   -0.00854314
1 3 6    0.00776892
2 3 4   -0.032101
2 3 5    0.0485854
2 3 6    0.0279151
3 3 4   -0.0214539
3 3 5   -0.00836131
3 3 6    0.00783304
4 3 4   -0.0107559
4 3 5   -0.0655805
4 3 6   -0.0123451
;

f11 = 1.65944

f12 = 13.5818

f13 = 0.283631

f21 = 10.2377

f22 = 13.0068

f23 = 1.89278

f31 = 11.9276

f32 = 15

f33 = 5.66495

