solve_message = ' \
Ipopt 3.9.1: Maximum Number of Iterations Exceeded.'

Solve time:
_solve_time = 81.9629

Objective:
torque = 7.22829

cnh1 = -0.991186

cnh2 = 0.788803

cnh3 = 0.211077

snh1 = -0.327175

snh2 = 0.613

snh3 = -1.02599

Hx = -0.0139811

Hy = 0.110425

Hz = 0.0130678

cnf11 = 0.600416

cnf21 = 0.506904

cnf31 = 0.457812

cnf12 = 0.613055

cnf22 = 0.730726

cnf32 = 0.535287

cnt1 = 0.466492

cnt2 = 0.435903

snf11 = 0.779917

snf21 = 0.903658

snf31 = 0.89712

snf12 = 0.770137

snf22 = 0.746656

snf32 = 0.853262

snt1 = 0.927389

snt2 = 0.914383

p :=
1 1   -0.0263104
1 2   -0.0216923
1 3    0.0563874
2 1    0.014138
2 2   -0.0266896
2 3   -0.0622121
3 1    0.0307417
3 2   -0.0116721
3 3    0.0577955
;

mf :=
1 1    0.759566
1 2    0.746998
1 3   -0.315924
2 1   -0.107632
2 2    0.430906
2 3    0.982168
;

mt [*] :=
1  -0.778259
2   0.46338
3  -0.614063
;

phi :=
1 1   0.0607816
1 2   0.0610035
1 3   0.0508529
2 1   0.0133603
2 2   0.00865103
2 3   0
3 1   0.0605713
3 2   0.0607558
3 3   0.0505732
4 1   0.180962
4 2   0.219671
4 3   0.269559
;

l [*,1,*]
:        1           2           3        :=
1    0.761055     0.748345   -0.316001
2   -0.00457347   1.25151    -1.0836
3    0.758618     0.749946   -0.318444
4    1.52542      0.245992    0.450394

 [*,2,*]
:       1           2          3        :=
1   -0.104143    0.430621   0.999368
2    0.534117    1.43196    0.636322
3   -0.102112    0.433808   0.998213
4   -0.74141    -0.569315   1.36163

 [*,3,*]
:       1           2           3        :=
1   -0.777653    0.464625   -0.616123
2   -1.06134     1.31038     0.229052
3   -0.778556    0.467314   -0.613433
4   -0.494303   -0.3793     -1.45996
;

W[i,j,k] :=
1 1 1    0.761168
1 1 2    0.7496
1 1 3   -0.313487
2 1 1   -0.00335584
2 1 2    1.25286
2 1 3   -1.08094
3 1 1    0.758735
3 1 2    0.751202
3 1 3   -0.315929
4 1 1    1.52444
4 1 2    0.247016
4 1 3    0.452766
;

W[i,j,k] :=
1 1 4   -0.0378025
1 1 5    0.0371339
1 1 6   -0.00324283
2 1 4   -0.0502642
2 1 5   -0.0258545
2 1 6   -0.0330162
3 1 4   -0.0378422
3 1 5    0.0369335
3 1 6   -0.00333761
4 1 4   -0.0253432
4 1 5    0.0999089
4 1 6    0.0265113
;

W[i,j,k] :=
1 2 1   -0.102793
1 2 2    0.432284
1 2 3    1.00625
2 2 1    0.528798
2 2 2    1.43674
2 2 3    0.639351
3 2 1   -0.100783
3 2 2    0.435481
3 2 3    1.00508
4 2 1   -0.733428
4 2 2   -0.570939
4 2 3    1.37233
;

W[i,j,k] :=
1 2 4   -0.000149532
1 2 5   -0.0106289
1 2 6    0.00359239
2 2 4    0.0725268
2 2 5   -0.0442822
2 2 6    0.0375985
3 2 4    8.17285e-05
3 2 5   -0.0107359
3 2 6    0.00370057
4 2 4   -0.0726909
4 2 5    0.0227788
4 2 6   -0.0303052
;

W[i,j,k] :=
1 3 1   -0.77537
1 3 2    0.463946
1 3 3   -0.615964
2 3 1   -1.05696
2 3 2    1.31117
2 3 3    0.226557
3 3 1   -0.776266
3 3 2    0.466639
3 3 3   -0.613282
4 3 1   -0.494178
4 3 2   -0.381724
4 3 3   -1.45721
;

W[i,j,k] :=
1 3 4   -0.019854
1 3 5   -0.025998
1 3 6    0.00540377
2 3 4   -0.0785763
2 3 5   -0.0680843
2 3 6    0.0282126
3 3 4   -0.0200408
3 3 5   -0.0261318
3 3 6    0.00547623
4 3 4    0.0388015
4 3 5    0.0157343
4 3 6   -0.0172818
;

f11 = 10.4523

f12 = 15

f13 = -0.50165

f21 = 3.22115

f22 = 11.6586

f23 = 0.493882

f31 = 7.90419

f32 = 14.1754

f33 = -3.05119

