solve_message = ' \
Ipopt 3.9.1: Optimal Solution Found'

Solve time:
_solve_time = 2.68322

Objective:
torque = 3.59844

cnh1 = 0.766813

cnh2 = -0.892546

cnh3 = -0.277787

snh1 = -0.540368

snh2 = -0.288723

snh3 = 0.89601

Hx = 0.0282495

Hy = 0.0536456

Hz = -0.0215296

cnf11 = 0.838398

cnf21 = 0.54695

cnf31 = 0.512288

cnf12 = 0.838398

cnf22 = 0.245276

cnf32 = 0.390224

cnt1 = 0.357759

cnt2 = 0.45468

snf11 = 0.420819

snf21 = 0.762132

snf31 = 0.844621

snf12 = 0.420819

snf22 = 0.964698

snf32 = 0.918175

snt1 = 0.867185

snt2 = 0.870643

p :=
1 1   -0.0302966
1 2    0.013871
1 3    0.0587789
2 1   -0.0331895
2 2   -0.00921413
2 3   -0.0202057
3 1    0.0147104
3 2   -0.0323167
3 3   -0.00935094
;

mf :=
1 1    0.517764
1 2   -0.105424
1 3   -0.583333
2 1    0.767402
2 2    0.352312
2 3   -0.13904
;

mt [*] :=
1  -0.232674
2   0.773051
3   0.0569089
;

phi :=
1 1   0.0366971
1 2   0.0127854
1 3   0.0777291
2 1   0
2 2   0
2 3   0.0105901
3 1   0.0364137
3 2   0.0125845
3 3   0.0773863
4 1   0.292466
4 2   0.156294
4 3   0.351557
;

l [*,1,*]
:      1           2           3        :=
1   0.518003   -0.106012   -0.582982
2   0.217623    0.632472   -1.02333
3   0.517047   -0.103661   -0.584384
4   0.817904   -0.843317   -0.143335

 [*,2,*]
:      1           2            3        :=
1   0.767605    0.352013    -0.138393
2   0.512167    0.728497    -0.951685
3   0.766792    0.353211    -0.140981
4   1.02264    -0.0238711    0.673602

 [*,3,*]
:       1          2           3         :=
1   -0.233344   0.772858    0.0566198
2    0.609087   1.01548     0.419885
3   -0.230663   0.77363     0.057776
4   -1.07443    0.530626   -0.306065
;

W[i,j,k] :=
1 1 1    0.518003
1 1 2   -0.106012
1 1 3   -0.582982
2 1 1    0.217623
2 1 2    0.632472
2 1 3   -1.02333
3 1 1    0.517047
3 1 2   -0.103661
3 1 3   -0.584384
4 1 1    0.817904
4 1 2   -0.843317
4 1 3   -0.143335
;

W[i,j,k] :=
1 1 4   -0.00185533
1 1 5    0.0127853
1 1 6   -0.00397346
2 1 4   -0.0513707
2 1 5   -0.0182119
2 1 6   -0.0221804
3 1 4   -0.00201293
3 1 5    0.0126866
3 1 6   -0.00403141
4 1 4    0.0475811
4 1 5    0.043733
4 1 6    0.0142045
;

W[i,j,k] :=
1 2 1    0.767605
1 2 2    0.352013
1 2 3   -0.138393
2 2 1    0.512167
2 2 2    0.728497
2 2 3   -0.951685
3 2 1    0.766792
3 2 2    0.353211
3 2 3   -0.140981
4 2 1    1.02264
4 2 2   -0.0238711
4 2 3    0.673602
;

W[i,j,k] :=
1 2 4    0.00838784
1 2 5   -0.0201032
1 2 6   -0.00461031
2 2 4    0.0234888
2 2 5   -0.0419346
2 2 6   -0.0194593
3 2 4    0.0084359
3 2 5   -0.0201727
3 2 6   -0.00465757
4 2 4   -0.00668898
4 2 5    0.00169337
4 2 6    0.010215
;

W[i,j,k] :=
1 3 1   -0.233344
1 3 2    0.772858
1 3 3    0.0566198
2 3 1    0.609087
2 3 2    1.01548
2 3 3    0.419885
3 3 1   -0.230663
3 3 2    0.77363
3 3 3    0.057776
4 3 1   -1.07443
4 3 2    0.530626
4 3 3   -0.306065
;

W[i,j,k] :=
1 3 4    0.00539718
1 3 5    0.00134908
1 3 6    0.0038281
2 3 4   -0.00407364
2 3 5   -0.0118722
2 3 6    0.0346217
3 3 4    0.00536703
3 3 5    0.001307
3 3 6    0.00392611
4 3 4    0.0148529
4 3 5    0.0145493
4 3 6   -0.0269164
;

f11 = 7.89226

f12 = 10.1537

f13 = -1.95308

f21 = 0.349939

f22 = 0

f23 = 0.0627933

f31 = 4.7599

f32 = 10.5189

f33 = -6.94823

