solve_message = ' \
Ipopt 3.9.1: Optimal Solution Found'

Solve time:
_solve_time = 7.81565

Objective:
torque = 2.7513

cnh1 = -0.776325

cnh2 = 0.0980528

cnh3 = -0.447731

snh1 = -0.720578

snh2 = 0.932966

snh3 = -0.959937

Hx = -0.0774512

Hy = 0.0431071

Hz = 0.0318141

cnf11 = 0.938088

cnf21 = 0.803266

cnf31 = 0.614138

cnf12 = 0.938088

cnf22 = 0.768024

cnf32 = 0.597098

cnt1 = 0.426086

cnt2 = 0.405138

snf11 = 0

snf21 = 0.484541

snf31 = 0.778812

snf12 = 0

snf22 = 0.539042

snf32 = 0.791478

snt1 = 0.969761

snt2 = 0.93971

p :=
1 1   -0.0117673
1 2   -0.0245725
1 3   -0.0648917
2 1    0.0109727
2 2    0.0228952
2 3   -0.0632453
3 1    0.0315991
3 2   -0.00107593
3 3    0.0586046
;

mf :=
1 1   0.182174
1 2   0.00554381
1 3   0.803262
2 1   0.10041
2 2   0.051598
2 3   0.81191
;

mt [*] :=
1  -0.81087
2   0.272086
3  -0.707679
;

phi :=
1 1   0.0656361
1 2   0.0640083
1 3   0.0930534
2 1   0.0278315
2 2   0.0277137
2 3   0.035864
3 1   0.0654803
3 2   0.0638601
3 3   0.0927951
4 1   0.135033
4 2   0.128977
4 3   0.233
;

l [*,1,*]
:       1            2           3        :=
1    0.182543    0.0046844    0.803226
2   -0.281773    1.08477      0.849639
3    0.181065    0.00812206   0.803373
4    0.646119   -1.07368      0.756887

 [*,2,*]
:       1            2           3        :=
1    0.100788     0.0507402   0.811926
2   -0.374023     1.12872     0.792914
3    0.0992767    0.0541712   0.811865
4    0.574842    -1.02552     0.830907

 [*,3,*]
:       1            2           3        :=
1   -0.810155     0.272461   -0.7082
2   -1.70878     -0.198585   -0.053196
3   -0.813015     0.270962   -0.706115
4    0.0870353    0.742755   -1.36216
;

W[i,j,k] :=
1 1 1    0.182543
1 1 2    0.0046844
1 1 3    0.803226
2 1 1   -0.281773
2 1 2    1.08477
2 1 3    0.849639
3 1 1    0.181065
3 1 2    0.00812206
3 1 3    0.803373
4 1 1    0.646119
4 1 2   -1.07368
4 1 3    0.756887
;

W[i,j,k] :=
1 1 4   -0.0194333
1 1 5   -0.00239371
1 1 6    0.00443042
2 1 4    0.0495146
2 1 5    0.0282827
2 1 6   -0.0196887
3 1 4   -0.0192138
3 1 5   -0.00229607
3 1 6    0.00435365
4 1 4   -0.0882712
4 1 5   -0.0330212
4 1 6    0.028511
;

W[i,j,k] :=
1 2 1    0.100788
1 2 2    0.0507402
1 2 3    0.811926
2 2 1   -0.374023
2 2 2    1.12872
2 2 3    0.792914
3 2 1    0.0992767
3 2 2    0.0541712
3 2 3    0.811865
4 2 1    0.574842
4 2 2   -1.02552
4 2 3    0.830907
;

W[i,j,k] :=
1 2 4    0.0217983
1 2 5   -0.0152834
1 2 6   -0.0017508
2 2 4    0.0895402
2 2 5    0.0149548
2 2 6    0.0209485
3 2 4    0.0220139
3 2 5   -0.0151872
3 2 6   -0.00167855
4 2 4   -0.0458356
4 2 5   -0.0454734
4 2 6   -0.0244138
;

W[i,j,k] :=
1 3 1   -0.810155
1 3 2    0.272461
1 3 3   -0.7082
2 3 1   -1.70878
2 3 2   -0.198585
2 3 3   -0.053196
3 3 1   -0.813015
3 3 2    0.270962
3 3 3   -0.706115
4 3 1    0.0870353
4 3 2    0.742755
4 3 3   -1.36216
;

W[i,j,k] :=
1 3 4   -0.0152055
1 3 5   -0.0251003
1 3 6    0.00773785
2 3 4    0.0116952
2 3 5   -0.0984613
2 3 6   -0.00811365
3 3 4   -0.0151199
3 3 5   -0.0253338
3 3 6    0.00768739
4 3 4   -0.0420633
4 3 5    0.0481437
4 3 6    0.0235641
;

f11 = 2.78807

f12 = 3.70419

f13 = -1.06183

f21 = -2.56451

f22 = 3.39159

f23 = 0.951183

f31 = 7.06339

f32 = 9.79535

f33 = 0.066056

