solve_message = ' \
Ipopt 3.9.1: Optimal Solution Found'

Solve time:
_solve_time = 4.64883

Objective:
torque = 3.42133

cnh1 = 0.673196

cnh2 = -0.480177

cnh3 = -0.938071

snh1 = 0.653305

snh2 = 0.805872

snh3 = 0.00488641

Hx = 0.0578817

Hy = 0.0566037

Hz = -0.0124495

cnf11 = 0.937603

cnf21 = 0.81646

cnf31 = 0.620891

cnf12 = 0.937603

cnf22 = 0.816161

cnf32 = 0.620781

cnt1 = 0.440186

cnt2 = 0.411536

snf11 = 0

snf21 = 0.462138

snf31 = 0.773637

snf12 = 0

snf22 = 0.462473

snf32 = 0.773705

snt1 = 0.96345

snt2 = 0.935453

p :=
1 1   -0.0296165
1 2   -0.00227976
1 3   -0.0611161
2 1   -0.00296879
2 2   -0.0294973
2 3   -0.061168
3 1    0.0161571
3 2    0.0154393
3 3    0.0637151
;

mf :=
1 1   0.185884
1 2   0.213235
1 3   0.761432
2 1   0.220094
2 2   0.178843
2 3   0.761034
;

mt [*] :=
1   0.102899
2   0.104459
3  -0.975727
;

phi :=
1 1   0.0662003
1 2   0.0677668
1 3   0.100783
2 1   0.0337589
2 2   0.0360588
2 3   0.0486628
3 1   0.0660721
3 2   0.0676424
3 3   0.10056
4 1   0.119307
4 2   0.118641
4 3   0.208916
;

l [*,1,*]
:       1          2          3        :=
1    0.185188   0.213284   0.76161
2    1.06097    0.151774   0.538324
3    0.187975   0.213088   0.760899
4   -0.689199   0.274696   0.984539

 [*,2,*]
:       1           2          3        :=
1    0.219406   0.178907    0.761243
2    1.08392    0.0976788   0.498886
3    0.222157   0.178649    0.760408
4   -0.643733   0.260006    1.02318

 [*,3,*]
:       1           2           3        :=
1   0.102883     0.103658   -0.975866
2   0.12373      1.1098     -0.800858
3   0.102949     0.10686    -0.975309
4   0.0820687   -0.900877   -1.1506
;

W[i,j,k] :=
1 1 1    0.185188
1 1 2    0.213284
1 1 3    0.76161
2 1 1    1.06097
2 1 2    0.151774
2 1 3    0.538324
3 1 1    0.187975
3 1 2    0.213088
3 1 3    0.760899
4 1 1   -0.689199
4 1 2    0.274696
4 1 3    0.984539
;

W[i,j,k] :=
1 1 4    0.0112988
1 1 5    0.0112383
1 1 6   -0.00589456
2 1 4    0.00804861
2 1 5   -0.0488991
2 1 6   -0.00207628
3 1 4    0.0112885
3 1 5    0.0110469
3 1 6   -0.0058824
4 1 4    0.0145438
4 1 5    0.0712797
4 1 6   -0.00970675
;

W[i,j,k] :=
1 2 1    0.219406
1 2 2    0.178907
1 2 3    0.761243
2 2 1    1.08392
2 2 2    0.0976788
2 2 3    0.498886
3 2 1    0.222157
3 2 2    0.178649
3 2 3    0.760408
4 2 1   -0.643733
4 2 2    0.260006
4 2 3    1.02318
;

W[i,j,k] :=
1 2 4   -0.0115112
1 2 5   -0.0111606
1 2 6    0.00594073
2 2 4   -0.00874094
2 2 5   -0.0648203
2 2 6    0.0316828
3 2 4   -0.0115024
3 2 5   -0.0113314
3 2 6    0.00602266
4 2 4   -0.014277
4 2 5    0.0424134
4 2 6   -0.0197603
;

W[i,j,k] :=
1 3 1    0.102883
1 3 2    0.103658
1 3 3   -0.975866
2 3 1    0.12373
2 3 2    1.1098
2 3 3   -0.800858
3 3 1    0.102949
3 3 2    0.10686
3 3 3   -0.975309
4 3 1    0.0820687
4 3 2   -0.900877
4 3 3   -1.1506
;

W[i,j,k] :=
1 3 4   -0.0216713
1 3 5    0.0223223
1 3 6    8.63709e-05
2 3 4   -0.0830755
2 3 5    0.020823
2 3 6    0.0160208
3 3 4   -0.0218667
3 3 5    0.0223175
3 3 6    0.000137086
4 3 4    0.039635
4 3 5    0.0238193
4 3 6   -0.0158226
;

f11 = 3.86424

f12 = 7.02222

f13 = -4.09232

f21 = -3.78443

f22 = 4.82142

f23 = 0.821959

f31 = 7.00131

f32 = 11.5947

f33 = -2.90513

