solve_message = ' \
Ipopt 3.9.1: Converged to a locally infeasible point. Problem may be infeasible.'

Solve time:
_solve_time = 2.96402

Objective:
torque = 8.49961

cnh1 = -0.0747427

cnh2 = 0.0789608

cnh3 = -0.470003

snh1 = -0.935102

snh2 = -0.934754

snh3 = -0.811849

Hx = -0.0372802

Hy = 0.0187942

Hz = 0.0537641

cnf11 = 0.311093

cnf21 = 0.028866

cnf31 = 0.383333

cnf12 = 0.311093

cnf22 = 0.273062

cnf32 = 0.432276

cnt1 = 0.766

cnt2 = 0.7431

snf11 = 0.885008

snf21 = 0.93764

snf31 = 0.875717

snf12 = 0.885008

snf22 = 0.897467

snf32 = 0.877529

snt1 = 0

snt2 = 0.6691

p :=
1 1    0.0332895
1 2    0.000405188
1 3    0.0534756
2 1    0.00372006
2 2   -0.0340957
2 3    0.0552278
3 1   -0.0241568
3 2    0.0219182
3 3   -0.0603598
;

mf :=
1 1   -0.756594
1 2    0.161129
1 3   -0.103635
2 1   -0.209527
2 2    0.704716
2 3   -0.122045
;

mt [*] :=
1   0.517672
2  -0.372853
3   0.416284
;

phi :=
1 1   0.0630636
1 2   0.0668159
1 3   0.12258
2 1   0.0344948
2 2   0.0913424
2 3   0.121756
3 1   0.0629547
3 2   0.0668902
3 3   0.122553
4 1   0.100318
4 2   0.0444291
4 3   0.134407
;

l [*,1,*]
:       1           2           3        :=
1   -0.75654     0.160893   -0.104337
2   -0.824406    0.458049    0.778854
3   -0.756756    0.161838   -0.101526
4   -0.688782   -0.13579    -0.98612

 [*,2,*]
:       1          2           3        :=
1   -0.208954   0.704884   -0.121619
2   -0.929703   0.493821   -0.655811
3   -0.211248   0.704212   -0.12332
4    0.510647   0.915611    0.41172

 [*,3,*]
:      1           2           3        :=
1   0.517578   -0.373391    0.415805
2   0.635965    0.303133    1.01749
3   0.517954   -0.371238    0.41772
4   0.399379   -1.04884    -0.184924
;

W[i,j,k] :=
1 1 1   -0.75654
1 1 2    0.160893
1 1 3   -0.104337
2 1 1   -0.824406
2 1 2    0.458049
2 1 3    0.778854
3 1 1   -0.756756
3 1 2    0.161838
3 1 3   -0.101526
4 1 1   -0.688782
4 1 2   -0.13579
4 1 3   -0.98612
;

W[i,j,k] :=
1 1 4   -0.00864611
1 1 5   -0.0369831
1 1 6    0.00566257
2 1 4   -0.0241789
2 1 5   -0.0700132
2 1 6    0.0155823
3 1 4   -0.00869554
3 1 5   -0.0370882
3 1 6    0.00569415
4 1 4    0.00686189
4 1 5   -0.00400558
4 1 6   -0.00424129
;

W[i,j,k] :=
1 2 1   -0.208954
1 2 2    0.704884
1 2 3   -0.121619
2 2 1   -0.929703
2 2 2    0.493821
2 2 3   -0.655811
3 2 1   -0.211248
3 2 2    0.704212
3 2 3   -0.12332
4 2 1    0.510647
4 2 2    0.915611
4 2 3    0.41172
;

W[i,j,k] :=
1 2 4   -0.0347825
1 2 5   -0.0110876
1 2 6   -0.00450221
2 2 4   -0.00491229
2 2 5   -0.0489058
2 2 6   -0.0298619
3 2 4   -0.0346874
3 2 5   -0.011208
3 2 6   -0.00458293
4 2 4   -0.0646051
4 2 5    0.0266703
4 2 6    0.020817
;

W[i,j,k] :=
1 3 1    0.517578
1 3 2   -0.373391
1 3 3    0.415805
2 3 1    0.635965
2 3 2    0.303133
2 3 3    1.01749
3 3 1    0.517954
3 3 2   -0.371238
3 3 3    0.41772
4 3 1    0.399379
4 3 2   -1.04884
4 3 3   -0.184924
;

W[i,j,k] :=
1 3 4   -0.0134241
1 3 5   -0.0211964
1 3 6   -0.00232444
2 3 4    0.0405987
2 3 5   -0.0138073
2 3 6   -0.021262
3 3 4   -0.0132522
3 3 5   -0.0211728
3 3 6   -0.00238471
4 3 4   -0.0673608
4 3 5   -0.0285736
4 3 6    0.0165829
;

f11 = 13.2033

f12 = 15

f13 = 0.17769

f21 = 12.468

f22 = 15

f23 = -3.91044

f31 = -9.02204

f32 = 15

f33 = 1.69268

