solve_message = ' \
Ipopt 3.9.1: Converged to a locally infeasible point. Problem may be infeasible.'

Solve time:
_solve_time = 2.40242

Objective:
torque = 8.5216

cnh1 = 0.082025

cnh2 = -0.0784034

cnh3 = 0.460975

snh1 = 0.934491

snh2 = -0.934801

snh3 = 0.81701

Hx = -0.0374967

Hy = 0.0187236

Hz = 0.0536848

cnf11 = 0.313743

cnf21 = 0.0306423

cnf31 = 0.383582

cnf12 = 0.313743

cnf22 = 0.272496

cnf32 = 0.432132

cnt1 = 0.766

cnt2 = 0.7431

snf11 = 0.884078

snf21 = 0.937584

snf31 = 0.875875

snf12 = 0.884078

snf22 = 0.897641

snf32 = 0.877565

snt1 = 0

snt2 = 0.6691

p :=
1 1    0.0332772
1 2    0.000552208
1 3    0.0535279
2 1    0.00382638
2 2   -0.0340712
2 3    0.0552914
3 1   -0.0242633
3 2    0.0217926
3 3   -0.0603695
;

mf :=
1 1   -0.757208
1 2    0.158149
1 3   -0.105981
2 1   -0.213052
2 2    0.70379
2 3   -0.124177
;

mt [*] :=
1   0.518724
2  -0.371294
3   0.417001
;

phi :=
1 1   0.0664149
1 2   0.070249
1 3   0.117424
2 1   0.0296069
2 2   0.0655134
2 3   0.088154
3 1   0.0662825
3 2   0.0702325
3 3   0.11732
4 1   0.113394
4 2   0.0759532
4 3   0.153452
;

l [*,1,*]
:       1           2           3        :=
1   -0.75715     0.157913   -0.106684
2   -0.829556    0.45397     0.776859
3   -0.75738     0.158855   -0.103872
4   -0.684859   -0.137672   -0.988817

 [*,2,*]
:       1          2           3        :=
1   -0.212479   0.703961   -0.123753
2   -0.932495   0.488981   -0.656429
3   -0.21477    0.703277   -0.125449
4    0.50639    0.918598    0.408073

 [*,3,*]
:      1           2           3        :=
1   0.518632   -0.371833    0.416522
2   0.633786    0.305455    1.01783
3   0.518999   -0.369677    0.418436
4   0.403662   -1.04804    -0.183827
;

W[i,j,k] :=
1 1 1   -0.75715
1 1 2    0.157913
1 1 3   -0.106684
2 1 1   -0.829556
2 1 2    0.45397
2 1 3    0.776859
3 1 1   -0.75738
3 1 2    0.158855
3 1 3   -0.103872
4 1 1   -0.684859
4 1 2   -0.137672
4 1 3   -0.988817
;

W[i,j,k] :=
1 1 4   -0.00851167
1 1 5   -0.0369785
1 1 6    0.00567301
2 1 4   -0.0238711
2 1 5   -0.0702561
2 1 6    0.0155649
3 1 4   -0.00856056
3 1 5   -0.0370844
3 1 6    0.00570449
4 1 4    0.00682325
4 1 5   -0.00375405
4 1 6   -0.00420314
;

W[i,j,k] :=
1 2 1   -0.212479
1 2 2    0.703961
1 2 3   -0.123753
2 2 1   -0.932495
2 2 2    0.488981
2 2 3   -0.656429
3 2 1   -0.21477
3 2 2    0.703277
3 2 3   -0.125449
4 2 1    0.50639
4 2 2    0.918598
4 2 3    0.408073
;

W[i,j,k] :=
1 2 4   -0.0347066
1 2 5   -0.0112747
1 2 6   -0.00454577
2 2 4   -0.00467115
2 2 5   -0.0490473
2 2 6   -0.0299002
3 2 4   -0.034611
3 2 5   -0.0113949
3 2 6   -0.00462647
4 2 4   -0.0646941
4 2 5    0.0264376
4 2 6    0.0207682
;

W[i,j,k] :=
1 3 1    0.518632
1 3 2   -0.371833
1 3 3    0.416522
2 3 1    0.633786
2 3 2    0.305455
2 3 3    1.01783
3 3 1    0.518999
3 3 2   -0.369677
3 3 3    0.418436
4 3 1    0.403662
4 3 2   -1.04804
4 3 3   -0.183827
;

W[i,j,k] :=
1 3 4   -0.0133703
1 3 5   -0.0212034
1 3 6   -0.00228041
2 3 4    0.0406213
2 3 5   -0.0135654
2 3 6   -0.0212232
3 3 4   -0.0131985
3 3 5   -0.021179
3 3 6   -0.0023407
4 3 4   -0.0672758
4 3 5   -0.0288292
4 3 6    0.0166321
;

f11 = 13.2044

f12 = 15

f13 = 0.0161878

f21 = 12.5617

f22 = 15

f23 = -3.91895

f31 = -9.01731

f32 = 15

f33 = 1.72973

