solve_message = ' \
Ipopt 3.9.1: Converged to a locally infeasible point. Problem may be infeasible.'

Solve time:
_solve_time = 3.15122

Objective:
torque = 5.44229

cnh1 = 0.0159116

cnh2 = -0.253927

cnh3 = -0.937919

snh1 = 0.937948

snh2 = 0.903062

snh3 = 0.017545

Hx = -0.0139985

Hy = 0.0680634

Hz = -0.0686325

cnf11 = 0.224175

cnf21 = 0.45497

cnf31 = 0.418011

cnf12 = 0.224175

cnf22 = 0.425452

cnf32 = 0.404837

cnt1 = -0.0800879

cnt2 = 0.371367

snf11 = 0.910904

snf21 = 0.956558

snf31 = 0.931232

snf12 = 0.910904

snf22 = 0.970047

snf32 = 0.939915

snt1 = 0.934658

snt2 = 0.861444

p :=
1 1   -0.0285007
1 2   -0.0179994
1 3   -0.0508256
2 1    0.0277287
2 2   -0.0191913
2 3   -0.050716
3 1   -0.0138083
3 2    0.0281359
3 3   -0.0590915
;

mf :=
1 1    0.658778
1 2    0.6007
1 3   -0.00347904
2 1   -0.636809
2 2    0.630078
2 3   -0.012454
;

mt [*] :=
1  -0.00361106
2   0.597273
3  -0.449993
;

phi :=
1 1   0.0809648
1 2   0.0137212
1 3   0.0105076
2 1   0
2 2   0
2 3   0
3 1   0.080538
3 2   0.0133159
3 3   0.0102594
4 1   0.292417
4 2   0.377208
4 3   0.175349
;

l [*,1,*]
:      1          2            3         :=
1   0.659015   0.600445   -0.00274086
2   0.361917   0.920819   -0.930458
3   0.658069   0.601465   -0.00569358
4   0.955639   0.280583    0.923496

 [*,2,*]
:        1            2            3         :=
1   -0.637313      0.629563    -0.0127599
2   -0.00425352    1.27592      0.371644
3   -0.635298      0.631621    -0.0115364
4   -1.26936      -0.0157632   -0.39655

 [*,3,*]
:        1           2           3        :=
1   -0.00305208   0.597005   -0.450434
2   -0.705552     0.933217    0.103754
3   -0.00528798   0.598075   -0.44867
4    0.698327     0.26133    -1.00374
;

W[i,j,k] :=
1 1 1    0.659015
1 1 2    0.600445
1 1 3   -0.00274086
2 1 1    0.361917
2 1 2    0.920819
2 1 3   -0.930458
3 1 1    0.658069
3 1 2    0.601465
3 1 3   -0.00569358
4 1 1    0.955639
4 1 2    0.280583
4 1 3    0.923496
;

W[i,j,k] :=
1 1 4    0.0305673
1 1 5   -0.0335729
1 1 6   -0.00525126
2 1 4    0.0635488
2 1 5   -0.0449133
2 1 6   -0.0197297
3 1 4    0.0306723
3 1 5   -0.033609
3 1 6   -0.00529734
4 1 4   -0.00236156
4 1 5   -0.0222506
4 1 6    0.00920408
;

W[i,j,k] :=
1 2 1   -0.637313
1 2 2    0.629563
1 2 3   -0.0127599
2 2 1   -0.00425352
2 2 2    1.27592
2 2 3    0.371644
3 2 1   -0.635298
3 2 2    0.631621
3 2 3   -0.0115364
4 2 1   -1.26936
4 2 2   -0.0157632
4 2 3   -0.39655
;

W[i,j,k] :=
1 2 4    0.0321738
1 2 5    0.0326758
1 2 6    0.00522614
2 2 4    0.0575773
2 2 5   -0.0100895
2 2 6    0.035298
3 2 4    0.0322547
3 2 5    0.0325397
3 2 6    0.00532185
4 2 4    0.00681085
4 2 5    0.0753728
4 2 6   -0.0247977
;

W[i,j,k] :=
1 3 1   -0.00305208
1 3 2    0.597005
1 3 3   -0.450434
2 3 1   -0.705552
2 3 2    0.933217
2 3 3    0.103754
3 3 1   -0.00528798
3 3 2    0.598075
3 3 3   -0.44867
4 3 1    0.698327
4 3 2    0.26133
4 3 3   -1.00374
;

W[i,j,k] :=
1 3 4    0.0226046
1 3 5   -0.00603936
1 3 6   -0.00815774
2 3 4    0.0580644
2 3 5    0.0431248
2 3 6    0.00696522
3 3 4    0.0227174
3 3 5   -0.00588288
3 3 6   -0.0081096
4 3 4   -0.0127987
4 3 5   -0.0551251
4 3 6   -0.0232566
;

f11 = 12.3951

f12 = 15

f13 = -4.55197

f21 = 10.1292

f22 = 13.6551

f23 = 4.10546

f31 = 0.29785

f32 = 0

f33 = -0.194131

