solve_message = ' \
Ipopt 3.9.1: Converged to a locally infeasible point. Problem may be infeasible.'

Solve time:
_solve_time = 47.5335

Objective:
torque = 6.27158

cnh1 = -0.769866

cnh2 = -0.883939

cnh3 = 0.669262

snh1 = -0.536009

snh2 = -0.314088

snh3 = -0.657334

Hx = -0.0268657

Hy = 0.0306088

Hz = 0.0143074

cnf11 = 0.882379

cnf21 = 0.280324

cnf31 = 0.375914

cnf12 = 0.882379

cnf22 = 0.127515

cnf32 = 0.39977

cnt1 = 0.462106

cnt2 = 0.485165

snf11 = 0.58601

snf21 = 0.984485

snf31 = 0.941693

snf12 = 0.58601

snf22 = 0.929376

snf32 = 0.880995

snt1 = 0.816369

snt2 = 0.858079

p :=
1 1    0.0268974
1 2    0.0168226
1 3   -0.0583949
2 1    0.0297574
2 2   -0.0173484
2 3   -0.0132791
3 1   -0.0130615
3 2   -0.0309909
3 3   -0.0578798
;

mf :=
1 1   -0.728998
1 2   -0.1744
1 3    0.52628
2 1   -0.741983
2 2    0.277228
2 3    0.155358
;

mt [*] :=
1  0.29447
2  0.562907
3  0.530724
;

phi :=
1 1   0.00263709
1 2   0.0165437
1 3   0.044641
2 1   0
2 2   0
2 3   0
3 1   0.00242701
3 2   0.0163122
3 3   0.0443114
4 1   0.270324
4 2   0.251111
4 3   0.432143
;

l [*,1,*]
:       1           2           3        :=
1   -0.72941    -0.174795    0.52563
2   -0.211983    0.321373    1.34212
3   -0.727763   -0.173216    0.528229
4   -1.24601    -0.670172   -0.289559

 [*,2,*]
:       1           2           3        :=
1   -0.742033    0.27761     0.154664
2   -0.678275   -0.202942    1.02665
3   -0.74183     0.276081    0.157439
4   -0.80569     0.757395   -0.715936

 [*,3,*]
:       1            2           3        :=
1    0.295063    0.562453     0.530891
2   -0.450688    1.13253      0.321319
3    0.29269     0.564267     0.530224
4    1.03963    -0.00671289   0.740129
;

W[i,j,k] :=
1 1 1   -0.72941
1 1 2   -0.174795
1 1 3    0.52563
2 1 1   -0.211983
2 1 2    0.321373
2 1 3    1.34212
3 1 1   -0.727763
3 1 2   -0.173216
3 1 3    0.528229
4 1 1   -1.24601
4 1 2   -0.670172
4 1 3   -0.289559
;

W[i,j,k] :=
1 1 4   -0.00136466
1 1 5    0.0284557
1 1 6    0.00756903
2 1 4    0.0413445
2 1 5   -0.0237209
2 1 6    0.0122102
3 1 4   -0.00122872
3 1 5    0.0282896
3 1 6    0.0075838
4 1 4   -0.0440057
4 1 5    0.080549
4 1 6    0.00293523
;

W[i,j,k] :=
1 2 1   -0.742033
1 2 2    0.27761
1 2 3    0.154664
2 2 1   -0.678275
2 2 2   -0.202942
2 2 3    1.02665
3 2 1   -0.74183
3 2 2    0.276081
3 2 3    0.157439
4 2 1   -0.80569
4 2 2    0.757395
4 2 3   -0.715936
;

W[i,j,k] :=
1 2 4    0.00100325
1 2 5    0.00525116
1 2 6   -0.00461212
2 2 4   -0.0205057
2 2 5   -0.0215437
2 2 6   -0.017806
3 2 4    0.000934791
3 2 5    0.00516588
3 2 6   -0.00465412
4 2 4    0.0224779
4 2 5    0.0320032
4 2 6    0.0085607
;

W[i,j,k] :=
1 3 1    0.295063
1 3 2    0.562453
1 3 3    0.530891
2 3 1   -0.450688
2 3 2    1.13253
2 3 3    0.321319
3 3 1    0.29269
3 3 2    0.564267
3 3 3    0.530224
4 3 1    1.03963
4 3 2   -0.00671289
4 3 3    0.740129
;

W[i,j,k] :=
1 3 4    0.0161019
1 3 5   -0.0101439
1 3 6    0.00179778
2 3 4    0.0555925
2 3 5    0.0302826
2 3 6   -0.0287598
3 3 4    0.0162275
3 3 5   -0.0100153
3 3 6    0.00170052
4 3 4   -0.0233258
4 3 5   -0.050506
4 3 6    0.0323066
;

f11 = 11.7014

f12 = 15

f13 = 6.11864

f21 = 0.349436

f22 = 0

f23 = 0.0655297

f31 = 12.3743

f32 = 15

f33 = -4.54456

