solve_message = ' \
Ipopt 3.9.1: Optimal Solution Found'

Solve time:
_solve_time = 3.72842

Objective:
torque = 3.59844

cnh1 = -0.540366

cnh2 = 0.892546

cnh3 = 0.277786

snh1 = -0.766815

snh2 = -0.288724

snh3 = -0.896011

Hx = -0.0536457

Hy = 0.0282494

Hz = -0.0215296

cnf11 = 0.838399

cnf21 = 0.54695

cnf31 = 0.512288

cnf12 = 0.838399

cnf22 = 0.245276

cnf32 = 0.390225

cnt1 = 0.357758

cnt2 = 0.45468

snf11 = 0.420818

snf21 = 0.762132

snf31 = 0.844621

snf12 = 0.420818

snf22 = 0.964697

snf32 = 0.918174

snt1 = 0.867185

snt2 = 0.870643

p :=
1 1   -0.0138709
1 2   -0.0302967
1 3    0.0587789
2 1    0.00921411
2 2   -0.0331895
2 3   -0.0202057
3 1    0.0323167
3 2    0.0147104
3 3   -0.00935098
;

mf :=
1 1    0.105422
1 2    0.517765
1 3   -0.583332
2 1   -0.352313
2 2    0.7674
2 3   -0.13904
;

mt [*] :=
1  -0.77305
2  -0.232675
3   0.0569094
;

phi :=
1 1   0.0367114
1 2   0.0127311
1 3   0.077808
2 1   0
2 2   0
2 3   0.0106605
3 1   0.036428
3 2   0.0125303
3 3   0.0774652
4 1   0.292572
4 2   0.156161
4 3   0.351458
;

l [*,1,*]
:       1          2           3        :=
1    0.10601    0.518004   -0.582982
2   -0.632473   0.217623   -1.02333
3    0.10366    0.517048   -0.584383
4    0.843315   0.817907   -0.143334

 [*,2,*]
:       1           2           3        :=
1   -0.352013    0.767604   -0.138393
2   -0.728497    0.512164   -0.951683
3   -0.353211    0.766791   -0.140981
4    0.0238709   1.02264     0.673601

 [*,3,*]
:       1           2           3         :=
1   -0.772857   -0.233345    0.0566204
2   -1.01548     0.609085    0.419885
3   -0.773629   -0.230664    0.0577766
4   -0.530624   -1.07443    -0.306065
;

W[i,j,k] :=
1 1 1    0.10601
1 1 2    0.518004
1 1 3   -0.582982
2 1 1   -0.632473
2 1 2    0.217623
2 1 3   -1.02333
3 1 1    0.10366
3 1 2    0.517048
3 1 3   -0.584383
4 1 1    0.843315
4 1 2    0.817907
4 1 3   -0.143334
;

W[i,j,k] :=
1 1 4   -0.0127853
1 1 5   -0.00185534
1 1 6   -0.00397344
2 1 4    0.018212
2 1 5   -0.0513706
2 1 6   -0.0221805
3 1 4   -0.0126866
3 1 5   -0.00201294
3 1 6   -0.00403139
4 1 4   -0.0437331
4 1 5    0.0475809
4 1 6    0.0142045
;

W[i,j,k] :=
1 2 1   -0.352013
1 2 2    0.767604
1 2 3   -0.138393
2 2 1   -0.728497
2 2 2    0.512164
2 2 3   -0.951683
3 2 1   -0.353211
3 2 2    0.766791
3 2 3   -0.140981
4 2 1    0.0238709
4 2 2    1.02264
4 2 3    0.673601
;

W[i,j,k] :=
1 2 4    0.0201032
1 2 5    0.00838785
1 2 6   -0.00461035
2 2 4    0.0419345
2 2 5    0.0234887
2 2 6   -0.0194593
3 2 4    0.0201727
3 2 5    0.00843591
3 2 6   -0.00465761
4 2 4   -0.00169333
4 2 5   -0.00668895
4 2 6    0.0102149
;

W[i,j,k] :=
1 3 1   -0.772857
1 3 2   -0.233345
1 3 3    0.0566204
2 3 1   -1.01548
2 3 2    0.609085
2 3 3    0.419885
3 3 1   -0.773629
3 3 2   -0.230664
3 3 3    0.0577766
4 3 1   -0.530624
4 3 2   -1.07443
4 3 3   -0.306065
;

W[i,j,k] :=
1 3 4   -0.0013491
1 3 5    0.00539719
1 3 6    0.0038281
2 3 4    0.0118722
2 3 5   -0.0040736
2 3 6    0.0346217
3 3 4   -0.00130702
3 3 5    0.00536704
3 3 6    0.00392611
4 3 4   -0.0145493
4 3 5    0.0148529
4 3 6   -0.0269164
;

f11 = 7.89226

f12 = 10.1537

f13 = -1.95309

f21 = 0.349939

f22 = 0

f23 = 0.0627929

f31 = 4.75991

f32 = 10.5189

f33 = -6.94822

