solve_message = ' \
Ipopt 3.9.1: Maximum Number of Iterations Exceeded.'

Solve time:
_solve_time = 68.0008

Objective:
torque = 7.98952

cnh1 = 0.794841

cnh2 = -0.787619

cnh3 = -0.303524

snh1 = 0.812774

snh2 = -0.575715

snh3 = -1.05021

Hx = 0.0604448

Hy = -0.0973567

Hz = -0.0352737

cnf11 = 0.577016

cnf21 = 0.303726

cnf31 = 0.362295

cnf12 = 0.532096

cnf22 = 0.661305

cnf32 = 0.543329

cnt1 = 0.588703

cnt2 = 0.492916

snf11 = 0.750378

snf21 = 1

snf31 = 0.968811

snf12 = 0.817363

snf22 = 0.67323

snf32 = 0.832689

snt1 = 0.859384

snt2 = 0.875939

p :=
1 1   -0.0360877
1 2    0.00881434
1 3   -0.0444429
2 1    0.0148721
2 2   -0.0113414
2 3    0.0660449
3 1    0.0116903
3 2    0.0322315
3 3   -0.0520332
;

mf :=
1 1    1.27103
1 2   -0.47797
1 3   -0.0151706
2 1   -0.0670111
2 2   -0.047966
2 3   -0.944699
;

mt [*] :=
1  -0.239539
2  -1.02676
3   0.432194
;

phi :=
1 1   0.0370274
1 2   0.0817109
1 3   0.0392793
2 1   0
2 2   0.0271654
2 3   0
3 1   0.03681
3 2   0.0814493
3 3   0.0390397
4 1   0.244672
4 2   0.255239
4 3   0.311204
;

l [*,1,*]
:      1           2           3         :=
1   1.2779     -0.477579   -0.0168441
2   0.942417   -1.70778     0.409303
3   1.27682    -0.481491   -0.0154927
4   1.62568     0.747445   -0.440626

 [*,2,*]
:       1            2            3        :=
1   -0.0760894   -0.0494205   -0.947229
2    1.16152     -0.283978    -0.97512
3   -0.0721524   -0.0501672   -0.947318
4   -1.30578      0.181593    -0.919465

 [*,3,*]
:       1            2           3        :=
1   -0.235498    -1.02491     0.434976
2   -0.0538506   -1.6798     -0.584629
3   -0.23491     -1.027       0.43173
4   -0.415361    -0.374221    1.45263
;

W[i,j,k] :=
1 1 1    1.27217
1 1 2   -0.470087
1 1 3   -0.0153155
2 1 1    0.927925
2 1 2   -1.69267
2 1 3    0.420571
3 1 1    1.27107
3 1 2   -0.473974
3 1 3   -0.0139317
4 1 1    1.63027
4 1 2    0.74606
4 1 3   -0.449432
;

W[i,j,k] :=
1 1 4   -0.0199849
1 1 5   -0.0573722
1 1 6    0.00441009
2 1 4   -0.0706765
2 1 5   -0.0271324
2 1 6    0.043912
3 1 4   -0.0201463
3 1 5   -0.0572758
3 1 6    0.00453602
4 1 4    0.0309771
4 1 5   -0.0882057
4 1 6   -0.035182
;

W[i,j,k] :=
1 2 1   -0.0763172
1 2 2   -0.0449483
1 2 3   -0.946447
2 2 1    1.14772
2 2 2   -0.281371
2 2 3   -0.970561
3 2 1   -0.0724242
3 2 2   -0.0456992
3 2 3   -0.946525
4 2 1   -1.28768
4 2 2    0.184411
4 2 3   -0.92215
;

W[i,j,k] :=
1 2 4    0.0085138
1 2 5    0.00756983
1 2 6   -0.000480194
2 2 4    0.023158
2 2 5    0.0880703
2 2 6    0.003027
3 2 4    0.00856042
3 2 5    0.00782571
3 2 6   -0.000468986
4 2 4   -0.00535389
4 2 5   -0.0725872
4 2 6   -0.0039895
;

W[i,j,k] :=
1 3 1   -0.229337
1 3 2   -1.02458
1 3 3    0.437729
2 3 1   -0.0478571
2 3 2   -1.66872
2 3 3   -0.570547
3 3 1   -0.228744
3 3 2   -1.02664
3 3 3    0.434518
4 3 1   -0.407191
4 3 2   -0.385907
4 3 3    1.44451
;

W[i,j,k] :=
1 3 4   -0.0388046
1 3 5    0.00698734
1 3 6   -0.00433477
2 3 4   -0.105672
2 3 5    0.00949866
2 3 6   -0.0174562
3 3 4   -0.0390166
3 3 5    0.00699389
3 3 6   -0.00437671
4 3 4    0.0278432
4 3 5    0.00455345
4 3 6    0.00866073
;

f11 = 10.3423

f12 = 15

f13 = 0.44339

f21 = 5.01661

f22 = 13.842

f23 = 0.124495

f31 = 8.64259

f32 = 14.2702

f33 = -1.00953

