solve_message = ' \
Ipopt 3.9.1: Converged to a locally infeasible point. Problem may be infeasible.'

Solve time:
_solve_time = 4.69563

Objective:
torque = 8.13933

cnh1 = 0.901704

cnh2 = 0.383655

cnh3 = 0.890549

snh1 = 0.25871

snh2 = -0.856042

snh3 = 0.294826

Hx = 0.0469298

Hy = 0.0422471

Hz = -0.0627348

cnf11 = 0.932738

cnf21 = -0.0800879

cnf31 = 0.371367

cnf12 = 0.932738

cnf22 = 0.887339

cnf32 = 0.60768

cnt1 = 0.461301

cnt2 = 0.420724

snf11 = 0

snf21 = 0.934658

snf31 = 0.861444

snf12 = 0

snf22 = 0.538316

snf32 = 0.800627

snt1 = 0.953521

snt2 = 0.929485

p :=
1 1    0.0129114
1 2    0.0286496
1 3   -0.0589505
2 1    0.0214664
2 2    0.0203685
2 3    0.0612159
3 1   -0.0311971
3 2   -0.0106522
3 3   -0.0596446
;

mf :=
1 1    0.433235
1 2    0.340355
1 3   -0.510461
2 1   -0.44845
2 2   -0.0696313
2 3   -0.779734
;

mt [*] :=
1  0.710144
2  0.402916
3  0.473965
;

phi :=
1 1   0.0439053
1 2   0.0994526
1 3   0.0959689
2 1   0.0366001
2 2   0.046671
2 3   0.0450419
3 1   0.0438813
3 2   0.0992746
3 3   0.0957945
4 1   0.0516581
4 2   0.158039
4 3   0.154861
;

l [*,1,*]
:      1           2           3         :=
1   0.433273    0.339752   -0.510844
2   0.38473     1.09703    -0.0296949
3   0.433119    0.342162   -0.509312
4   0.481739   -0.416316   -0.991225

 [*,2,*]
:       1           2            3        :=
1   -0.448579   -0.0703808   -0.779576
2   -0.287141    0.871526    -0.978596
3   -0.448065   -0.0673829   -0.780209
4   -0.609759   -1.01079     -0.580872

 [*,3,*]
:      1          2           3        :=
1   0.709681   0.403185    0.474595
2   1.29071    0.065238   -0.317416
3   0.711531   0.40211     0.472074
4   0.129575   0.740593    1.26534
;

W[i,j,k] :=
1 1 1    0.433273
1 1 2    0.339752
1 1 3   -0.510844
2 1 1    0.38473
2 1 2    1.09703
2 1 3   -0.0296949
3 1 1    0.433119
3 1 2    0.342162
3 1 3   -0.509312
4 1 1    0.481739
4 1 2   -0.416316
4 1 3   -0.991225
;

W[i,j,k] :=
1 1 4    0.00539307
1 1 5   -0.0189459
1 1 6   -0.00802643
2 1 4    0.0638195
2 1 5   -0.0222966
2 1 6    0.00314182
3 1 4    0.00557902
3 1 5   -0.0189566
3 1 6   -0.00799088
4 1 4   -0.0529402
4 1 5   -0.0156006
4 1 6   -0.0191769
;

W[i,j,k] :=
1 2 1   -0.448579
1 2 2   -0.0703808
1 2 3   -0.779576
2 2 1   -0.287141
2 2 2    0.871526
2 2 3   -0.978596
3 2 1   -0.448065
3 2 2   -0.0673829
3 2 3   -0.780209
4 2 1   -0.609759
4 2 2   -1.01079
4 2 3   -0.580872
;

W[i,j,k] :=
1 2 4   -0.0115704
1 2 5   -0.0107254
1 2 6    0.00762606
2 2 4   -0.0732838
2 2 5    0.00342941
2 2 6    0.0245572
3 2 4   -0.0117668
3 2 5   -0.0106804
3 2 6    0.00767994
4 2 4    0.0500446
4 2 5   -0.0248577
4 2 6   -0.00927808
;

W[i,j,k] :=
1 3 1    0.709681
1 3 2    0.403185
1 3 3    0.474595
2 3 1    1.29071
2 3 2    0.065238
2 3 3   -0.317416
3 3 1    0.711531
3 3 2    0.40211
3 3 3    0.472074
4 3 1    0.129575
4 3 2    0.740593
4 3 3    1.26534
;

W[i,j,k] :=
1 3 4    0.0189924
1 3 5   -0.0275227
1 3 6   -0.00501853
2 3 4    0.00727228
2 3 5   -0.0868867
2 3 6    0.0117137
3 3 4    0.0189551
3 3 5   -0.0277117
3 3 6   -0.00496527
4 3 4    0.0306937
4 3 5    0.0317465
4 3 6   -0.0217241
;

f11 = 13.1548

f12 = 15

f13 = -1.14549

f21 = 5.35268

f22 = 10.3213

f23 = -1.09673

f31 = 13.1007

f32 = 15

f33 = -1.65271

