solve_message = ' \
Ipopt 3.9.1: Converged to a locally infeasible point. Problem may be infeasible.'

Solve time:
_solve_time = 3.83762

Objective:
torque = 8.53397

cnh1 = 0.0835874

cnh2 = 0.0774029

cnh3 = -0.460721

snh1 = 0.934352

snh2 = -0.934884

snh3 = -0.817151

Hx = 0.0375555

Hy = -0.0187976

Hz = 0.0536368

cnf11 = 0.31132

cnf21 = 0.0317012

cnf31 = 0.383733

cnf12 = 0.31132

cnf22 = 0.272506

cnf32 = 0.432138

cnt1 = 0.766

cnt2 = 0.7431

snf11 = 0.884918

snf21 = 0.937547

snf31 = 0.875967

snf12 = 0.884918

snf22 = 0.89763

snf32 = 0.87756

snt1 = 0

snt2 = 0.6691

p :=
1 1   -0.0332789
1 2   -0.000554743
1 3    0.0535182
2 1   -0.00365312
2 2    0.0340941
2 3    0.055272
3 1    0.0243272
3 2   -0.0217073
3 3   -0.0603873
;

mf :=
1 1    0.757365
1 2   -0.158027
1 3   -0.105629
2 1    0.211844
2 2   -0.704202
2 3   -0.123511
;

mt [*] :=
1  -0.518249
2   0.371594
3   0.417384
;

phi :=
1 1   0.0631138
1 2   0.0701214
1 3   0.118928
2 1   0.0272646
2 2   0.0688937
2 3   0.0935782
3 1   0.0629766
3 2   0.0701166
3 3   0.118832
4 1   0.115973
4 2   0.0718581
4 3   0.153493
;

l [*,1,*]
:      1           2           3        :=
1   0.757308   -0.157789   -0.106332
2   0.828766   -0.456809    0.776127
3   0.757535   -0.15874    -0.103523
4   0.685964    0.140754   -0.987383

 [*,2,*]
:       1           2           3        :=
1    0.211271   -0.704372   -0.123086
2    0.930855   -0.491015   -0.657217
3    0.213561   -0.703693   -0.124786
4   -0.507165   -0.917388    0.410192

 [*,3,*]
:       1           2           3        :=
1   -0.518156    0.372133    0.416907
2   -0.634258   -0.305598    1.01744
3   -0.518526    0.369976    0.418818
4   -0.40224     1.04878    -0.182664
;

W[i,j,k] :=
1 1 1    0.757308
1 1 2   -0.157789
1 1 3   -0.106332
2 1 1    0.828766
2 1 2   -0.456809
2 1 3    0.776127
3 1 1    0.757535
3 1 2   -0.15874
3 1 3   -0.103523
4 1 1    0.685964
4 1 2    0.140754
4 1 3   -0.987383
;

W[i,j,k] :=
1 1 4    0.00850355
1 1 5    0.0369912
1 1 6    0.00567115
2 1 4    0.024017
2 1 5    0.0701827
2 1 6    0.0156619
3 1 4    0.00855293
3 1 5    0.0370968
3 1 6    0.00570295
4 1 4   -0.00698517
4 1 5    0.00385252
4 1 6   -0.00430361
;

W[i,j,k] :=
1 2 1    0.211271
1 2 2   -0.704372
1 2 3   -0.123086
2 2 1    0.930855
2 2 2   -0.491015
2 2 3   -0.657217
3 2 1    0.213561
3 2 2   -0.703693
3 2 3   -0.124786
4 2 1   -0.507165
4 2 2   -0.917388
4 2 3    0.410192
;

W[i,j,k] :=
1 2 4    0.0347355
1 2 5    0.0112277
1 2 6   -0.00462995
2 2 4    0.00473214
2 2 5    0.0490493
2 2 6   -0.029943
3 2 4    0.03464
3 2 5    0.0113481
3 2 6   -0.00471052
4 2 4    0.064691
4 2 5   -0.0265335
4 2 6    0.0206427
;

W[i,j,k] :=
1 3 1   -0.518156
1 3 2    0.372133
1 3 3    0.416907
2 3 1   -0.634258
2 3 2   -0.305598
2 3 3    1.01744
3 3 1   -0.518526
3 3 2    0.369976
3 3 3    0.418818
4 3 1   -0.40224
4 3 2    1.04878
4 3 3   -0.182664
;

W[i,j,k] :=
1 3 4    0.0134222
1 3 5    0.0211479
1 3 6   -0.00219485
2 3 4   -0.0405401
2 3 5    0.0135498
2 3 6   -0.0212024
3 3 4    0.0132504
3 3 5    0.0211237
3 3 6   -0.00225534
4 3 4    0.0672983
4 3 5    0.0287339
4 3 6    0.0167824
;

f11 = 13.2045

f12 = 15

f13 = 0.00192053

f21 = 12.5861

f22 = 15

f23 = -3.99365

f31 = -9.00869

f32 = 15

f33 = 1.75359

