solve_message = ' \
Ipopt 3.9.1: Optimal Solution Found'

Solve time:
_solve_time = 3.01082

Objective:
torque = 3.04684

cnh1 = 0.63524

cnh2 = -0.507324

cnh3 = 1.05684

snh1 = -0.690271

snh2 = 0.789066

snh3 = 0.0712759

Hx = -0.0352201

Hy = 0.0506331

Hz = 0.0405744

cnf11 = 0.936637

cnf21 = 0.617657

cnf31 = 0.536746

cnf12 = 0.936637

cnf22 = 0.614155

cnf32 = 0.481671

cnt1 = 0.400845

cnt2 = 0.392822

snf11 = 0

snf21 = 0.706046

snf31 = 0.830942

snf12 = 0

snf22 = 0.863024

snf32 = 0.891448

snt1 = 0.980468

snt2 = 0.948246

p :=
1 1   -0.0289275
1 2    0.00364445
1 3   -0.0640608
2 1    0.0147956
2 2    0.0175213
2 3   -0.0636556
3 1    0.0243562
3 2   -0.024357
3 3    0.00860075
;

mf :=
1 1    0.111141
1 2   -0.163608
1 3    0.797886
2 1    0.101583
2 2    0.0098173
2 3    0.963926
;

mt [*] :=
1  -0.617721
2   0.747487
3  -0.189774
;

phi :=
1 1   0.0598369
1 2   0.0355071
1 3   0.0542681
2 1   0.00482771
2 2   0
2 3   0
3 1   0.0595704
3 2   0.035315
3 3   0.0539434
4 1   0.235773
4 2   0.144247
4 3   0.355852
;

l [*,1,*]
:       1            2          3        :=
1    0.110989    -0.164386   0.797697
2    0.301495     0.812616   1.03511
3    0.111596    -0.161276   0.798453
4   -0.0792125   -1.13983    0.560661

 [*,2,*]
:       1            2           3        :=
1   0.101535     0.00895825   0.963867
2   0.161831     1.08857      1.03783
3   0.101727     0.0123944    0.964103
4   0.0413344   -1.06894      0.890021

 [*,3,*]
:       1           2           3        :=
1   -0.617158    0.74776    -0.190447
2   -1.32499     0.405234    0.654885
3   -0.619411    0.74667    -0.187756
4    0.0895432   1.08974    -1.03443
;

W[i,j,k] :=
1 1 1    0.110989
1 1 2   -0.164386
1 1 3    0.797697
2 1 1    0.301495
2 1 2    0.812616
2 1 3    1.03511
3 1 1    0.111596
3 1 2   -0.161276
3 1 3    0.798453
4 1 1   -0.0792125
4 1 2   -1.13983
4 1 3    0.560661
;

W[i,j,k] :=
1 1 4   -0.00762351
1 1 5    0.0159653
1 1 6    0.00435077
2 1 4    0.0558293
2 1 5    0.0106292
2 1 6   -0.0246057
3 1 4   -0.00742156
3 1 5    0.0159483
3 1 6    0.0042586
4 1 4   -0.0709751
4 1 5    0.0212929
4 1 6    0.033261
;

W[i,j,k] :=
1 2 1    0.101535
1 2 2    0.00895825
1 2 3    0.963867
2 2 1    0.161831
2 2 2    1.08857
2 2 3    1.03783
3 2 1    0.101727
3 2 2    0.0123944
3 2 3    0.964103
4 2 1    0.0413344
4 2 2   -1.06894
4 2 3    0.890021
;

W[i,j,k] :=
1 2 4    0.0174585
1 2 5   -0.0207242
1 2 6   -0.00164648
2 2 4    0.087478
2 2 5   -0.0256568
2 2 6    0.0132706
3 2 4    0.0176813
3 2 5   -0.0207399
3 2 6   -0.001599
4 2 4   -0.0524494
4 2 5   -0.0157995
4 2 6   -0.0165398
;

W[i,j,k] :=
1 3 1   -0.617158
1 3 2    0.74776
1 3 3   -0.190447
2 3 1   -1.32499
2 3 2    0.405234
2 3 3    0.654885
3 3 1   -0.619411
3 3 2    0.74667
3 3 3   -0.187756
4 3 1    0.0895432
4 3 2    1.08974
4 3 3   -1.03443
;

W[i,j,k] :=
1 3 4   -0.0017926
1 3 5   -0.000669446
1 3 6    0.00318044
2 3 4   -0.0194364
2 3 5   -0.0273463
2 3 6   -0.0224028
3 3 4   -0.00184876
3 3 5   -0.000754353
3 3 6    0.00309901
4 3 4    0.015823
4 3 5    0.0259649
4 3 6    0.0287229
;

f11 = 5.77571

f12 = 7.21858

f13 = -0.33165

f21 = -0.574929

f22 = 0.585253

f23 = -0.0930394

f31 = 6.70307

f32 = 8.38161

f33 = 0.386834

