solve_message = ' \
Ipopt 3.9.1: Optimal Solution Found'

Solve time:
_solve_time = 8.53325

Objective:
torque = 3.59843

cnh1 = -0.766827

cnh2 = 0.892545

cnh3 = 0.27778

snh1 = 0.540348

snh2 = -0.288727

snh3 = -0.896013

Hx = 0.0282483

Hy = 0.0536463

Hz = -0.0215293

cnf11 = 0.838404

cnf21 = 0.54695

cnf31 = 0.512288

cnf12 = 0.838404

cnf22 = 0.245275

cnf32 = 0.390228

cnt1 = 0.357757

cnt2 = 0.45468

snf11 = 0.420808

snf21 = 0.762132

snf31 = 0.844621

snf12 = 0.420808

snf22 = 0.964693

snf32 = 0.91817

snt1 = 0.867185

snt2 = 0.870643

p :=
1 1   -0.0302974
1 2    0.0138697
1 3    0.0587783
2 1   -0.0331894
2 2   -0.00921444
2 3   -0.020206
3 1    0.0147111
3 2   -0.0323164
3 3   -0.00935139
;

mf :=
1 1    0.517774
1 2   -0.105408
1 3   -0.583327
2 1    0.76739
2 2    0.352322
2 3   -0.13904
;

mt [*] :=
1  -0.23269
2   0.773045
3   0.0569146
;

phi :=
1 1   0.0366364
1 2   0.0132623
1 3   0.0769569
2 1   0
2 2   0
2 3   0.00988906
3 1   0.0363535
3 2   0.0130602
3 3   0.0766139
4 1   0.291277
4 2   0.157709
4 3   0.352514
;

l [*,1,*]
:      1           2           3        :=
1   0.518013   -0.105996   -0.582976
2   0.217618    0.632481   -1.02333
3   0.517057   -0.103645   -0.584378
4   0.817928   -0.843294   -0.143327

 [*,2,*]
:      1           2            3        :=
1   0.767593    0.352023    -0.138393
2   0.512144    0.728511    -0.951676
3   0.76678     0.353221    -0.140982
4   1.02263    -0.0238647    0.673592

 [*,3,*]
:       1          2           3         :=
1   -0.233361   0.772852    0.0566256
2    0.609064   1.01549     0.419893
3   -0.230679   0.773624    0.0577818
4   -1.07444    0.530604   -0.306063
;

W[i,j,k] :=
1 1 1    0.518013
1 1 2   -0.105996
1 1 3   -0.582976
2 1 1    0.217618
2 1 2    0.632481
2 1 3   -1.02333
3 1 1    0.517057
3 1 2   -0.103645
3 1 3   -0.584378
4 1 1    0.817928
4 1 2   -0.843294
4 1 3   -0.143327
;

W[i,j,k] :=
1 1 4   -0.00185548
1 1 5    0.0127852
1 1 6   -0.0039733
2 1 4   -0.0513694
2 1 5   -0.018213
2 1 6   -0.0221808
3 1 4   -0.00201307
3 1 5    0.0126866
3 1 6   -0.00403125
4 1 4    0.0475795
4 1 5    0.043734
4 1 6    0.0142052
;

W[i,j,k] :=
1 2 1    0.767593
1 2 2    0.352023
1 2 3   -0.138393
2 2 1    0.512144
2 2 2    0.728511
2 2 3   -0.951676
3 2 1    0.76678
3 2 2    0.353221
3 2 3   -0.140982
4 2 1    1.02263
4 2 2   -0.0238647
4 2 3    0.673592
;

W[i,j,k] :=
1 2 4    0.00838818
1 2 5   -0.0201031
1 2 6   -0.00461049
2 2 4    0.0234894
2 2 5   -0.0419339
2 2 6   -0.0194597
3 2 4    0.00843624
3 2 5   -0.0201726
3 2 6   -0.00465775
4 2 4   -0.00668898
4 2 5    0.00169278
4 2 6    0.010215
;

W[i,j,k] :=
1 3 1   -0.233361
1 3 2    0.772852
1 3 3    0.0566256
2 3 1    0.609064
2 3 2    1.01549
2 3 3    0.419893
3 3 1   -0.230679
3 3 2    0.773624
3 3 3    0.0577818
4 3 1   -1.07444
4 3 2    0.530604
4 3 3   -0.306063
;

W[i,j,k] :=
1 3 4    0.0053973
1 3 5    0.00134922
1 3 6    0.0038281
2 3 4   -0.00407324
2 3 5   -0.0118727
2 3 6    0.0346216
3 3 4    0.00536716
3 3 5    0.00130714
3 3 6    0.00392611
4 3 4    0.0148527
4 3 5    0.01455
4 3 6   -0.0269163
;

f11 = 7.89224

f12 = 10.1537

f13 = -1.9532

f21 = 0.349939

f22 = 0

f23 = 0.0627917

f31 = 4.75997

f32 = 10.5189

f33 = -6.94819

