solve_message = ' \
Ipopt 3.9.1: Optimal Solution Found'

Solve time:
_solve_time = 2.16841

Objective:
torque = 2.61757

cnh1 = 0.735379

cnh2 = 0.109934

cnh3 = 0.694349

snh1 = 0.762377

snh2 = -0.931619

snh3 = 0.799925

Hx = -0.0175838

Hy = 0.0842995

Hz = -0.0369892

cnf11 = 0.937989

cnf21 = 0.803322

cnf31 = 0.61417

cnf12 = 0.937989

cnf22 = 0.801895

cnf32 = 0.599756

cnt1 = 0.427419

cnt2 = 0.405749

snf11 = 0

snf21 = 0.484432

snf31 = 0.778785

snf12 = 0

snf22 = 0.540325

snf32 = 0.794543

snt1 = 0.969182

snt2 = 0.939302

p :=
1 1    0.0269671
1 2    0.00631617
1 3    0.0624521
2 1   -0.0233507
2 2   -0.00307309
2 3    0.0635794
3 1   -0.00625217
3 2   -0.0319332
3 3   -0.0605076
;

mf :=
1 1   -0.0412242
1 2   -0.197426
1 3   -0.798899
2 1   -0.0797075
2 2   -0.132131
2 3   -0.834883
;

mt [*] :=
1  -0.0346117
2   0.863525
3   0.684125
;

phi :=
1 1   0.0653611
1 2   0.06341
1 3   0.0951414
2 1   0.0282214
2 2   0.0273241
2 3   0.0381556
3 1   0.0652088
3 2   0.0632627
3 3   0.0948856
4 1   0.132638
4 2   0.127897
4 3   0.23177
;

l [*,1,*]
:       1            2           3        :=
1   -0.0404963   -0.198021   -0.798834
2   -0.955324     0.549909   -0.880452
3   -0.0434079   -0.195641   -0.799094
4    0.872872    -0.944759   -0.717346

 [*,2,*]
:       1            2           3        :=
1   -0.0789793   -0.132757   -0.834868
2   -0.994183     0.653867   -0.853743
3   -0.0818922   -0.130253   -0.834928
4    0.834764    -0.918125   -0.816022

 [*,3,*]
:       1           2           3        :=
1   -0.0351922   0.86298    0.684657
2    0.69434     1.54767    0.0160146
3   -0.0328702   0.865159   0.682529
4   -0.763561    0.179381   1.35223
;

W[i,j,k] :=
1 1 1   -0.0404963
1 1 2   -0.198021
1 1 3   -0.798834
2 1 1   -0.955324
2 1 2    0.549909
2 1 3   -0.880452
3 1 1   -0.0434079
3 1 2   -0.195641
3 1 3   -0.799094
4 1 1    0.872872
4 1 2   -0.944759
4 1 3   -0.717346
;

W[i,j,k] :=
1 1 4    0.00732126
1 1 5    0.0190131
1 1 6   -0.00508427
2 1 4   -0.0399041
2 1 5   -0.0359187
2 1 6    0.0208634
3 1 4    0.00717096
3 1 5    0.0188383
3 1 6   -0.00500169
4 1 4    0.0544713
4 1 5    0.0738574
4 1 6   -0.0309906
;

W[i,j,k] :=
1 2 1   -0.0789793
1 2 2   -0.132757
1 2 3   -0.834868
2 2 1   -0.994183
2 2 2    0.653867
2 2 3   -0.853743
3 2 1   -0.0818922
3 2 2   -0.130253
3 2 3   -0.834928
4 2 1    0.834764
4 2 2   -0.918125
4 2 3   -0.816022
;

W[i,j,k] :=
1 2 4    0.0110062
1 2 5   -0.0245162
1 2 6    0.00285725
2 2 4   -0.0389488
2 2 5   -0.083145
2 2 6   -0.0183235
3 2 4    0.0108472
3 2 5   -0.0247028
3 2 6    0.00278984
4 2 4    0.0608815
4 2 5    0.034019
4 2 6    0.0240042
;

W[i,j,k] :=
1 3 1   -0.0351922
1 3 2    0.86298
1 3 3    0.684657
2 3 1    0.69434
2 3 2    1.54767
2 3 3    0.0160146
3 3 1   -0.0328702
3 3 2    0.865159
3 3 3    0.682529
4 3 1   -0.763561
4 3 2    0.179381
4 3 3    1.35223
;

W[i,j,k] :=
1 3 4    0.0303535
1 3 5    0.00640998
1 3 6   -0.0065193
2 3 4    0.0931345
2 3 5   -0.0419127
2 3 6    0.0124962
3 3 4    0.0305534
3 3 5    0.00625618
3 3 6   -0.00645877
4 3 4   -0.0323272
4 3 5    0.0546556
4 3 6   -0.0255045
;

f11 = -2.62235

f12 = 5.09148

f13 = -3.13594

f21 = 2.10791

f22 = 2.72715

f23 = 0.660749

f31 = 7.29414

f32 = 9.56456

f33 = -2.33735

