solve_message = ' \
Ipopt 3.9.1: Maximum Number of Iterations Exceeded.'

Solve time:
_solve_time = 80.1533

Objective:
torque = 6.88926

cnh1 = 1.00167

cnh2 = 0.633439

cnh3 = -0.223226

snh1 = 0.0810992

snh2 = 0.713239

snh3 = 0.974549

Hx = 0.00856553

Hy = 0.0856893

Hz = 0.0369003

cnf11 = 0.596167

cnf21 = 0.699725

cnf31 = 0.551404

cnf12 = 0.596095

cnf22 = 0.322393

cnf32 = 0.372155

cnt1 = 0.526738

cnt2 = 0.458573

snf11 = 0.810214

snf21 = 0.681838

snf31 = 0.829788

snf12 = 0.808379

snf22 = 0.992429

snf32 = 0.954967

snt1 = 0.897756

snt2 = 0.900535

p :=
1 1   -0.0281566
1 2    0.00645674
1 3   -0.0636179
2 1    0.0240512
2 2   -0.0253638
2 3    0.036843
3 1   -0.0258065
3 2   -0.0214701
3 3    0.0568586
;

mf :=
1 1    0.199807
1 2    0.0110059
1 3    0.908029
2 1   -0.58618
2 2    0.87929
2 3    0.0667593
;

mt [*] :=
1   0.606309
2   0.603878
3  -0.550997
;

phi :=
1 1   0.0622277
1 2   0.0353588
1 3   0.0694774
2 1   0.00405181
2 2   0
2 3   0.0133748
3 1   0.0619473
3 2   0.0351147
3 3   0.0692134
4 1   0.250824
4 2   0.209506
4 3   0.233816
;

l [*,1,*]
:       1           2           3        :=
1    0.199026    0.0112585   0.908088
2    0.979852    0.747508    0.713331
3    0.20151     0.0136018   0.907468
4   -0.579837   -0.723821    1.1025

 [*,2,*]
:       1           2           3         :=
1   -0.582802    0.880223    0.0680558
2    0.0104567   1.23392     0.947172
3   -0.580921    0.881348    0.0708539
4   -1.17529     0.527582   -0.809688

 [*,3,*]
:       1           2           3        :=
1    0.60767     0.60413    -0.551595
2   -0.18517     1.40818    -0.621116
3    0.605146    0.606685   -0.551817
4    1.39982    -0.198021   -0.482216
;

W[i,j,k] :=
1 1 1    0.198464
1 1 2    0.0105846
1 1 3    0.907816
2 1 1    0.979602
2 1 2    0.747601
2 1 3    0.712167
3 1 1    0.200948
3 1 2    0.0129303
3 1 3    0.907193
4 1 1   -0.580517
4 1 2   -0.725345
4 1 3    1.10309
;

W[i,j,k] :=
1 1 4    0.00599219
1 1 5    0.013188
1 1 6   -0.00154537
2 1 4    0.0515708
2 1 5   -0.04198
2 1 6   -0.0262505
3 1 4    0.00613723
3 1 5    0.0130126
3 1 6   -0.00162398
4 1 4   -0.0394886
4 1 5    0.068135
4 1 6    0.0230977
;

W[i,j,k] :=
1 2 1   -0.582822
1 2 2    0.880436
1 2 3    0.0682795
2 2 1    0.00998904
2 2 2    1.23481
2 2 3    0.94726
3 2 1   -0.580945
3 2 2    0.881563
3 2 3    0.0710772
4 2 1   -1.17491
4 2 2    0.527118
4 2 3   -0.809367
;

W[i,j,k] :=
1 2 4   -0.0343267
1 2 5   -0.0243297
1 2 6    0.00730236
2 2 4   -0.0705745
2 2 5   -0.0248982
2 2 6    0.0285257
3 2 4   -0.034442
3 2 5   -0.0243318
3 2 6    0.00736962
4 2 4    0.00186672
4 2 5   -0.023845
4 2 6   -0.0138846
;

W[i,j,k] :=
1 3 1    0.607817
1 3 2    0.604056
1 3 3   -0.551823
2 3 1   -0.184094
2 3 2    1.40819
2 3 3   -0.621421
3 3 1    0.605297
3 3 2    0.606611
3 3 3   -0.552044
4 3 1    1.39923
4 3 2   -0.198029
4 3 3   -0.482401
;

W[i,j,k] :=
1 3 4   -0.022553
1 3 5    0.0201648
1 3 6   -0.00212033
2 3 4   -0.0662729
2 3 5   -0.0265371
2 3 6   -0.0370525
3 3 4   -0.0226919
3 3 5    0.0200162
3 3 6   -0.00223131
4 3 4    0.0210725
4 3 5    0.0667659
4 3 6    0.0327253
;

f11 = 4.39578

f12 = 13.014

f13 = 1.5026

f21 = 7.12496

f22 = 10.1569

f23 = -2.28591

f31 = 10.4468

f32 = 13.5482

f33 = 0.101774

