solve_message = ' \
Ipopt 3.9.1: Optimal Solution Found'

Solve time:
_solve_time = 5.02323

Objective:
torque = 4.1973

cnh1 = 0.51863

cnh2 = -0.937587

cnh3 = 0.213768

snh1 = -0.78168

snh2 = -0.030497

snh3 = 0.913402

Hx = 0.0530144

Hy = 0.0447848

Hz = 0.024063

cnf11 = 0.349213

cnf21 = 0.418164

cnf31 = 0.471952

cnf12 = 0.349213

cnf22 = 0.54723

cnf32 = 0.512381

cnt1 = 0.439964

cnt2 = 0.463441

snf11 = 0.870661

snf21 = 0.839726

snf31 = 0.863898

snf12 = 0.870661

snf22 = 0.761931

snf32 = 0.844572

snt1 = 0.866277

snt2 = 0.877763

p :=
1 1   -0.0321034
1 2    0.00369965
1 3    0.0609003
2 1   -0.0135598
2 2    0.0272893
2 3   -0.063131
3 1    0.00485662
3 2   -0.0341011
3 3    0.00309809
;

mf :=
1 1    0.608157
1 2    0.141072
1 3   -0.467086
2 1    0.291949
2 2   -0.1465
2 3    0.699402
;

mt [*] :=
1  0.0162025
2  0.838048
3  0.135556
;

phi :=
1 1   0.0580558
1 2   0.0677063
1 3   0.0412041
2 1   0.00172269
2 2   0.0100716
2 3   0
3 1   0.0577777
3 2   0.0674273
3 3   0.0409785
4 1   0.253517
4 2   0.25142
4 3   0.183485
;

l [*,1,*]
:      1           2           3        :=
1   0.608149    0.140363   -0.467263
2   0.618982    1.03195    -0.244124
3   0.608183    0.143201   -0.466553
4   0.597333   -0.749804   -0.690047

 [*,2,*]
:       1           2          3        :=
1    0.291264   -0.146464   0.699671
2    1.15186    -0.192402   0.362107
3    0.294003   -0.14661    0.698597
4   -0.567957   -0.100599   1.0367

 [*,3,*]
:       1           2           3        :=
1    0.0157674   0.838157    0.134921
2    0.56259     0.700947    0.933386
3    0.0175078   0.83772     0.137462
4   -0.530182    0.975148   -0.662271
;

W[i,j,k] :=
1 1 1    0.608149
1 1 2    0.140363
1 1 3   -0.467263
2 1 1    0.618982
2 1 2    1.03195
2 1 3   -0.244124
3 1 1    0.608183
3 1 2    0.143201
3 1 3   -0.466553
4 1 1    0.597333
4 1 2   -0.749804
4 1 3   -0.690047
;

W[i,j,k] :=
1 1 4   -0.0102769
1 1 5    0.0220357
1 1 6   -0.00675607
2 1 4   -0.0637494
2 1 5    0.029859
2 1 6   -0.0354192
3 1 4   -0.010447
3 1 5    0.0220606
3 1 6   -0.00684729
4 1 4    0.0431104
4 1 5    0.0142249
4 1 6    0.0218614
;

W[i,j,k] :=
1 2 1    0.291264
1 2 2   -0.146464
1 2 3    0.699671
2 2 1    1.15186
2 2 2   -0.192402
2 2 3    0.362107
3 2 1    0.294003
3 2 2   -0.14661
3 2 3    0.698597
4 2 1   -0.567957
4 2 2   -0.100599
4 2 3    1.0367
;

W[i,j,k] :=
1 2 4    0.00984715
1 2 5   -0.00890039
1 2 6   -0.00596238
2 2 4   -0.00226489
2 2 5   -0.0678079
2 2 6   -0.0288245
3 2 4    0.0098086
3 2 5   -0.00908788
3 2 6   -0.00603514
4 2 4    0.0219399
4 2 5    0.0499131
4 2 6    0.0168633
;

W[i,j,k] :=
1 3 1    0.0157674
1 3 2    0.838157
1 3 3    0.134921
2 3 1    0.56259
2 3 2    0.700947
2 3 3    0.933386
3 3 1    0.0175078
3 3 2    0.83772
3 3 3    0.137462
4 3 1   -0.530182
4 3 2    0.975148
4 3 3   -0.662271
;

W[i,j,k] :=
1 3 4   -0.00719763
1 3 5   -0.000606409
1 3 6    0.0046083
2 3 4   -0.0340011
2 3 5   -0.00279015
2 3 6    0.0225891
3 3 4   -0.00728294
3 3 5   -0.00061336
3 3 6    0.00466552
4 3 4    0.0195631
4 3 5    0.00157385
4 3 6   -0.0133439
;

f11 = 10.0064

f12 = 13.0832

f13 = -3.08905

f21 = 6.52543

f22 = 11.1596

f23 = 6.1026

f31 = -1.75653

f32 = 2.47763

f33 = -0.981495

