solve_message = ' \
Ipopt 3.9.1: Maximum Number of Iterations Exceeded.'

Solve time:
_solve_time = 73.4297

Objective:
torque = 7.45478

cnh1 = -0.631359

cnh2 = 0.563093

cnh3 = 0.037977

snh1 = -0.694916

snh2 = 0.751176

snh3 = 0.938374

Hx = 0.0518286

Hy = -0.0398699

Hz = 0.0214427

cnf11 = 0.750951

cnf21 = 0.655803

cnf31 = 0.550452

cnf12 = 0.750951

cnf22 = 0.30486

cnf32 = 0.353511

cnt1 = 0.437369

cnt2 = 0.473073

snf11 = 0.655039

snf21 = 0.671966

snf31 = 0.822851

snf12 = 0.65504

snf22 = 0.998804

snf32 = 0.971841

snt1 = 0.841818

snt2 = 0.866544

p :=
1 1    0.000917683
1 2    0.0293343
1 3   -0.0634969
2 1   -0.0344007
2 2   -0.00182314
2 3    0.0327283
3 1    0.00452742
3 2    0.0329615
3 3    0.0587755
;

mf :=
1 1    0.121994
1 2   -0.148779
1 3    0.823766
2 1    0.929664
2 2   -0.0847011
2 3    0.12306
;

mt [*] :=
1   0.0738461
2  -0.603333
3  -0.595019
;

phi :=
1 1   0.0518841
1 2   0.0218459
1 3   0.0864402
2 1   0.000652087
2 2   0
2 3   0.0223129
3 1   0.0516283
3 2   0.0216375
3 3   0.0861326
4 1   0.247869
4 2   0.174536
4 3   0.280965
;

l [*,1,*]
:       1           2          3        :=
1   0.121954    -0.148042   0.823951
2   0.17286     -1.07258    0.592288
3   0.122116    -0.150985   0.823213
4   0.0711286    0.775026   1.05524

 [*,2,*]
:      1           2            3        :=
1   0.929738   -0.0840416    0.122623
2   0.839014   -0.921017     0.672546
3   0.92945    -0.0867055    0.124374
4   1.02032     0.751599    -0.426422

 [*,3,*]
:       1            2           3        :=
1    0.0731297   -0.603507   -0.594923
2    0.97401     -0.384772   -0.717
3    0.075997    -0.60281    -0.595311
4   -0.826313    -0.821892   -0.47304
;

W[i,j,k] :=
1 1 1    0.121954
1 1 2   -0.148042
1 1 3    0.823951
2 1 1    0.17286
2 1 2   -1.07258
2 1 3    0.592288
3 1 1    0.122116
3 1 2   -0.150985
3 1 3    0.823213
4 1 1    0.0711287
4 1 2    0.775026
4 1 3    1.05524
;

W[i,j,k] :=
1 1 4    0.0147693
1 1 5   -0.00850001
1 1 6   -0.00371435
2 1 4   -0.0507319
2 1 5   -0.0115182
2 1 6   -0.00605583
3 1 4    0.0145608
3 1 5   -0.00850961
3 1 6   -0.00372181
4 1 4    0.080166
4 1 5   -0.00548667
4 1 6   -0.00137661
;

W[i,j,k] :=
1 2 1    0.929738
1 2 2   -0.0840416
1 2 3    0.122623
2 2 1    0.839014
2 2 2   -0.921017
2 2 3    0.672546
3 2 1    0.92945
3 2 2   -0.0867055
3 2 3    0.124374
4 2 1    1.02032
4 2 2    0.751599
4 2 3   -0.426422
;

W[i,j,k] :=
1 2 4    0.00252522
1 2 5    0.0346458
1 2 6    0.00458498
2 2 4    0.0289152
2 2 5    0.0505982
2 2 6    0.033207
3 2 4    0.00260921
3 2 5    0.0346966
3 2 6    0.00467607
4 2 4   -0.0238227
4 2 5    0.0187189
4 2 6   -0.0239914
;

W[i,j,k] :=
1 3 1    0.0731296
1 3 2   -0.603507
1 3 3   -0.594923
2 3 1    0.97401
2 3 2   -0.384772
2 3 3   -0.717
3 3 1    0.0759969
3 3 2   -0.60281
3 3 3   -0.595311
4 3 1   -0.826313
4 3 2   -0.821892
4 3 3   -0.47304
;

W[i,j,k] :=
1 3 4    0.0158618
1 3 5    0.00699247
1 3 6   -0.00514295
2 3 4   -0.00101832
2 3 5    0.0604958
2 3 6   -0.0338422
3 3 4    0.0158081
3 3 5    0.00716276
3 3 6   -0.0052343
4 3 4    0.032715
4 3 5   -0.0464255
4 3 6    0.0235105
;

f11 = 5.42206

f12 = 14.6791

f13 = 1.04022

f21 = 6.04902

f22 = 9.47674

f23 = -1.77237

f31 = 13.0081

f32 = 15

f33 = -0.888809

