solve_message = ' \
Ipopt 3.9.1: Converged to a locally infeasible point. Problem may be infeasible.'

Solve time:
_solve_time = 11.3413

Objective:
torque = 4.06102

cnh1 = -0.85935

cnh2 = 0.902203

cnh3 = 0.40511

snh1 = -0.376188

snh2 = 0.256961

snh3 = -0.846101

Hx = -0.0134863

Hy = 0.0879407

Hz = -0.0685731

cnf11 = 0.932738

cnf21 = 0.800339

cnf31 = 0.612672

cnf12 = 0.932738

cnf22 = 0.618708

cnf32 = 0.483443

cnt1 = -0.000479152

cnt2 = 0.379466

snf11 = 0

snf21 = 0.489343

snf31 = 0.779923

snf12 = 0

snf22 = 0.859768

snf32 = 0.890338

snt1 = 0.938083

snt2 = 0.872761

p :=
1 1   -0.0341419
1 2   -0.00518553
1 3   -0.0539067
2 1   -0.0274423
2 2   -0.0195692
2 3   -0.0508533
3 1   -0.012704
3 2    0.0293873
3 3   -0.0577792
;

mf :=
1 1    0.661735
1 2    0.233835
1 3    0.331726
2 1    0.625003
2 2    0.637587
2 3   -0.0125844
;

mt [*] :=
1  -0.463058
2   0.506817
3  -0.390666
;

phi :=
1 1   0.0666239
1 2   0.0229621
1 3   0.0729737
2 1   0.00654232
2 2   0
2 3   0.00107849
3 1   0.0663298
3 2   0.0228697
3 3   0.0726014
4 1   0.273849
4 2   0.0628932
4 3   0.334472
;

l [*,1,*]
:      1           2           3        :=
1   0.661571    0.233497    0.332357
2   0.867667    0.658511   -0.460018
3   0.662227    0.234849    0.329835
4   0.455803   -0.19084     1.12347

 [*,2,*]
:      1          2           3         :=
1   0.625216   0.637381   -0.0118409
2   0.356706   0.895992   -0.946291
3   0.624362   0.638204   -0.014815
4   0.893299   0.379182    0.921119

 [*,3,*]
:       1           2           3        :=
1   -0.463195    0.506297   -0.391203
2   -0.291613    1.16019     0.284397
3   -0.462649    0.508378   -0.389053
4   -0.634503   -0.146557   -1.06573
;

W[i,j,k] :=
1 1 1    0.661571
1 1 2    0.233497
1 1 3    0.332357
2 1 1    0.867667
2 1 2    0.658511
2 1 3   -0.460018
3 1 1    0.662227
3 1 2    0.234849
3 1 3    0.329835
4 1 1    0.455803
4 1 2   -0.19084
4 1 3    1.12347
;

W[i,j,k] :=
1 1 4    0.0108636
1 1 5   -0.0243158
1 1 6   -0.00454144
2 1 4    0.0378836
2 1 5   -0.062479
2 1 6   -0.0179835
3 1 4    0.0109496
3 1 5   -0.0244372
3 1 6   -0.00458422
4 1 4   -0.0161133
4 1 5    0.0137865
4 1 6    0.00887922
;

W[i,j,k] :=
1 2 1    0.625216
1 2 2    0.637381
1 2 3   -0.0118409
2 2 1    0.356706
2 2 2    0.895992
2 2 3   -0.946291
3 2 1    0.624362
3 2 2    0.638204
3 2 3   -0.014815
4 2 1    0.893299
4 2 2    0.379182
4 2 3    0.921119
;

W[i,j,k] :=
1 2 4    0.0326447
1 2 5   -0.0321193
1 2 6   -0.00525622
2 2 4    0.0640823
2 2 5   -0.0441081
2 2 6   -0.0176076
3 2 4    0.0327447
3 2 5   -0.0321574
3 2 6   -0.00529553
4 2 4    0.00125713
4 2 5   -0.0201496
4 2 6    0.0070755
;

W[i,j,k] :=
1 3 1   -0.463195
1 3 2    0.506297
1 3 3   -0.391203
2 3 1   -0.291613
2 3 2    1.16019
2 3 3    0.284397
3 3 1   -0.462649
3 3 2    0.508378
3 3 3   -0.389053
4 3 1   -0.634503
4 3 2   -0.146557
4 3 3   -1.06573
;

W[i,j,k] :=
1 3 4    0.017757
1 3 5    0.0217932
1 3 6    0.00718005
2 3 4    0.0753927
2 3 5    0.0204622
2 3 6   -0.00616934
3 3 4    0.0179405
3 3 5    0.021789
3 3 6    0.00713756
4 3 4   -0.0397867
4 3 5    0.0231221
4 3 6    0.0205081
;

f11 = 4.08195

f12 = 15

f13 = -3.00706

f21 = 0.234865

f22 = 0

f23 = -0.266907

f31 = 7.9033

f32 = 10.1385

f33 = -1.85533

