solve_message = ' \
Ipopt 3.9.1: Converged to a locally infeasible point. Problem may be infeasible.'

Solve time:
_solve_time = 8.47085

Objective:
torque = 4.22993

cnh1 = -0.0563665

cnh2 = -0.803684

cnh3 = 0.810621

snh1 = -0.936388

snh2 = -0.48383

snh3 = 0.472116

Hx = 0.0104023

Hy = -0.0213835

Hz = 0.0264884

cnf11 = 1

cnf21 = 0.264944

cnf31 = 0.430251

cnf12 = 1

cnf22 = 0.226173

cnf32 = 0.42089

cnt1 = 0.766

cnt2 = 0.7431

snf11 = 0

snf21 = 0.899891

snf31 = 0.878016

snf12 = 0

snf22 = 0.91041

snf32 = 0.879909

snt1 = 0

snt2 = 0.6691

p :=
1 1   -0.0144191
1 2    0.0312819
1 3   -0.010064
2 1   -0.00804243
2 2    0.0334865
2 3   -0.0283791
3 1   -0.00346541
3 2    0.032138
3 3   -0.0570208
;

mf :=
1 1    0.206505
1 2   -0.768596
1 3    0.147774
2 1    0.313584
2 2   -0.730251
2 3    0.140743
;

mt [*] :=
1  -0.279483
2   0.638791
3  -0.237606
;

phi :=
1 1   0.0622729
1 2   0.0627661
1 3   0.133832
2 1   0.0669138
2 2   0.0664375
2 3   0.134218
3 1   0.0622873
3 2   0.062778
3 3   0.133838
4 1   0.0577408
4 2   0.0589364
4 3   0.130807
;

l [*,1,*]
:       1           2           3         :=
1    0.205769   -0.768854    0.147599
2    1.12992    -0.44385     0.367457
3    0.208711   -0.76782     0.148299
4   -0.716911   -1.09334    -0.0719069

 [*,2,*]
:       1           2           3        :=
1    0.31292    -0.730616    0.140479
2    1.14741    -0.272952    0.47233
3    0.315576   -0.729159    0.141535
4   -0.520238   -1.18755    -0.190843

 [*,3,*]
:       1          2           3        :=
1   -0.279139   0.638674   -0.238265
2   -0.711874   0.786358    0.590234
3   -0.280516   0.639144   -0.235628
4    0.152906   0.491226   -1.06544
;

W[i,j,k] :=
1 1 1    0.205769
1 1 2   -0.768854
1 1 3    0.147599
2 1 1    1.12992
2 1 2   -0.44385
2 1 3    0.367457
3 1 1    0.208711
3 1 2   -0.76782
3 1 3    0.148299
4 1 1   -0.716911
4 1 2   -1.09334
4 1 3   -0.0719069
;

W[i,j,k] :=
1 1 4   -0.00312055
1 1 5    5.73919e-05
1 1 6    0.00464934
2 1 4    0.00702784
2 1 5   -0.00607315
2 1 6   -0.0289463
3 1 4   -0.00308825
3 1 5    3.78798e-05
3 1 6    0.00454241
4 1 4   -0.0132527
4 1 5    0.00617816
4 1 6    0.0381914
;

W[i,j,k] :=
1 2 1    0.31292
1 2 2   -0.730616
1 2 3    0.140479
2 2 1    1.14741
2 2 2   -0.272952
2 2 3    0.47233
3 2 1    0.315576
3 2 2   -0.729159
3 2 3    0.141535
4 2 1   -0.520238
4 2 2   -1.18755
4 2 3   -0.190843
;

W[i,j,k] :=
1 2 4   -0.0160301
1 2 5   -0.00775059
1 2 6   -0.00460265
2 2 4    0.00807055
2 2 5   -0.0287637
2 2 6   -0.0362275
3 2 4   -0.0159534
3 2 5   -0.00781747
3 2 6   -0.0047033
4 2 4   -0.0400922
4 2 5    0.013229
4 2 6    0.0269717
;

W[i,j,k] :=
1 3 1   -0.279139
1 3 2    0.638674
1 3 3   -0.238265
2 3 1   -0.711874
2 3 2    0.786358
2 3 3    0.590234
3 3 1   -0.280516
3 3 2    0.639144
3 3 3   -0.235628
4 3 1    0.152906
4 3 2    0.491226
4 3 3   -1.06544
;

W[i,j,k] :=
1 3 4    0.0287603
1 3 5    0.015091
1 3 6    0.0067577
2 3 4    0.0638076
2 3 5    0.042637
2 3 6    0.0201532
3 3 4    0.0288719
3 3 5    0.0151787
3 3 6    0.00680034
4 3 4   -0.00623112
4 3 5   -0.012411
4 3 6   -0.00661638
;

f11 = 7.16511

f12 = 13.1656

f13 = 0.394817

f21 = 0.1602

f22 = 1.0663

f23 = -0.715304

f31 = -10.4722

f32 = 13.1138

f33 = 0.712996

