solve_message = ' \
Ipopt 3.9.1: Optimal Solution Found'

Solve time:
_solve_time = 10.5613

Objective:
torque = 3.64537

cnh1 = 0.907836

cnh2 = -0.935823

cnh3 = -0.215762

snh1 = -0.236293

snh2 = 0.0650865

snh3 = 0.912933

Hx = 0.0146583

Hy = 0.071193

Hz = -0.0287646

cnf11 = 0.270921

cnf21 = 0.591391

cnf31 = 0.527439

cnf12 = 0.270921

cnf22 = 0.471143

cnf32 = 0.424884

cnt1 = 0.460072

cnt2 = 0.427165

snf11 = 0.89811

snf21 = 0.728187

snf31 = 0.836311

snf12 = 0.89811

snf22 = 0.948696

snf32 = 0.926828

snt1 = 0.943336

snt2 = 0.922087

p :=
1 1   -0.0233533
1 2    0.0161557
1 3    0.0644496
2 1   -0.0186559
2 2   -0.0268919
2 3   -0.0601431
3 1    0.0243564
3 2   -0.0243564
3 3   -0.00495633
;

mf :=
1 1    0.272446
1 2    0.0269305
1 3   -0.71868
2 1    0.346204
2 2    0.668587
2 3    0.522027
;

mt [*] :=
1  -0.548925
2   0.738716
3  -0.18979
;

phi :=
1 1   0.0715155
1 2   0.0482954
1 3   0.0411769
2 1   0.00913516
2 2   0
2 3   0.00022651
3 1   0.071204
3 2   0.0480154
3 3   0.0409935
4 1   0.299615
4 2   0.264859
4 3   0.13863
;

l [*,1,*]
:       1           2            3        :=
1    0.272848    0.0263311   -0.718524
2   -0.232055    0.779603    -0.914384
3    0.271241    0.0287286   -0.719148
4    0.776945   -0.725739    -0.522978

 [*,2,*]
:       1          2           3        :=
1    0.345693   0.668364    0.522585
2    0.987138   0.948893   -0.178457
3    0.347735   0.669256    0.520354
4   -0.294728   0.388282    1.22251

 [*,3,*]
:       1           2           3        :=
1   -0.549408    0.738242   -0.190256
2    0.0575159   1.3338      0.395125
3   -0.547477    0.740137   -0.188393
4   -1.15536     0.143638   -0.774704
;

W[i,j,k] :=
1 1 1    0.272848
1 1 2    0.0263311
1 1 3   -0.718524
2 1 1   -0.232055
2 1 2    0.779603
2 1 3   -0.914384
3 1 1    0.271241
3 1 2    0.0287286
3 1 3   -0.719148
4 1 1    0.776945
4 1 2   -0.725739
4 1 3   -0.522978
;

W[i,j,k] :=
1 1 4   -0.0133053
1 1 5    0.000805028
1 1 6   -0.00502295
2 1 4   -0.0650176
2 1 5   -0.0363097
2 1 6   -0.0144573
3 1 4   -0.0134699
3 1 5    0.0006869
3 1 6   -0.00505298
4 1 4    0.0383245
4 1 5    0.0378606
4 1 6    0.00439632
;

W[i,j,k] :=
1 2 1    0.345693
1 2 2    0.668364
1 2 3    0.522585
2 2 1    0.987138
2 2 2    0.948893
2 2 3   -0.178457
3 2 1    0.347735
3 2 2    0.669256
3 2 3    0.520354
4 2 1   -0.294728
4 2 2    0.388282
4 2 3    1.22251
;

W[i,j,k] :=
1 2 4    0.0261441
1 2 5   -0.0110418
1 2 6   -0.00317257
2 2 4    0.0618684
2 2 5   -0.0626988
2 2 6    0.00884358
3 2 4    0.0262578
3 2 5   -0.0112062
3 2 6   -0.00313433
4 2 4   -0.00952312
4 2 5    0.0405329
4 2 6   -0.0151696
;

W[i,j,k] :=
1 3 1   -0.549408
1 3 2    0.738242
1 3 3   -0.190256
2 3 1    0.0575159
2 3 2    1.3338
2 3 3    0.395125
3 3 1   -0.547477
3 3 2    0.740137
3 3 3   -0.188393
4 3 1   -1.15536
4 3 2    0.143638
4 3 3   -0.774704
;

W[i,j,k] :=
1 3 4    0.00829292
1 3 5    0.007357
1 3 6    0.00459931
2 3 4   -0.00301311
2 3 5   -0.00990891
2 3 6    0.0338874
3 3 4    0.00825694
3 3 5    0.00730205
3 3 6    0.00469252
4 3 4    0.0195809
4 3 5    0.0245954
4 3 6   -0.024642
;

f11 = 8.20358

f12 = 10.6897

f13 = -2.43996

f21 = 5.63297

f22 = 7.55995

f23 = 2.22878

f31 = -1.31862

f32 = 3.48098

f33 = -2.47715

