solve_message = ' \
Ipopt 3.9.1: Optimal Solution Found'

Solve time:
_solve_time = 4.74243

Objective:
torque = 2.61758

cnh1 = 0.735406

cnh2 = 0.109929

cnh3 = 0.694318

snh1 = 0.76235

snh2 = -0.93162

snh3 = 0.799951

Hx = -0.0175838

Hy = 0.0842995

Hz = -0.0369883

cnf11 = 0.937989

cnf21 = 0.80332

cnf31 = 0.614169

cnf12 = 0.937989

cnf22 = 0.801892

cnf32 = 0.599756

cnt1 = 0.42742

cnt2 = 0.405749

snf11 = 0

snf21 = 0.484435

snf31 = 0.778786

snf12 = 0

snf22 = 0.540322

snf32 = 0.794542

snt1 = 0.969181

snt2 = 0.939301

p :=
1 1    0.0269673
1 2    0.0063151
1 3    0.0624521
2 1   -0.0233507
2 2   -0.00307356
2 3    0.0635796
3 1   -0.00625192
3 2   -0.0319332
3 3   -0.0605076
;

mf :=
1 1   -0.0412258
1 2   -0.197415
1 3   -0.798901
2 1   -0.0797047
2 2   -0.132126
2 3   -0.83488
;

mt [*] :=
1  -0.0346133
2   0.86352
3   0.684131
;

phi :=
1 1   0.0653098
1 2   0.0634646
1 3   0.0951318
2 1   0.0281883
2 2   0.0273629
2 3   0.038139
3 1   0.0651575
3 2   0.0633173
3 3   0.094876
4 1   0.132542
4 2   0.127983
4 3   0.231805
;

l [*,1,*]
:       1            2           3        :=
1   -0.0404979   -0.198011   -0.798836
2   -0.955324     0.549921   -0.880446
3   -0.0434096   -0.19563    -0.799096
4    0.872869    -0.944749   -0.717357

 [*,2,*]
:       1            2           3        :=
1   -0.0789765   -0.132751   -0.834865
2   -0.994178     0.653868   -0.853738
3   -0.0818894   -0.130248   -0.834925
4    0.834765    -0.918116   -0.816022

 [*,3,*]
:       1           2           3        :=
1   -0.0351938   0.862975   0.684663
2    0.694334    1.54768    0.0160264
3   -0.0328719   0.865155   0.682535
4   -0.763558    0.179368   1.35223
;

W[i,j,k] :=
1 1 1   -0.0404979
1 1 2   -0.198011
1 1 3   -0.798836
2 1 1   -0.955324
2 1 2    0.549921
2 1 3   -0.880446
3 1 1   -0.0434096
3 1 2   -0.19563
3 1 3   -0.799096
4 1 1    0.872869
4 1 2   -0.944749
4 1 3   -0.717357
;

W[i,j,k] :=
1 1 4    0.00732145
1 1 5    0.0190133
1 1 6   -0.00508407
2 1 4   -0.0399038
2 1 5   -0.0359187
2 1 6    0.0208629
3 1 4    0.00717114
3 1 5    0.0188385
3 1 6   -0.00500149
4 1 4    0.0544714
4 1 5    0.0738577
4 1 6   -0.0309896
;

W[i,j,k] :=
1 2 1   -0.0789765
1 2 2   -0.132751
1 2 3   -0.834865
2 2 1   -0.994178
2 2 2    0.653868
2 2 3   -0.853738
3 2 1   -0.0818894
3 2 2   -0.130248
3 2 3   -0.834925
4 2 1    0.834765
4 2 2   -0.918116
4 2 3   -0.816022
;

W[i,j,k] :=
1 2 4    0.0110063
1 2 5   -0.024516
1 2 6    0.0028571
2 2 4   -0.0389486
2 2 5   -0.0831448
2 2 6   -0.018324
3 2 4    0.0108473
3 2 5   -0.0247026
3 2 6    0.00278969
4 2 4    0.0608815
4 2 5    0.0340193
4 2 6    0.0240044
;

W[i,j,k] :=
1 3 1   -0.0351938
1 3 2    0.862975
1 3 3    0.684663
2 3 1    0.694334
2 3 2    1.54768
2 3 3    0.0160264
3 3 1   -0.0328719
3 3 2    0.865155
3 3 3    0.682535
4 3 1   -0.763558
4 3 2    0.179368
4 3 3    1.35223
;

W[i,j,k] :=
1 3 4    0.030353
1 3 5    0.00640996
1 3 6   -0.0065191
2 3 4    0.0931343
2 3 5   -0.0419123
2 3 6    0.0124964
3 3 4    0.0305528
3 3 5    0.00625616
3 3 6   -0.00645858
4 3 4   -0.0323281
4 3 5    0.0546551
4 3 6   -0.0255043
;

f11 = -2.62232

f12 = 5.09142

f13 = -3.1359

f21 = 2.10794

f22 = 2.72717

f23 = 0.660717

f31 = 7.29413

f32 = 9.56455

f33 = -2.33736

