solve_message = ' \
Ipopt 3.9.1: Optimal Solution Found'

Solve time:
_solve_time = 11.9965

Objective:
torque = 4.09847

cnh1 = 0.935855

cnh2 = -0.93621

cnh3 = 0.308381

snh1 = 0.0646172

snh2 = 0.0592591

snh3 = 0.885947

Hx = -0.0112717

Hy = 0.070784

Hz = 0.0304259

cnf11 = 0.234973

cnf21 = 0.444084

cnf31 = 0.47968

cnf12 = 0.234973

cnf22 = 0.540964

cnf32 = 0.5103

cnt1 = 0.466574

cnt2 = 0.422962

snf11 = 0.908178

snf21 = 0.826311

snf31 = 0.860558

snf12 = 0.908178

snf22 = 0.766393

snf32 = 0.845671

snt1 = 0.950951

snt2 = 0.928053

p :=
1 1   -0.0163219
1 2   -0.0284663
1 3    0.0599714
2 1   -0.0147304
2 2    0.0152495
2 3   -0.0658079
3 1    0.0311651
3 2   -0.0146699
3 3    0.00213229
;

mf :=
1 1    0.143896
1 2    0.629887
1 3   -0.431804
2 1    0.124527
2 2    0.0950827
2 3    0.758436
;

mt [*] :=
1  -0.782728
2   0.516768
3   0.148326
;

phi :=
1 1   0.0623735
1 2   0.0746014
1 3   0.029613
2 1   0.00290282
2 2   0.0138994
2 3   0
3 1   0.0620753
3 2   0.0743057
3 3   0.0294324
4 1   0.28387
4 2   0.273154
4 3   0.130524
;

l [*,1,*]
:       1          2           3        :=
1    0.144509   0.629557   -0.432023
2   -0.626085   1.04515    -0.156362
3    0.142057   0.630879   -0.431146
4    0.913874   0.214625   -0.707244

 [*,2,*]
:       1           2          3        :=
1    0.124098    0.094497   0.758552
2    0.662726    0.830671   0.61321
3    0.125813    0.09684    0.758089
4   -0.41367    -0.640503   0.903661

 [*,3,*]
:       1          2           3        :=
1   -0.783053   0.516487    0.147618
2   -0.375505   0.869543    1.03726
3   -0.781755   0.51761     0.15045
4   -1.18995    0.163994   -0.740607
;

W[i,j,k] :=
1 1 1    0.144509
1 1 2    0.629557
1 1 3   -0.432023
2 1 1   -0.626085
2 1 2    1.04515
2 1 3   -0.156362
3 1 1    0.142057
3 1 2    0.630879
3 1 3   -0.431146
4 1 1    0.913874
4 1 2    0.214625
4 1 3   -0.707244
;

W[i,j,k] :=
1 1 4   -0.0254573
1 1 5    0.00161496
1 1 6   -0.00616194
2 1 4   -0.0582281
2 1 5   -0.0400993
2 1 6   -0.0348813
3 1 4   -0.0255616
3 1 5    0.00148219
3 1 6   -0.00625335
4 1 4    0.00726131
4 1 5    0.0432627
4 1 6    0.0225116
;

W[i,j,k] :=
1 2 1    0.124098
1 2 2    0.094497
1 2 3    0.758552
2 2 1    0.662726
2 2 2    0.830671
2 2 3    0.61321
3 2 1    0.125813
3 2 2    0.09684
3 2 3    0.758089
4 2 1   -0.41367
4 2 2   -0.640503
4 2 3    0.903661
;

W[i,j,k] :=
1 2 4    0.0177861
1 2 5    0.00300714
1 2 6   -0.00328442
2 2 4    0.0640158
2 2 5   -0.0345797
2 2 6   -0.0223424
3 2 4    0.0179333
3 2 5    0.00288751
3 2 6   -0.00334507
4 2 4   -0.0283698
4 2 5    0.040534
4 2 6    0.0157431
;

W[i,j,k] :=
1 3 1   -0.783053
1 3 2    0.516487
1 3 3    0.147618
2 3 1   -0.375505
2 3 2    0.869543
2 3 3    1.03726
3 3 1   -0.781755
3 3 2    0.51761
3 3 3    0.15045
4 3 1   -1.18995
4 3 2    0.163994
4 3 3   -0.740607
;

W[i,j,k] :=
1 3 4   -0.00326684
1 3 5   -0.00627024
1 3 6    0.00460908
2 3 4   -0.0170706
2 3 5   -0.0331271
2 3 6    0.0215908
3 3 4   -0.00331078
3 3 5   -0.00635572
3 3 6    0.00466313
4 3 4    0.0105149
4 3 5    0.0205438
4 3 6   -0.0123455
;

f11 = 9.05559

f12 = 11.4134

f13 = -1.21933

f21 = 7.43985

f22 = 10.757

f23 = 4.33873

f31 = -1.96499

f32 = 2.64827

f33 = -0.864496

