solve_message = ' \
Ipopt 3.9.1: Optimal Solution Found'

Solve time:
_solve_time = 10.7485

Objective:
torque = 3.64537

cnh1 = -0.907789

cnh2 = -0.935816

cnh3 = -0.215737

snh1 = 0.236471

snh2 = 0.0651827

snh3 = 0.912939

Hx = -0.0146635

Hy = -0.0711867

Hz = -0.028766

cnf11 = 0.270715

cnf21 = 0.591394

cnf31 = 0.52744

cnf12 = 0.270715

cnf22 = 0.471077

cnf32 = 0.424856

cnt1 = 0.460042

cnt2 = 0.427263

snf11 = 0.898172

snf21 = 0.728185

snf31 = 0.83631

snf12 = 0.898172

snf22 = 0.948729

snf32 = 0.926846

snt1 = 0.943172

snt2 = 0.921972

p :=
1 1    0.0233559
1 2   -0.0161543
1 3    0.064449
2 1    0.0186571
2 2    0.0268914
2 3   -0.0601427
3 1   -0.0243564
3 2    0.0243564
3 3   -0.00495847
;

mf :=
1 1   -0.272369
1 2   -0.0269036
1 3   -0.718708
2 1   -0.34614
2 2   -0.668632
2 3    0.52203
;

mt [*] :=
1   0.54878
2  -0.738569
3  -0.18979
;

phi :=
1 1   0.0714217
1 2   0.0482238
1 3   0.0413411
2 1   0.00903692
2 2   0
2 3   0.000434441
3 1   0.0711101
3 2   0.0479439
3 3   0.0411581
4 1   0.299896
4 2   0.264761
4 3   0.138399
;

l [*,1,*]
:       1           2            3        :=
1   -0.27277    -0.0263041   -0.718553
2    0.231966   -0.779713    -0.914318
3   -0.271164   -0.028702    -0.719176
4   -0.776702    0.725903    -0.523099

 [*,2,*]
:       1           2           3        :=
1   -0.345629   -0.668409    0.522587
2   -0.987308   -0.948754   -0.178305
3   -0.347671   -0.669301    0.520356
4    0.295026   -0.388511    1.22236

 [*,3,*]
:       1            2           3        :=
1    0.549263    -0.738096   -0.190256
2   -0.0575102   -1.33354     0.395188
3    0.547331    -0.739991   -0.188393
4    1.15507     -0.143598   -0.774766
;

W[i,j,k] :=
1 1 1   -0.27277
1 1 2   -0.0263041
1 1 3   -0.718553
2 1 1    0.231966
2 1 2   -0.779713
2 1 3   -0.914318
3 1 1   -0.271164
3 1 2   -0.028702
3 1 3   -0.719176
4 1 1   -0.776702
4 1 2    0.725903
4 1 3   -0.523099
;

W[i,j,k] :=
1 1 4    0.013303
1 1 5   -0.000797298
1 1 6   -0.00502078
2 1 4    0.0650219
2 1 5    0.0363047
2 1 6   -0.0144637
3 1 4    0.0134676
3 1 5   -0.00067921
3 1 6   -0.00505083
4 1 4   -0.0383334
4 1 5   -0.0378401
4 1 6    0.00440705
;

W[i,j,k] :=
1 2 1   -0.345629
1 2 2   -0.668409
1 2 3    0.522587
2 2 1   -0.987308
2 2 2   -0.948754
2 2 3   -0.178305
3 2 1   -0.347671
3 2 2   -0.669301
3 2 3    0.520356
4 2 1    0.295026
4 2 2   -0.388511
4 2 3    1.22236
;

W[i,j,k] :=
1 2 4   -0.0261468
1 2 5    0.0110371
1 2 6   -0.00317613
2 2 4   -0.0618555
2 2 5    0.062706
2 2 6    0.00884908
3 2 4   -0.0262605
3 2 5    0.0112015
3 2 6   -0.00313785
4 2 4    0.00950487
4 2 5   -0.0405494
4 2 6   -0.0151822
;

W[i,j,k] :=
1 3 1    0.549263
1 3 2   -0.738096
1 3 3   -0.190256
2 3 1   -0.0575102
2 3 2   -1.33354
2 3 3    0.395188
3 3 1    0.547331
3 3 2   -0.739991
3 3 3   -0.188393
4 3 1    1.15507
4 3 2   -0.143598
4 3 3   -0.774766
;

W[i,j,k] :=
1 3 4   -0.00829378
1 3 5   -0.00735746
1 3 6    0.00459931
2 3 4    0.00301303
2 3 5    0.00991053
2 3 6    0.0338811
3 3 4   -0.00825779
3 3 5   -0.0073025
3 3 6    0.00469251
4 3 4   -0.0195825
4 3 5   -0.0245979
4 3 6   -0.0246358
;

f11 = 8.20299

f12 = 10.6877

f13 = -2.43633

f21 = 5.63317

f22 = 7.55881

f23 = 2.22581

f31 = -1.31877

f32 = 3.48163

f33 = -2.47765

