solve_message = ' \
Ipopt 3.9.1: Optimal Solution Found'

Solve time:
_solve_time = 11.4817

Objective:
torque = 3.64537

cnh1 = -0.236504

cnh2 = -0.935815

cnh3 = -0.215732

snh1 = -0.907781

snh2 = 0.0652007

snh3 = 0.91294

Hx = 0.0711855

Hy = -0.0146644

Hz = -0.0287662

cnf11 = 0.270676

cnf21 = 0.591395

cnf31 = 0.52744

cnf12 = 0.270676

cnf22 = 0.471064

cnf32 = 0.424851

cnt1 = 0.460036

cnt2 = 0.427281

snf11 = 0.898184

snf21 = 0.728184

snf31 = 0.83631

snf12 = 0.898184

snf22 = 0.948735

snf32 = 0.926849

snt1 = 0.943142

snt2 = 0.921951

p :=
1 1    0.016154
1 2    0.0233564
1 3    0.0644489
2 1   -0.0268913
2 2    0.0186572
2 3   -0.0601426
3 1   -0.0243564
3 2   -0.0243564
3 3   -0.00495886
;

mf :=
1 1    0.0268989
1 2   -0.272354
1 3   -0.718714
2 1    0.668641
2 2   -0.346127
2 3    0.52203
;

mt [*] :=
1   0.738542
2   0.548753
3  -0.18979
;

phi :=
1 1   0.0714965
1 2   0.048312
1 3   0.041177
2 1   0.00911923
2 2   0
2 3   0.000251496
3 1   0.071185
3 2   0.0480319
3 3   0.0409937
4 1   0.299667
4 2   0.264858
4 3   0.138562
;

l [*,1,*]
:       1            2           3        :=
1    0.0262994   -0.272756   -0.718558
2    0.779733     0.23195    -0.914306
3    0.0286974   -0.271149   -0.719181
4   -0.725933    -0.776657   -0.523122

 [*,2,*]
:      1           2           3        :=
1   0.668418   -0.345616    0.522588
2   0.948729   -0.987339   -0.178276
3   0.66931    -0.347659    0.520357
4   0.388553    0.295083    1.22233

 [*,3,*]
:      1           2            3        :=
1   0.738068    0.549236    -0.190256
2   1.3335     -0.0575088    0.3952
3   0.739964    0.547305    -0.188393
4   0.143591    1.15501     -0.774778
;

W[i,j,k] :=
1 1 1    0.0262994
1 1 2   -0.272756
1 1 3   -0.718558
2 1 1    0.779733
2 1 2    0.23195
2 1 3   -0.914306
3 1 1    0.0286974
3 1 2   -0.271149
3 1 3   -0.719181
4 1 1   -0.725933
4 1 2   -0.776657
4 1 3   -0.523122
;

W[i,j,k] :=
1 1 4    0.000795873
1 1 5    0.0133026
1 1 6   -0.00502036
2 1 4   -0.0363038
2 1 5    0.0650227
2 1 6   -0.0144648
3 1 4    0.000677793
3 1 5    0.0134672
3 1 6   -0.00505042
4 1 4    0.0378364
4 1 5   -0.038335
4 1 6    0.00440905
;

W[i,j,k] :=
1 2 1    0.668418
1 2 2   -0.345616
1 2 3    0.522588
2 2 1    0.948729
2 2 2   -0.987339
2 2 3   -0.178276
3 2 1    0.66931
3 2 2   -0.347659
3 2 3    0.520357
4 2 1    0.388553
4 2 2    0.295083
4 2 3    1.22233
;

W[i,j,k] :=
1 2 4   -0.0110362
1 2 5   -0.0261473
1 2 6   -0.00317676
2 2 4   -0.0627073
2 2 5   -0.0618531
2 2 6    0.00885016
3 2 4   -0.0112007
3 2 5   -0.0262609
3 2 6   -0.00313848
4 2 4    0.0405524
4 2 5    0.00950155
4 2 6   -0.0151845
;

W[i,j,k] :=
1 3 1    0.738068
1 3 2    0.549236
1 3 3   -0.190256
2 3 1    1.3335
2 3 2   -0.0575088
2 3 3    0.3952
3 3 1    0.739964
3 3 2    0.547305
3 3 3   -0.188393
4 3 1    0.143591
4 3 2    1.15501
4 3 3   -0.774778
;

W[i,j,k] :=
1 3 4    0.00735754
1 3 5   -0.00829393
1 3 6    0.00459931
2 3 4   -0.00991083
2 3 5    0.00301302
2 3 6    0.0338799
3 3 4    0.00730258
3 3 5   -0.00825794
3 3 6    0.00469251
4 3 4    0.0245984
4 3 5   -0.0195828
4 3 6   -0.0246346
;

f11 = 8.20288

f12 = 10.6873

f13 = -2.43566

f21 = 5.63321

f22 = 7.5586

f23 = 2.22526

f31 = -1.3188

f32 = 3.48175

f33 = -2.47774

