solve_message = ' \
Ipopt 3.9.1: Optimal Solution Found'

Solve time:
_solve_time = 8.97006

Objective:
torque = 4.04512

cnh1 = -0.901134

cnh2 = -0.938083

cnh3 = 0.305993

snh1 = 0.260686

snh2 = -0.000735731

snh3 = 0.886774

Hx = -0.0146942

Hy = -0.0682447

Hz = 0.032358

cnf11 = 0.333072

cnf21 = 0.421861

cnf31 = 0.473043

cnf12 = 0.333072

cnf22 = 0.567908

cnf32 = 0.519345

cnt1 = 0.449688

cnt2 = 0.432131

snf11 = 0.876962

snf21 = 0.837875

snf31 = 0.863438

snf12 = 0.876962

snf22 = 0.746646

snf32 = 0.840818

snt1 = 0.933216

snt2 = 0.914491

p :=
1 1    0.0251872
1 2    0.0213254
1 3    0.0595614
2 1    0.0193891
2 2   -0.0211358
2 3   -0.0643139
3 1   -0.0243564
3 2    0.0243564
3 3    0.00256057
;

mf :=
1 1   -0.388184
1 2   -0.540701
1 3   -0.404675
2 1   -0.260555
2 2    0.0138778
2 3    0.726564
;

mt [*] :=
1   0.536039
2  -0.725829
3   0.18979
;

phi :=
1 1   0.0623801
1 2   0.0702409
1 3   0.0341864
2 1   0.00481574
2 2   0.011495
2 3   0
3 1   0.0620967
3 2   0.0699559
3 3   0.0339715
4 1   0.259514
4 2   0.259201
4 3   0.170048
;

l [*,1,*]
:       1           2           3        :=
1   -0.388644   -0.540172   -0.404881
2    0.190104   -1.20471    -0.145299
3   -0.386802   -0.542287   -0.404055
4   -0.966469    0.12331    -0.66405

 [*,2,*]
:       1           2           3        :=
1   -0.259984    0.0143088   0.726738
2   -0.978394   -0.527308    0.508898
3   -0.26227     0.0125849   0.726044
4    0.45728     0.555061    0.94423

 [*,3,*]
:       1           2           3        :=
1   0.536463    -0.725693    0.189112
2   0.0028938   -0.896819    1.04194
3   0.534765    -0.726237    0.191826
4   1.06918     -0.554839   -0.662353
;

W[i,j,k] :=
1 1 1   -0.388644
1 1 2   -0.540172
1 1 3   -0.404881
2 1 1    0.190104
2 1 2   -1.20471
2 1 3   -0.145299
3 1 1   -0.386802
3 1 2   -0.542287
3 1 3   -0.404055
4 1 1   -0.966469
4 1 2    0.12331
4 1 3   -0.66405
;

W[i,j,k] :=
1 1 4    0.0235392
1 1 5   -0.0129504
1 1 6   -0.00531743
2 1 4    0.0686559
2 1 5    0.0149825
2 1 6   -0.0343974
3 1 4    0.0236828
3 1 5   -0.0128615
3 1 6   -0.00540998
4 1 4   -0.0215056
4 1 5   -0.0408387
4 1 6    0.0237162
;

W[i,j,k] :=
1 2 1   -0.259984
1 2 2    0.0143088
1 2 3    0.726738
2 2 1   -0.978394
2 2 2   -0.527308
2 2 3    0.508898
3 2 1   -0.26227
3 2 2    0.0125849
3 2 3    0.726044
4 2 1    0.45728
4 2 2    0.555061
4 2 3    0.94423
;

W[i,j,k] :=
1 2 4   -0.0144399
1 2 5    0.00262979
1 2 6   -0.00521754
2 2 4   -0.0446692
2 2 5    0.0530572
2 2 6   -0.0309032
3 2 4   -0.0145362
3 2 5    0.00279029
3 2 6   -0.00529929
4 2 4    0.015741
4 2 5   -0.0477172
4 2 6    0.0204271
;

W[i,j,k] :=
1 3 1    0.536463
1 3 2   -0.725693
1 3 3    0.189112
2 3 1    0.0028938
2 3 2   -0.896819
2 3 3    1.04194
3 3 1    0.534765
3 3 2   -0.726237
3 3 3    0.191826
4 3 1    1.06918
4 3 2   -0.554839
4 3 3   -0.662353
;

W[i,j,k] :=
1 3 4    0.00646427
1 3 5    0.00597973
1 3 6    0.00460895
2 3 4    0.0276742
2 3 5    0.0253853
2 3 6    0.0217728
3 3 4    0.00653177
3 3 5    0.00604149
3 3 6    0.00466358
4 3 4   -0.0147118
4 3 5   -0.0133948
4 3 6   -0.0125275
;

f11 = 8.96601

f12 = 12.0614

f13 = -3.58282

f21 = 7.24232

f22 = 11.1231

f23 = 5.18182

f31 = -1.88277

f32 = 2.54701

f33 = -0.852665

