solve_message = ' \
Ipopt 3.9.1: Converged to a locally infeasible point. Problem may be infeasible.'

Solve time:
_solve_time = 4.18083

Objective:
torque = 5.70866

cnh1 = -0.106292

cnh2 = 0.197383

cnh3 = 0.118031

snh1 = 0.932042

snh2 = 0.203341

snh3 = -0.930628

Hx = 0.0530873

Hy = 0.0485963

Hz = -0.03716

cnf11 = 0.00961535

cnf21 = 0.540833

cnf31 = 0.510257

cnf12 = 0.00961535

cnf22 = 0.843441

cnf32 = 0.635869

cnt1 = 0.734294

cnt2 = 0.582257

snf11 = 0.938034

snf21 = 0.766486

snf31 = 0.845694

snf12 = 0.938034

snf22 = 0.410618

snf32 = 0.761724

snt1 = 0.583792

snt2 = 0.801901

p :=
1 1   -0.021948
1 2    0.027294
1 3   -0.0196798
2 1   -0.0247494
2 2    0.0173703
2 3   -0.0605861
3 1   -0.0243554
3 2    0.0243573
3 3   -0.015763
;

mf :=
1 1    0.252455
1 2   -0.123369
1 3   -0.153213
2 1   -0.11809
2 2    0.141415
2 3    0.162666
;

mt [*] :=
1   0.0158302
2   0.173968
3  -0.189799
;

phi :=
1 1   0.089726
1 2   0.094709
1 3   0.0726909
2 1   0.0651934
2 2   0.0982864
2 3   0.0611485
3 1   0.0896407
3 2   0.0947196
3 3   0.0726518
4 1   0.11894
4 2   0.0916606
4 3   0.0858093
;

l [*,1,*]
:       1           2           3        :=
1    0.251978   -0.123561   -0.153119
2    0.851571    0.118495   -0.272302
3    0.253887   -0.122791   -0.153498
4   -0.346658   -0.365231   -0.034125

 [*,2,*]
:       1           2            3         :=
1   -0.118615   0.141457     0.162534
2    0.540915   0.0886158    0.328169
3   -0.116516   0.141289     0.163062
4   -0.777093   0.194214    -0.00283626

 [*,3,*]
:       1            2            3         :=
1    0.0152577    0.173808    -0.189907
2    0.734788     0.376006    -0.0535528
3    0.0175478    0.174451    -0.189473
4   -0.703124    -0.0280685   -0.326044
;

W[i,j,k] :=
1 1 1    0.251978
1 1 2   -0.123561
1 1 3   -0.153119
2 1 1    0.851571
2 1 2    0.118495
2 1 3   -0.272302
3 1 1    0.253887
3 1 2   -0.122791
3 1 3   -0.153498
4 1 1   -0.346658
4 1 2   -0.365231
4 1 3   -0.034125
;

W[i,j,k] :=
1 1 4   -0.00661088
1 1 5   -0.00831953
1 1 6   -0.00416556
2 1 4   -0.00510027
2 1 5   -0.0227352
2 1 6   -0.0258435
3 1 4   -0.00660608
3 1 5   -0.00836541
3 1 6   -0.00423455
4 1 4   -0.00811909
4 1 5    0.00607319
4 1 6    0.0174778
;

W[i,j,k] :=
1 2 1   -0.118615
1 2 2    0.141457
1 2 3    0.162534
2 2 1    0.540915
2 2 2    0.0886158
2 2 3    0.328169
3 2 1   -0.116516
3 2 2    0.141289
3 2 3    0.163062
4 2 1   -0.777093
4 2 2    0.194214
4 2 3   -0.00283626
;

W[i,j,k] :=
1 2 4    0.0113936
1 2 5    0.011209
1 2 6   -0.0014406
2 2 4    0.0110693
2 2 5   -0.0246499
2 2 6   -0.011589
3 2 4    0.0113926
3 2 5    0.0110949
3 2 6   -0.0014729
4 2 4    0.0117174
4 2 5    0.0470108
4 2 6    0.00869164
;

W[i,j,k] :=
1 3 1    0.0152577
1 3 2    0.173808
1 3 3   -0.189907
2 3 1    0.734788
2 3 2    0.376006
2 3 3   -0.0535528
3 3 1    0.0175478
3 3 2    0.174451
3 3 3   -0.189473
4 3 1   -0.703124
4 3 2   -0.0280685
4 3 3   -0.326044
;

W[i,j,k] :=
1 3 4   -0.0018859
1 3 5   -0.00486578
1 3 6   -0.00460479
2 3 4    0.00462258
2 3 5   -0.0128868
2 3 6   -0.0270552
3 3 4   -0.00186519
3 3 5   -0.00489131
3 3 6   -0.00467625
4 3 4   -0.008384
4 3 5    0.00314241
4 3 6    0.0178098
;

f11 = 10.8988

f12 = 14.3375

f13 = 3.16382

f21 = -4.17783

f22 = 14.485

f23 = -0.884383

f31 = -4.20518

f32 = 5.2566

f33 = -0.229745

