solve_message = ' \
Ipopt 3.9.1: Optimal Solution Found'

Solve time:
_solve_time = 3.90002

Objective:
torque = 3.59844

cnh1 = -0.766786

cnh2 = -0.89255

cnh3 = -0.277798

snh1 = 0.540407

snh2 = -0.288713

snh3 = 0.896007

Hx = -0.028252

Hy = -0.0536446

Hz = -0.0215301

cnf11 = 0.838382

cnf21 = 0.546951

cnf31 = 0.512289

cnf12 = 0.838382

cnf22 = 0.24529

cnf32 = 0.390197

cnt1 = 0.357764

cnt2 = 0.45468

snf11 = 0.420851

snf21 = 0.762131

snf31 = 0.844621

snf12 = 0.420851

snf22 = 0.964739

snf32 = 0.918208

snt1 = 0.867186

snt2 = 0.870644

p :=
1 1    0.0302948
1 2   -0.0138738
1 3    0.0587803
2 1    0.033189
2 2    0.00921597
2 3   -0.0202049
3 1   -0.014709
3 2    0.0323174
3 3   -0.00935011
;

mf :=
1 1   -0.517742
1 2    0.105454
1 3   -0.583347
2 1   -0.767456
2 2   -0.352328
2 3   -0.139042
;

mt [*] :=
1   0.232642
2  -0.773064
3   0.0568971
;

phi :=
1 1   0.0366467
1 2   0.0132169
1 3   0.0770047
2 1   0
2 2   0
2 3   0.00995689
3 1   0.0363638
3 2   0.0130149
3 3   0.0766619
4 1   0.29134
4 2   0.157641
4 3   0.352447
;

l [*,1,*]
:       1           2           3        :=
1   -0.517981    0.106042   -0.582997
2   -0.21763    -0.63246    -1.02334
3   -0.517025    0.103692   -0.584398
4   -0.817852    0.843366   -0.143359

 [*,2,*]
:       1           2            3        :=
1   -0.767659   -0.352029    -0.138395
2   -0.512224   -0.728521    -0.951717
3   -0.766846   -0.353227    -0.140983
4   -1.02269     0.0238635    0.67363

 [*,3,*]
:       1           2           3         :=
1    0.233312   -0.772871    0.056608
2   -0.609131   -1.01546     0.419871
3    0.230631   -0.773643    0.0577642
4    1.07441    -0.530669   -0.306075
;

W[i,j,k] :=
1 1 1   -0.517981
1 1 2    0.106042
1 1 3   -0.582997
2 1 1   -0.21763
2 1 2   -0.63246
2 1 3   -1.02334
3 1 1   -0.517025
3 1 2    0.103692
3 1 3   -0.584398
4 1 1   -0.817852
4 1 2    0.843366
4 1 3   -0.143359
;

W[i,j,k] :=
1 1 4    0.00185521
1 1 5   -0.0127853
1 1 6   -0.00397385
2 1 4    0.0513738
2 1 5    0.0182094
2 1 6   -0.0221796
3 1 4    0.00201282
3 1 5   -0.0126866
3 1 6   -0.0040318
4 1 4   -0.0475844
4 1 5   -0.0437305
4 1 6    0.0142029
;

W[i,j,k] :=
1 2 1   -0.767659
1 2 2   -0.352029
1 2 3   -0.138395
2 2 1   -0.512224
2 2 2   -0.728521
2 2 3   -0.951717
3 2 1   -0.766846
3 2 2   -0.353227
3 2 3   -0.140983
4 2 1   -1.02269
4 2 2    0.0238635
4 2 3    0.67363
;

W[i,j,k] :=
1 2 4   -0.00838814
1 2 5    0.0201037
1 2 6   -0.00460879
2 2 4   -0.0234907
2 2 5    0.0419359
2 2 6   -0.0194583
3 2 4   -0.00843621
3 2 5    0.0201731
3 2 6   -0.00465606
4 2 4    0.00669029
4 2 5   -0.00169382
4 2 6    0.010217
;

W[i,j,k] :=
1 3 1    0.233312
1 3 2   -0.772871
1 3 3    0.056608
2 3 1   -0.609131
2 3 2   -1.01546
2 3 3    0.419871
3 3 1    0.230631
3 3 2   -0.773643
3 3 3    0.0577642
4 3 1    1.07441
4 3 2   -0.530669
4 3 3   -0.306075
;

W[i,j,k] :=
1 3 4   -0.00539701
1 3 5   -0.00134884
1 3 6    0.0038281
2 3 4    0.00407446
2 3 5    0.0118713
2 3 6    0.0346219
3 3 4   -0.00536686
3 3 5   -0.00130677
3 3 6    0.00392611
4 3 4   -0.0148534
4 3 5   -0.0145479
4 3 6   -0.0269165
;

f11 = 7.89231

f12 = 10.1536

f13 = -1.95276

f21 = 0.349936

f22 = 0

f23 = 0.0628058

f31 = 4.7597

f32 = 10.5189

f33 = -6.94832

