solve_message = ' \
Ipopt 3.9.1: Optimal Solution Found'

Solve time:
_solve_time = 2.02801

Objective:
torque = 3.64537

cnh1 = 0.907813

cnh2 = -0.935819

cnh3 = -0.21575

snh1 = -0.236382

snh2 = 0.0651341

snh3 = 0.912936

Hx = 0.0146609

Hy = 0.0711899

Hz = -0.0287653

cnf11 = 0.270819

cnf21 = 0.591393

cnf31 = 0.527439

cnf12 = 0.270819

cnf22 = 0.47111

cnf32 = 0.42487

cnt1 = 0.460058

cnt2 = 0.427214

snf11 = 0.898141

snf21 = 0.728186

snf31 = 0.836311

snf12 = 0.898141

snf22 = 0.948712

snf32 = 0.926837

snt1 = 0.943255

snt2 = 0.92203

p :=
1 1   -0.0233546
1 2    0.0161551
1 3    0.0644493
2 1   -0.0186565
2 2   -0.0268916
2 3   -0.0601429
3 1    0.0243564
3 2   -0.0243564
3 3   -0.00495739
;

mf :=
1 1    0.272408
1 2    0.0269169
1 3   -0.718694
2 1    0.346173
2 2    0.668609
2 3    0.522028
;

mt [*] :=
1  -0.548853
2   0.738643
3  -0.18979
;

phi :=
1 1   0.0715234
1 2   0.0482964
1 3   0.0411841
2 1   0.00913523
2 2   0
2 3   0.000223359
3 1   0.0712119
3 2   0.0480163
3 3   0.0410007
4 1   0.299627
4 2   0.264876
4 3   0.138575
;

l [*,1,*]
:       1           2            3        :=
1    0.27281     0.0263175   -0.718538
2   -0.23201     0.779657    -0.914351
3    0.271203    0.0287152   -0.719162
4    0.776824   -0.725821    -0.523038

 [*,2,*]
:       1          2           3        :=
1    0.345662   0.668386    0.522586
2    0.987223   0.948823   -0.178382
3    0.347704   0.669279    0.520355
4   -0.294875   0.388396    1.22244

 [*,3,*]
:       1           2           3        :=
1   -0.549336    0.738169   -0.190256
2    0.0575134   1.33367     0.395156
3   -0.547405    0.740065   -0.188393
4   -1.15522     0.143618   -0.774734
;

W[i,j,k] :=
1 1 1    0.27281
1 1 2    0.0263175
1 1 3   -0.718538
2 1 1   -0.23201
2 1 2    0.779657
2 1 3   -0.914351
3 1 1    0.271203
3 1 2    0.0287152
3 1 3   -0.719162
4 1 1    0.776824
4 1 2   -0.725821
4 1 3   -0.523038
;

W[i,j,k] :=
1 1 4   -0.0133042
1 1 5    0.000801189
1 1 6   -0.00502189
2 1 4   -0.0650197
2 1 5   -0.0363072
2 1 6   -0.0144605
3 1 4   -0.0134688
3 1 5    0.000683081
3 1 6   -0.00505193
4 1 4    0.0383289
4 1 5    0.0378504
4 1 6    0.00440162
;

W[i,j,k] :=
1 2 1    0.345662
1 2 2    0.668386
1 2 3    0.522586
2 2 1    0.987223
2 2 2    0.948823
2 2 3   -0.178382
3 2 1    0.347704
3 2 2    0.669279
3 2 3    0.520355
4 2 1   -0.294875
4 2 2    0.388396
4 2 3    1.22244
;

W[i,j,k] :=
1 2 4    0.0261455
1 2 5   -0.0110395
1 2 6   -0.00317436
2 2 4    0.061862
2 2 5   -0.0627024
2 2 6    0.00884625
3 2 4    0.0262592
3 2 5   -0.0112039
3 2 6   -0.0031361
4 2 4   -0.00951402
4 2 5    0.0405411
4 2 6   -0.0151758
;

W[i,j,k] :=
1 3 1   -0.549336
1 3 2    0.738169
1 3 3   -0.190256
2 3 1    0.0575134
2 3 2    1.33367
2 3 3    0.395156
3 3 1   -0.547405
3 3 2    0.740065
3 3 3   -0.188393
4 3 1   -1.15522
4 3 2    0.143618
4 3 3   -0.774734
;

W[i,j,k] :=
1 3 4    0.00829335
1 3 5    0.00735723
1 3 6    0.00459931
2 3 4   -0.00301306
2 3 5   -0.0099097
2 3 6    0.0338843
3 3 4    0.00825736
3 3 5    0.00730227
3 3 6    0.00469252
4 3 4    0.0195817
4 3 5    0.0245966
4 3 6   -0.0246389
;

f11 = 8.20329

f12 = 10.6887

f13 = -2.43816

f21 = 5.63307

f22 = 7.55938

f23 = 2.22731

f31 = -1.31869

f32 = 3.4813

f33 = -2.4774

