solve_message = ' \
Ipopt 3.9.1: Converged to a locally infeasible point. Problem may be infeasible.'

Solve time:
_solve_time = 33.9302

Objective:
torque = 9.24886

cnh1 = -0.550818

cnh2 = -0.682941

cnh3 = 0.0586272

snh1 = 0.759342

snh2 = -0.643111

snh3 = -0.936249

Hx = 0.0506746

Hy = 0.0418557

Hz = -0.0306277

cnf11 = 0.535644

cnf21 = 0.291586

cnf31 = 0.366653

cnf12 = 0.535644

cnf22 = 0.750444

cnf32 = 0.58928

cnt1 = 0.419315

cnt2 = 0.412155

snf11 = 0.77012

snf21 = 0.992365

snf31 = 0.954403

snf12 = 0.77012

snf22 = 0.56288

snf32 = 0.797012

snt1 = 0.95977

snt2 = 0.930543

p :=
1 1   -0.00369332
1 2   -0.0331212
1 3   -0.0532952
2 1   -0.0272377
2 2    0.0101408
2 3    0.0641129
3 1   -0.033791
3 2    0.00316175
3 3   -0.0568076
;

mf :=
1 1    0.264463
1 2    0.845857
1 3    0.128639
2 1    0.0864276
2 2   -0.0425036
2 3   -0.777895
;

mt [*] :=
1   0.792701
2  -0.0154119
3   0.534173
;

phi :=
1 1   0.0477139
1 2   0.108951
1 3   0.00661144
2 1   0.0499032
2 2   0.0600925
2 3   0
3 1   0.0476587
3 2   0.108718
3 3   0.00628413
4 1   0.14702
4 2   0.247241
4 3   0.266256
;

l [*,1,*]
:       1          2           3        :=
1    0.263862   0.846068    0.128168
2    1.01974    0.581405    0.71998
3    0.266267   0.845226    0.130052
4   -0.49081    1.11031    -0.4627

 [*,2,*]
:       1            2            3        :=
1    0.086332    -0.0432257   -0.777825
2    0.206395     0.864229    -0.866051
3    0.0867142   -0.0403375   -0.778105
4   -0.0335398   -0.949233    -0.689739

 [*,3,*]
:      1           2            3        :=
1   0.792288   -0.0156517    0.534856
2   1.31072     0.285652    -0.322757
3   0.793938   -0.0146927    0.532126
4   0.274683   -0.316475     1.3911
;

W[i,j,k] :=
1 1 1    0.263862
1 1 2    0.846068
1 1 3    0.128168
2 1 1    1.01974
2 1 2    0.581405
2 1 3    0.71998
3 1 1    0.266267
3 1 2    0.845226
3 1 3    0.130052
4 1 1   -0.49081
4 1 2    1.11031
4 1 3   -0.4627
;

W[i,j,k] :=
1 1 4    0.0408463
1 1 5   -0.0135892
1 1 6    0.00561462
2 1 4    0.00713953
2 1 5   -0.0516881
2 1 6    0.0316277
3 1 4    0.040739
3 1 5   -0.0137105
3 1 6    0.00569741
4 1 4    0.0744993
4 1 5    0.0244489
4 1 6   -0.020357
;

W[i,j,k] :=
1 2 1    0.086332
1 2 2   -0.0432257
1 2 3   -0.777825
2 2 1    0.206395
2 2 2    0.864229
2 2 3   -0.866051
3 2 1    0.0867142
3 2 2   -0.0403375
3 2 3   -0.778105
4 2 1   -0.0335398
4 2 2   -0.949233
4 2 3   -0.689739
;

W[i,j,k] :=
1 2 4   -0.00511641
1 2 5   -0.0156511
1 2 6    0.000301895
2 2 4   -0.0641906
2 2 5   -0.0103566
2 2 6   -0.0256326
3 2 4   -0.00530443
3 2 5   -0.0156343
3 2 6    0.000219351
4 2 4    0.0538636
4 2 5   -0.0209372
4 2 6    0.026195
;

W[i,j,k] :=
1 3 1    0.792288
1 3 2   -0.0156517
1 3 3    0.534856
2 3 1    1.31072
2 3 2    0.285652
2 3 3   -0.322757
3 3 1    0.793938
3 3 2   -0.0146927
3 3 3    0.532126
4 3 1    0.274683
4 3 2   -0.316475
4 3 3    1.3911
;

W[i,j,k] :=
1 3 4    0.000801947
1 3 5   -0.0269347
1 3 6   -0.00197613
2 3 4    0.0152067
2 3 5   -0.0853651
2 3 6   -0.0137966
3 3 4    0.000847795
3 3 5   -0.0271206
3 3 6   -0.00201376
4 3 4   -0.0135799
4 3 5    0.0314026
4 3 6    0.00982553
;

f11 = 12.477

f12 = 15

f13 = 4.31332

f21 = 3.94349

f22 = 15

f23 = -1.22748

f31 = 13.1926

f32 = 15

f33 = -0.562058

