solve_message = ' \
Ipopt 3.9.1: Optimal Solution Found'

Solve time:
_solve_time = 77.0177

Objective:
torque = 4.90782

cnh1 = 0.249829

cnh2 = -0.927752

cnh3 = 0.417407

snh1 = -0.904204

snh2 = 0.138837

snh3 = -0.840102

Hx = -0.0654485

Hy = -0.0103565

Hz = 0.0482171

cnf11 = 0.208546

cnf21 = 0.624645

cnf31 = 0.539271

cnf12 = 0.208546

cnf22 = 0.335351

cnf32 = 0.44854

cnt1 = 0.451404

cnt2 = 0.416469

snf11 = 0.914609

snf21 = 0.699871

snf31 = 0.829451

snf12 = 0.914609

snf22 = 0.876093

snf32 = 0.872766

snt1 = 0.958245

snt2 = 0.932231

p :=
1 1   -0.0296522
1 2   -0.00216736
1 3   -0.0637011
2 1    0.0240776
2 2    0.0221813
2 3    0.0557798
3 1    0.0249731
3 2   -0.0249734
3 3    0.012476
;

mf :=
1 1    0.139936
1 2   -0.0232462
1 3    0.758667
2 1   -0.660723
2 2   -0.348206
2 3   -0.231061
;

mt [*] :=
1  -0.736016
2   0.576716
3   0.1593
;

phi :=
1 1   0.0677214
1 2   0.0614084
1 3   0.0344762
2 1   0.00570803
2 2   0.00186117
2 3   0.0016534
3 1   0.0674088
3 2   0.0611086
3 3   0.0343382
4 1   0.30483
4 2   0.287658
4 3   0.0984098
;

l [*,1,*]
:       1           2           3        :=
1    0.140524   -0.0236704   0.758538
2   -0.597647    0.509426    0.919954
3    0.138174   -0.0219737   0.759052
4    0.877516   -0.555916    0.59738

 [*,2,*]
:       1           2           3        :=
1   -0.660672   -0.34782    -0.231682
2   -0.724866   -0.833168    0.549013
3   -0.660876   -0.349364   -0.229197
4   -0.59658     0.136754   -1.01113

 [*,3,*]
:       1            2           3        :=
1   -0.735494     0.577309    0.159532
2   -1.3916      -0.167708   -0.131884
3   -0.737582     0.574938    0.158604
4   -0.0804307    1.32114     0.450483
;

W[i,j,k] :=
1 1 1    0.140524
1 1 2   -0.0236704
1 1 3    0.758538
2 1 1   -0.597647
2 1 2    0.509426
2 1 3    0.919954
3 1 1    0.138174
3 1 2   -0.0219737
3 1 3    0.759052
4 1 1    0.877516
4 1 2   -0.555916
4 1 3    0.59738
;

W[i,j,k] :=
1 1 4   -0.00315185
1 1 5    0.0135408
1 1 6    0.00100644
2 1 4    0.0304571
2 1 5    0.0653494
2 1 6   -0.0164009
3 1 4   -0.00304488
3 1 5    0.0137057
3 1 6    0.000951039
4 1 4   -0.0367072
4 1 5   -0.0381851
4 1 6    0.018386
;

W[i,j,k] :=
1 2 1   -0.660672
1 2 2   -0.34782
1 2 3   -0.231682
2 2 1   -0.724866
2 2 2   -0.833168
2 2 3    0.549013
3 2 1   -0.660876
3 2 2   -0.349364
3 2 3   -0.229197
4 2 1   -0.59658
4 2 2    0.136754
4 2 3   -1.01113
;

W[i,j,k] :=
1 2 4    0.0142623
1 2 5   -0.0312738
1 2 6    0.0062799
2 2 4    0.0586518
2 2 5   -0.0536518
2 2 6   -0.00398221
3 2 4    0.0144036
3 2 5   -0.031345
3 2 6    0.00624724
4 2 4   -0.0300563
4 2 5   -0.0089315
4 2 6    0.0165256
;

W[i,j,k] :=
1 3 1   -0.735494
1 3 2    0.577309
1 3 3    0.159532
2 3 1   -1.3916
2 3 2   -0.167708
2 3 3   -0.131884
3 3 1   -0.737582
3 3 2    0.574938
3 3 3    0.158604
4 3 1   -0.0804307
4 3 2    1.32114
4 3 3    0.450483
;

W[i,j,k] :=
1 3 4   -0.0111865
1 3 5   -0.01316
1 3 6   -0.00395061
2 3 4    0.00538591
2 3 5   -0.014068
2 3 6   -0.0389413
3 3 4   -0.0111338
3 3 5   -0.0131629
3 3 6   -0.00406198
4 3 4   -0.0277326
4 3 5   -0.0122534
4 3 6    0.0309843
;

f11 = 4.3636

f12 = 7.56098

f13 = 4.20318

f21 = 7.07541

f22 = 9.13715

f23 = -1.86831

f31 = 5.99008

f32 = 7.50194

f33 = -0.507532

