solve_message = ' \
Ipopt 3.9.1: Optimal Solution Found'

Solve time:
_solve_time = 12.8701

Objective:
torque = 4.04512

cnh1 = 0.901134

cnh2 = 0.938083

cnh3 = -0.305993

snh1 = -0.260687

snh2 = -0.000736972

snh3 = -0.886774

Hx = -0.0146942

Hy = -0.0682447

Hz = 0.0323579

cnf11 = 0.333072

cnf21 = 0.421861

cnf31 = 0.473043

cnf12 = 0.333072

cnf22 = 0.567908

cnf32 = 0.519344

cnt1 = 0.449688

cnt2 = 0.432132

snf11 = 0.876962

snf21 = 0.837875

snf31 = 0.863438

snf12 = 0.876962

snf22 = 0.746646

snf32 = 0.840818

snt1 = 0.933215

snt2 = 0.914491

p :=
1 1    0.0251872
1 2    0.0213254
1 3    0.0595614
2 1    0.0193892
2 2   -0.0211357
2 3   -0.0643139
3 1   -0.0243564
3 2    0.0243564
3 3    0.00256053
;

mf :=
1 1   -0.388183
1 2   -0.5407
1 3   -0.404676
2 1   -0.260556
2 2    0.0138771
2 3    0.726564
;

mt [*] :=
1   0.536038
2  -0.725828
3   0.18979
;

phi :=
1 1   0.0624194
1 2   0.0702496
1 3   0.0341408
2 1   0.0048552
2 2   0.0114965
2 3   0
3 1   0.0621361
3 2   0.0699646
3 3   0.033926
4 1   0.259439
4 2   0.259255
4 3   0.170061
;

l [*,1,*]
:       1           2           3        :=
1   -0.388644   -0.540171   -0.404882
2    0.190104   -1.20471    -0.145299
3   -0.386802   -0.542287   -0.404056
4   -0.966468    0.12331    -0.664051

 [*,2,*]
:       1           2           3        :=
1   -0.259985    0.0143081   0.726737
2   -0.978394   -0.527308    0.508896
3   -0.262271    0.0125843   0.726044
4    0.457279    0.55506     0.944231

 [*,3,*]
:       1            2           3        :=
1   0.536462     -0.725692    0.189112
2   0.00289263   -0.896818    1.04194
3   0.534764     -0.726236    0.191826
4   1.06918      -0.554838   -0.662352
;

W[i,j,k] :=
1 1 1   -0.388644
1 1 2   -0.540171
1 1 3   -0.404882
2 1 1    0.190104
2 1 2   -1.20471
2 1 3   -0.145299
3 1 1   -0.386802
3 1 2   -0.542287
3 1 3   -0.404056
4 1 1   -0.966468
4 1 2    0.12331
4 1 3   -0.664051
;

W[i,j,k] :=
1 1 4    0.0235391
1 1 5   -0.0129503
1 1 6   -0.00531741
2 1 4    0.0686559
2 1 5    0.0149825
2 1 6   -0.0343974
3 1 4    0.0236827
3 1 5   -0.0128614
3 1 6   -0.00540996
4 1 4   -0.0215057
4 1 5   -0.0408386
4 1 6    0.0237162
;

W[i,j,k] :=
1 2 1   -0.259985
1 2 2    0.0143081
1 2 3    0.726737
2 2 1   -0.978394
2 2 2   -0.527308
2 2 3    0.508896
3 2 1   -0.262271
3 2 2    0.0125843
3 2 3    0.726044
4 2 1    0.457279
4 2 2    0.55506
4 2 3    0.944231
;

W[i,j,k] :=
1 2 4   -0.0144399
1 2 5    0.00262977
1 2 6   -0.00521754
2 2 4   -0.0446691
2 2 5    0.0530572
2 2 6   -0.0309031
3 2 4   -0.0145361
3 2 5    0.00279027
3 2 6   -0.00529929
4 2 4    0.015741
4 2 5   -0.0477173
4 2 6    0.0204271
;

W[i,j,k] :=
1 3 1    0.536462
1 3 2   -0.725692
1 3 3    0.189112
2 3 1    0.00289263
2 3 2   -0.896818
2 3 3    1.04194
3 3 1    0.534764
3 3 2   -0.726236
3 3 3    0.191826
4 3 1    1.06918
4 3 2   -0.554838
4 3 3   -0.662352
;

W[i,j,k] :=
1 3 4    0.00646424
1 3 5    0.00597971
1 3 6    0.00460895
2 3 4    0.0276742
2 3 5    0.0253852
2 3 6    0.0217728
3 3 4    0.00653174
3 3 5    0.00604147
3 3 6    0.00466358
4 3 4   -0.0147118
4 3 5   -0.0133949
4 3 6   -0.0125275
;

f11 = 8.96601

f12 = 12.0614

f13 = -3.58281

f21 = 7.24231

f22 = 11.1231

f23 = 5.18182

f31 = -1.88276

f32 = 2.54701

f33 = -0.852678

