solve_message = ' \
Ipopt 3.9.1: Converged to a locally infeasible point. Problem may be infeasible.'

Solve time:
_solve_time = 3.12002

Objective:
torque = 3.39471

cnh1 = 0.578378

cnh2 = 0.395815

cnh3 = 0.650296

snh1 = -0.738566

snh2 = 0.0929541

snh3 = 0.676103

Hx = 0.0387568

Hy = 0.0481462

Hz = 0.0281929

cnf11 = 0.933288

cnf21 = 0.721888

cnf31 = 0.577009

cnf12 = 0.933288

cnf22 = 0.804481

cnf32 = 0.614756

cnt1 = 0.537582

cnt2 = 0.509182

snf11 = 0

snf21 = 0.599064

snf31 = 0.805484

snf12 = 0

snf22 = 0.482505

snf32 = 0.778339

snt1 = 0.768769

snt2 = 0.846257

p :=
1 1    0.00894761
1 2    0.0297476
1 3    0.0595295
2 1    0.0319942
2 2   -0.0122065
2 3    0.0435164
3 1   -0.0195594
3 2    0.0249712
3 3    0.0584055
;

mf :=
1 1   -0.212812
1 2    0.252753
1 3    0.0399409
2 1   -0.207266
2 2    0.228735
2 3    0.134078
;

mt [*] :=
1   0.368764
2  -0.0832372
3  -0.175674
;

phi :=
1 1   0.0699685
1 2   0.062578
1 3   0.115114
2 1   0.0692285
2 2   0.0438601
2 3   0.131659
3 1   0.069952
3 2   0.0625129
3 3   0.115144
4 1   0.0785508
4 2   0.0879428
4 3   0.116576
;

l [*,1,*]
:       1           2           3        :=
1   -0.213391    0.252292   0.0399308
2    0.513877    0.831466   0.0526368
3   -0.211076    0.254136   0.0399712
4   -0.939499   -0.325958   0.0272451

 [*,2,*]
:       1           2          3        :=
1   -0.207847    0.228277   0.134067
2    0.522956    0.80333    0.147497
3   -0.205521    0.230107   0.13411
4   -0.937485   -0.345858   0.120659

 [*,3,*]
:      1           2            3        :=
1   0.368898   -0.0833322   -0.175387
2   0.200874    0.0361399   -0.536022
3   0.368363   -0.082952    -0.176535
4   0.536653   -0.202614     0.184673
;

W[i,j,k] :=
1 1 1   -0.213391
1 1 2    0.252292
1 1 3    0.0399308
2 1 1    0.513877
2 1 2    0.831466
2 1 3    0.0526368
3 1 1   -0.211076
3 1 2    0.254136
3 1 3    0.0399712
4 1 1   -0.939499
4 1 2   -0.325958
4 1 3    0.0272451
;

W[i,j,k] :=
1 1 4   -0.013831
1 1 5   -0.0130604
1 1 6    0.00860528
2 1 4   -0.047931
2 1 5    0.0301199
2 1 6   -0.00784697
3 1 4   -0.0139395
3 1 5   -0.0129229
3 1 6    0.00855292
4 1 4    0.0202146
4 1 5   -0.0561717
4 1 6    0.0250313
;

W[i,j,k] :=
1 2 1   -0.207847
1 2 2    0.228277
1 2 3    0.134067
2 2 1    0.522956
2 2 2    0.80333
2 2 3    0.147497
3 2 1   -0.205521
3 2 2    0.230107
3 2 3    0.13411
4 2 1   -0.937485
4 2 2   -0.345858
4 2 3    0.120659
;

W[i,j,k] :=
1 2 4   -0.0115703
1 2 5   -0.0133341
1 2 6    0.00476647
2 2 4   -0.0367584
2 2 5    0.0180381
2 2 6    0.0320853
3 2 4   -0.0116505
3 2 5   -0.0132343
3 2 6    0.00485342
4 2 4    0.0135777
4 2 5   -0.0446563
4 2 6   -0.0225088
;

W[i,j,k] :=
1 3 1    0.368898
1 3 2   -0.0833322
1 3 3   -0.175387
2 3 1    0.200874
2 3 2    0.0361399
2 3 3   -0.536022
3 3 1    0.368363
3 3 2   -0.082952
3 3 3   -0.176535
4 3 1    0.536653
4 3 2   -0.202614
4 3 3    0.184673
;

W[i,j,k] :=
1 3 4    0.000487435
1 3 5    0.0181152
1 3 6   -0.00758191
2 3 4   -0.0154959
2 3 5    0.0012479
2 3 6   -0.00572295
3 3 4    0.000436564
3 3 5    0.0180615
3 3 6   -0.00757599
4 3 4    0.0164453
4 3 5    0.0349556
4 3 6   -0.0094379
;

f11 = -2.75039

f12 = 8.3996

f13 = -4.53288

f21 = 1.61204

f22 = 2.53906

f23 = -1.11701

f31 = 6.66265

f32 = 11.5014

f33 = -4.71099

