solve_message = ' \
Ipopt 3.9.1: Converged to a locally infeasible point. Problem may be infeasible.'

Solve time:
_solve_time = 4.38363

Objective:
torque = 5.45506

cnh1 = -0.0166394

cnh2 = -0.785061

cnh3 = -0.921474

snh1 = -0.398708

snh2 = 0.513497

snh3 = 0.175745

Hx = -0.0567791

Hy = -0.0199048

Hz = 0.00572387

cnf11 = 0.533715

cnf21 = 0.696474

cnf31 = 0.566609

cnf12 = 0.533715

cnf22 = 0.112278

cnf32 = 0.396901

cnt1 = 0.0360994

cnt2 = 0.384361

snf11 = 0.771459

snf21 = 0.62843

snf31 = 0.812403

snf12 = 0.771459

snf22 = 0.93134

snf32 = 0.880627

snt1 = 0.937388

snt2 = 0.876344

p :=
1 1   -0.0274754
1 2    0.0140686
1 3    0.059811
2 1   -0.0316588
2 2   -0.00294961
2 3    0.0582522
3 1   -0.0276458
3 2   -0.00593126
3 3    0.0645043
;

mf :=
1 1   -0.26158
1 2   -0.190901
1 3    0.0706795
2 1    0.178312
2 2   -0.219399
2 3   -0.382805
;

mt [*] :=
1   0.0553503
2  -0.0320436
3  -0.785483
;

phi :=
1 1   0.0955919
1 2   0.0624473
1 3   0.0584333
2 1   0.0315632
2 2   0.0144276
2 3   0.0320583
3 1   0.0953677
3 2   0.0622781
3 3   0.0583402
4 1   0.175811
4 2   0.122575
4 3   0.0912682
;

l [*,1,*]
:       1           2           3         :=
1   -0.261519   -0.190949    0.071416
2   -0.338121   -0.130865   -0.854212
3   -0.261763   -0.190757    0.0684699
4   -0.18504    -0.250937    0.995568

 [*,2,*]
:       1           2            3        :=
1    0.178562   -0.219255    -0.382606
2   -0.136204   -0.399431    -0.632042
3    0.177561   -0.219829    -0.3834
4    0.492827   -0.0393674   -0.133568

 [*,3,*]
:       1            2            3        :=
1    0.0551065   -0.0318479   -0.785655
2    0.361532    -0.277824    -0.57017
3    0.0560818   -0.0326308   -0.784969
4   -0.25083      0.213735    -1.0008
;

W[i,j,k] :=
1 1 1   -0.261519
1 1 2   -0.190949
1 1 3    0.071416
2 1 1   -0.338121
2 1 2   -0.130865
2 1 3   -0.854212
3 1 1   -0.261763
3 1 2   -0.190757
3 1 3    0.0684699
4 1 1   -0.18504
4 1 2   -0.250937
4 1 3    0.995568
;

W[i,j,k] :=
1 1 4    0.0124256
1 1 5   -0.0136796
1 1 6    0.00892562
2 1 4   -0.00419046
2 1 5   -0.0436932
2 1 6    0.00835246
3 1 4    0.0123727
3 1 5   -0.0137751
3 1 6    0.00892379
4 1 4    0.0290151
4 1 5    0.0162862
4 1 6    0.00949786
;

W[i,j,k] :=
1 2 1    0.178562
1 2 2   -0.219255
1 2 3   -0.382606
2 2 1   -0.136204
2 2 2   -0.399431
2 2 3   -0.632042
3 2 1    0.177561
3 2 2   -0.219829
3 2 3   -0.3834
4 2 1    0.492827
4 2 2   -0.0393674
4 2 3   -0.133568
;

W[i,j,k] :=
1 2 4    0.0139007
1 2 5   -0.00171121
1 2 6    0.00746806
2 2 4    0.025132
2 2 5   -0.0279439
2 2 6    0.0122438
3 2 4    0.0139364
3 2 5   -0.00179471
3 2 6    0.00748326
4 2 4    0.00268722
4 2 5    0.0244796
4 2 6    0.00269997
;

W[i,j,k] :=
1 3 1    0.0551065
1 3 2   -0.0318479
1 3 3   -0.785655
2 3 1    0.361532
2 3 2   -0.277824
2 3 3   -0.57017
3 3 1    0.0560818
3 3 2   -0.0326308
3 3 3   -0.784969
4 3 1   -0.25083
4 3 2    0.213735
4 3 3   -1.0008
;

W[i,j,k] :=
1 3 4    0.00671425
1 3 5   -0.0181654
1 3 6    0.00120731
2 3 4    0.0213026
2 3 5    0.00755758
2 3 6    0.00982499
3 3 4    0.00676068
3 3 5   -0.0180836
3 3 6    0.00123474
4 3 4   -0.00785086
4 3 5   -0.0438474
4 3 6   -0.00739662
;

f11 = 9.98142

f12 = 15

f13 = -8.64473

f21 = 9.77187

f22 = 12.6304

f23 = 2.5939

f31 = 3.44728

f32 = 5.31787

f33 = -2.51701

