solve_message = ' \
Ipopt 3.9.1: Converged to a locally infeasible point. Problem may be infeasible.'

Solve time:
_solve_time = 42.6819

Objective:
torque = 9.24867

cnh1 = 0.759331

cnh2 = -0.682939

cnh3 = 0.0586297

snh1 = 0.550833

snh2 = -0.643113

snh3 = -0.936249

Hx = 0.0418573

Hy = -0.0506739

Hz = -0.0306275

cnf11 = 0.535649

cnf21 = 0.291594

cnf31 = 0.366653

cnf12 = 0.535649

cnf22 = 0.750444

cnf32 = 0.58928

cnt1 = 0.419318

cnt2 = 0.412154

snf11 = 0.770117

snf21 = 0.992365

snf31 = 0.954404

snf12 = 0.770117

snf22 = 0.56288

snf32 = 0.797012

snt1 = 0.959772

snt2 = 0.930545

p :=
1 1   -0.0331214
1 2    0.00369238
1 3   -0.0532951
2 1    0.0101405
2 2    0.0272378
2 3    0.0641129
3 1    0.00316138
3 2    0.033791
3 3   -0.0568076
;

mf :=
1 1    0.845868
1 2   -0.264438
1 3    0.128636
2 1   -0.042499
2 2   -0.0864289
2 3   -0.777895
;

mt [*] :=
1  -0.015394
2  -0.792703
3   0.534179
;

phi :=
1 1   0.0484225
1 2   0.0850419
1 3   0.0317435
2 1   0
2 2   0.0287113
2 3   0
3 1   0.0481812
3 2   0.084782
3 3   0.0314808
4 1   0.198255
4 2   0.230583
4 3   0.261136
;

l [*,1,*]
:      1           2           3        :=
1   0.846078   -0.263837    0.128165
2   0.58144    -1.01972     0.719985
3   0.845236   -0.266243    0.130049
4   1.11029     0.49084    -0.462711

 [*,2,*]
:       1            2            3        :=
1   -0.0432211   -0.0863334   -0.777825
2    0.864237    -0.206377    -0.866048
3   -0.0403329   -0.0867155   -0.778106
4   -0.949231     0.0335188   -0.689742

 [*,3,*]
:       1            2           3        :=
1   -0.0156337   -0.79229     0.534861
2    0.285683    -1.31072    -0.322752
3   -0.0146747   -0.79394     0.532131
4   -0.316469    -0.274687    1.39111
;

W[i,j,k] :=
1 1 1    0.846078
1 1 2   -0.263837
1 1 3    0.128165
2 1 1    0.58144
2 1 2   -1.01972
2 1 3    0.719985
3 1 1    0.845236
3 1 2   -0.266243
3 1 3    0.130049
4 1 1    1.11029
4 1 2    0.49084
4 1 3   -0.462711
;

W[i,j,k] :=
1 1 4   -0.013588
1 1 5   -0.0408468
1 1 6    0.00561459
2 1 4   -0.0516876
2 1 5   -0.00714102
2 1 6    0.0316276
3 1 4   -0.0137092
3 1 5   -0.0407395
3 1 6    0.00569739
4 1 4    0.0244509
4 1 5   -0.0744989
4 1 6   -0.0203569
;

W[i,j,k] :=
1 2 1   -0.0432211
1 2 2   -0.0863334
1 2 3   -0.777825
2 2 1    0.864237
2 2 2   -0.206377
2 2 3   -0.866048
3 2 1   -0.0403329
3 2 2   -0.0867155
3 2 3   -0.778106
4 2 1   -0.949231
4 2 2    0.0335188
4 2 3   -0.689742
;

W[i,j,k] :=
1 2 4   -0.0156512
1 2 5    0.0051165
1 2 6    0.000301783
2 2 4   -0.0103578
2 2 5    0.0641908
2 2 6   -0.0256327
3 2 4   -0.0156343
3 2 5    0.00530452
3 2 6    0.00021924
4 2 4   -0.020936
4 2 5   -0.0538636
4 2 6    0.0261949
;

W[i,j,k] :=
1 3 1   -0.0156337
1 3 2   -0.79229
1 3 3    0.534861
2 3 1    0.285683
2 3 2   -1.31072
2 3 3   -0.322752
3 3 1   -0.0146747
3 3 2   -0.79394
3 3 3    0.532131
4 3 1   -0.316469
4 3 2   -0.274687
4 3 3    1.39111
;

W[i,j,k] :=
1 3 4   -0.0269346
1 3 5   -0.000802783
1 3 6   -0.00197645
2 3 4   -0.085365
2 3 5   -0.0152086
2 3 6   -0.0137972
3 3 4   -0.0271206
3 3 5   -0.000848634
3 3 6   -0.00201407
4 3 4    0.0314026
4 3 5    0.0135801
4 3 6    0.00982543
;

f11 = 12.4768

f12 = 15

f13 = 4.31329

f21 = 3.94355

f22 = 15

f23 = -1.22754

f31 = 13.1926

f32 = 15

f33 = -0.561967

