solve_message = ' \
Ipopt 3.9.1: Converged to a locally infeasible point. Problem may be infeasible.'

Solve time:
_solve_time = 32.3234

Objective:
torque = 7.73495

cnh1 = -0.22056

cnh2 = -0.697598

cnh3 = 0.221462

snh1 = -0.911786

snh2 = -0.627182

snh3 = 0.911567

Hx = 0.0577405

Hy = -0.0302406

Hz = -0.0218912

cnf11 = 0.707421

cnf21 = 0.759706

cnf31 = 0.593415

cnf12 = 0.707421

cnf22 = 0.460243

cnf32 = 0.420273

cnt1 = 0.346426

cnt2 = 0.451556

snf11 = 0.616081

snf21 = 0.550315

snf31 = 0.794081

snf12 = 0.616081

snf22 = 0.954032

snf32 = 0.929775

snt1 = 0.871774

snt2 = 0.871742

p :=
1 1   -0.0285597
1 2    0.00200088
1 3    0.0643396
2 1   -0.00686788
2 2    0.0340926
2 3   -0.052152
3 1   -0.0219294
3 2   -0.0225674
3 3   -0.058876
;

mf :=
1 1    0.075633
1 2   -0.143221
1 3   -0.778967
2 1    0.297519
2 2   -0.841511
2 3    0.0641276
;

mt [*] :=
1  0.590172
2  0.244697
3  0.529539
;

phi :=
1 1   0.0737108
1 2   0.030143
1 3   0.0835086
2 1   0.0244395
2 2   0
2 3   0.0235307
3 1   0.0734894
3 2   0.0299294
3 3   0.0832306
4 1   0.194338
4 2   0.178705
4 3   0.247411
;

l [*,1,*]
:       1            2           3        :=
1    0.0749497   -0.143488   -0.779011
2    0.933616     0.192119   -0.724055
3    0.0776827   -0.14242    -0.778836
4   -0.782347    -0.478559   -0.833879

 [*,2,*]
:       1           2           3         :=
1    0.296872   -0.841629    0.0645558
2    1.11068    -0.693747   -0.473622
3    0.299462   -0.841158    0.0628429
4   -0.515643   -0.989275    0.601876

 [*,3,*]
:      1           2          3        :=
1   0.590086    0.245388   0.529306
2   0.698969   -0.62273    0.821422
3   0.590432    0.242625   0.530236
4   0.481376    1.11212    0.237657
;

W[i,j,k] :=
1 1 1    0.0749497
1 1 2   -0.143488
1 1 3   -0.779011
2 1 1    0.933616
2 1 2    0.192119
2 1 3   -0.724055
3 1 1    0.0776827
3 1 2   -0.14242
3 1 3   -0.778836
4 1 1   -0.782347
4 1 2   -0.478559
4 1 3   -0.833879
;

W[i,j,k] :=
1 1 4    0.00767324
1 1 5   -0.0174261
1 1 6    0.00394801
2 1 4   -0.0138096
2 1 5    0.0393897
2 1 6   -0.00735492
3 1 4    0.00760486
3 1 5   -0.0172453
3 1 6    0.00391203
4 1 4    0.0291218
4 1 5   -0.0741513
4 1 6    0.0152329
;

W[i,j,k] :=
1 2 1    0.296872
1 2 2   -0.841629
1 2 3    0.0645558
2 2 1    1.11068
2 2 2   -0.693747
2 2 3   -0.473622
3 2 1    0.299462
3 2 2   -0.841158
3 2 3    0.0628429
4 2 1   -0.515643
4 2 2   -0.989275
4 2 3    0.601876
;

W[i,j,k] :=
1 2 4   -0.0416917
1 2 5   -0.0150391
1 2 6   -0.00434093
2 2 4   -0.0523273
2 2 5   -0.0611772
2 2 6   -0.0331016
3 2 4   -0.0417256
3 2 5   -0.0151859
3 2 6   -0.00443247
4 2 4   -0.0310731
4 2 5    0.0310254
4 2 6    0.0243738
;

W[i,j,k] :=
1 3 1    0.590086
1 3 2    0.245388
1 3 3    0.529306
2 3 1    0.698969
2 3 2   -0.62273
2 3 3    0.821422
3 3 1    0.590432
3 3 2    0.242625
3 3 3    0.530236
4 3 1    0.481376
4 3 2    1.11212
4 3 3    0.237657
;

W[i,j,k] :=
1 3 4    0.0025024
1 3 5   -0.0231345
1 3 6    0.00793549
2 3 4   -0.0552012
2 3 5   -0.0231392
2 3 6    0.02943
3 3 4    0.00231874
3 3 5   -0.0231345
3 3 6    0.0080039
4 3 4    0.0601139
4 3 5   -0.0231298
4 3 6   -0.0135247
;

f11 = 2.04836

f12 = 13.9764

f13 = -2.10489

f21 = 11.089

f22 = 14.2466

f23 = 2.65579

f31 = 12.0421

f32 = 15

f33 = 5.41731

