solve_message = ' \
Ipopt 3.9.1: Optimal Solution Found'

Solve time:
_solve_time = 6.56764

Objective:
torque = 3.59843

cnh1 = -0.54035

cnh2 = -0.892545

cnh3 = -0.277781

snh1 = -0.766826

snh2 = -0.288727

snh3 = 0.896012

Hx = 0.0536462

Hy = -0.0282484

Hz = -0.0215294

cnf11 = 0.838404

cnf21 = 0.54695

cnf31 = 0.512288

cnf12 = 0.838404

cnf22 = 0.245273

cnf32 = 0.390232

cnt1 = 0.357757

cnt2 = 0.45468

snf11 = 0.420807

snf21 = 0.762132

snf31 = 0.844621

snf12 = 0.420807

snf22 = 0.964687

snf32 = 0.918165

snt1 = 0.867186

snt2 = 0.870643

p :=
1 1    0.0138698
1 2    0.0302974
1 3    0.0587783
2 1   -0.00921387
2 2    0.0331895
2 3   -0.020206
3 1   -0.0323164
3 2   -0.014711
3 3   -0.00935133
;

mf :=
1 1   -0.10541
1 2   -0.517774
1 3   -0.583327
2 1    0.352313
2 2   -0.767385
2 3   -0.13904
;

mt [*] :=
1  0.773045
2  0.232688
3  0.0569143
;

phi :=
1 1   0.0367547
1 2   0.0126617
1 3   0.0778984
2 1   0
2 2   0
2 3   0.010726
3 1   0.0364713
3 2   0.012461
3 3   0.0775555
4 1   0.29262
4 2   0.156057
4 3   0.35132
;

l [*,1,*]
:       1           2           3        :=
1   -0.105997   -0.518013   -0.582976
2    0.632479   -0.217619   -1.02333
3   -0.103647   -0.517057   -0.584378
4   -0.843296   -0.817927   -0.143326

 [*,2,*]
:       1            2           3        :=
1    0.352014    -0.767588   -0.138392
2    0.728499    -0.512144   -0.951673
3    0.353212    -0.766775   -0.140981
4   -0.0238702   -1.02262     0.673591

 [*,3,*]
:      1           2           3         :=
1   0.772852    0.233359    0.0566252
2   1.01549    -0.609066    0.419892
3   0.773624    0.230678    0.0577814
4   0.530606    1.07444    -0.306062
;

W[i,j,k] :=
1 1 1   -0.105997
1 1 2   -0.518013
1 1 3   -0.582976
2 1 1    0.632479
2 1 2   -0.217619
2 1 3   -1.02333
3 1 1   -0.103647
3 1 2   -0.517057
3 1 3   -0.584378
4 1 1   -0.843296
4 1 2   -0.817927
4 1 3   -0.143326
;

W[i,j,k] :=
1 1 4    0.0127853
1 1 5    0.00185543
1 1 6   -0.0039733
2 1 4   -0.0182129
2 1 5    0.0513694
2 1 6   -0.0221808
3 1 4    0.0126866
3 1 5    0.00201302
3 1 6   -0.00403125
4 1 4    0.043734
4 1 5   -0.0475796
4 1 6    0.0142051
;

W[i,j,k] :=
1 2 1    0.352014
1 2 2   -0.767588
1 2 3   -0.138392
2 2 1    0.728499
2 2 2   -0.512144
2 2 3   -0.951673
3 2 1    0.353212
3 2 2   -0.766775
3 2 3   -0.140981
4 2 1   -0.0238702
4 2 2   -1.02262
4 2 3    0.673591
;

W[i,j,k] :=
1 2 4   -0.0201031
1 2 5   -0.00838793
1 2 6   -0.00461073
2 2 4   -0.041934
2 2 5   -0.0234886
2 2 6   -0.0194597
3 2 4   -0.0201726
3 2 5   -0.00843599
3 2 6   -0.00465799
4 2 4    0.00169299
4 2 5    0.0066887
4 2 6    0.0102146
;

W[i,j,k] :=
1 3 1    0.772852
1 3 2    0.233359
1 3 3    0.0566252
2 3 1    1.01549
2 3 2   -0.609066
2 3 3    0.419892
3 3 1    0.773624
3 3 2    0.230678
3 3 3    0.0577814
4 3 1    0.530606
4 3 2    1.07444
4 3 3   -0.306062
;

W[i,j,k] :=
1 3 4    0.0013492
1 3 5   -0.00539727
1 3 6    0.0038281
2 3 4   -0.0118726
2 3 5    0.00407327
2 3 6    0.0346217
3 3 4    0.00130712
3 3 5   -0.00536713
3 3 6    0.00392611
4 3 4    0.0145499
4 3 5   -0.0148527
4 3 6   -0.0269163
;

f11 = 7.89224

f12 = 10.1537

f13 = -1.95321

f21 = 0.349939

f22 = 0

f23 = 0.0627899

f31 = 4.75998

f32 = 10.5189

f33 = -6.94819

