solve_message = ' \
Ipopt 3.9.1: Converged to a locally infeasible point. Problem may be infeasible.'

Solve time:
_solve_time = 22.7917

Objective:
torque = 7.86654

cnh1 = -0.0417011

cnh2 = 0.69443

cnh3 = 0.195206

snh1 = -0.937156

snh2 = 0.630687

snh3 = -0.917548

Hx = -0.0611464

Hy = 0.0177557

Hz = 0.0247865

cnf11 = 0.71472

cnf21 = 0.383239

cnf31 = 0.383124

cnf12 = 0.71472

cnf22 = 0.751466

cnf32 = 0.589732

cnt1 = 0.327489

cnt2 = 0.446421

snf11 = 0.607598

snf21 = 0.987486

snf31 = 0.955397

snf12 = 0.607598

snf22 = 0.561515

snf32 = 0.796693

snt1 = 0.879063

snt2 = 0.873461

p :=
1 1    0.0177368
1 2   -0.0297973
1 3    0.0529378
2 1    0.0284188
2 2    0.00396273
2 3   -0.0618945
3 1    0.0184879
3 2    0.0256453
3 3    0.0586076
;

mf :=
1 1   -0.571831
1 2    0.710302
1 3   -0.0606233
2 1   -0.101325
2 2    0.131347
2 3    0.778547
;

mt [*] :=
1  -0.550986
2  -0.346041
3  -0.512175
;

phi :=
1 1   0.0447313
1 2   0.0883764
1 3   0.0460368
2 1   0.00774332
2 2   0.0335835
2 3   0
3 1   0.0445724
3 2   0.0881319
3 3   0.0457419
4 1   0.120452
4 2   0.216899
4 3   0.302551
;

l [*,1,*]
:       1           2           3         :=
1   -0.571435    0.710639   -0.0599925
2   -1.06995     0.287636   -0.852785
3   -0.573021    0.709292   -0.0625158
4   -0.0737114   1.13297     0.731536

 [*,2,*]
:       1           2          3        :=
1   -0.100924    0.130761   0.778675
2   -0.604317    0.866927   0.617144
3   -0.102526    0.133104   0.778161
4    0.401666   -0.60423    0.939948

 [*,3,*]
:       1            2           3        :=
1   -0.550496    -0.346025   -0.512772
2   -1.16619     -0.366351    0.237627
3   -0.552456    -0.34609    -0.510384
4    0.0642117   -0.325731   -1.26197
;

W[i,j,k] :=
1 1 1   -0.571435
1 1 2    0.710639
1 1 3   -0.0599925
2 1 1   -1.06995
2 1 2    0.287636
2 1 3   -0.852785
3 1 1   -0.573021
3 1 2    0.709292
3 1 3   -0.0625158
4 1 1   -0.0737114
4 1 2    1.13297
4 1 3    0.731536
;

W[i,j,k] :=
1 1 4   -0.0358321
1 1 5   -0.0291865
1 1 6   -0.00442274
2 1 4    0.0101838
2 1 5   -0.0415154
2 1 6   -0.0267799
3 1 4   -0.0356856
3 1 5   -0.0292257
3 1 6   -0.0044939
4 1 4   -0.0817746
4 1 5   -0.0168772
4 1 6    0.0178988
;

W[i,j,k] :=
1 2 1   -0.100924
1 2 2    0.130761
1 2 3    0.778675
2 2 1   -0.604317
2 2 2    0.866927
2 2 3    0.617144
3 2 1   -0.102526
3 2 2    0.133104
3 2 3    0.778161
4 2 1    0.401666
4 2 2   -0.60423
4 2 3    0.939948
;

W[i,j,k] :=
1 2 4    0.0111791
1 2 5   -0.0158823
1 2 6    0.004116
2 2 4    0.0561036
2 2 5    0.0198654
2 2 6    0.0270317
3 2 4    0.0113221
3 2 5   -0.0157686
3 2 6    0.00418894
4 2 4   -0.0336738
4 2 5   -0.0515731
4 2 6   -0.0187632
;

W[i,j,k] :=
1 3 1   -0.550496
1 3 2   -0.346025
1 3 3   -0.512772
2 3 1   -1.16619
2 3 2   -0.366351
2 3 3    0.237627
3 3 1   -0.552456
3 3 2   -0.34609
3 3 3   -0.510384
4 3 1    0.0642117
4 3 2   -0.325731
4 3 3   -1.26197
;

W[i,j,k] :=
1 3 4    0.00712946
1 3 5   -0.0227832
1 3 6    0.0077204
2 3 4    0.027565
2 3 5   -0.0727405
2 3 6    0.0231342
3 3 4    0.0071945
3 3 5   -0.0229422
3 3 6    0.00776946
4 3 4   -0.0132735
4 3 5    0.0270945
4 3 6   -0.0076688
;

f11 = 12.9422

f12 = 15

f13 = -2.61901

f21 = 1.95574

f22 = 11.8288

f23 = 2.10901

f31 = 12.1338

f32 = 15

f33 = -5.20869

