solve_message = ' \
Ipopt 3.9.1: Converged to a locally infeasible point. Problem may be infeasible.'

Solve time:
_solve_time = 8.06525

Objective:
torque = 8.5284

cnh1 = 0.0830253

cnh2 = -0.0776768

cnh3 = 0.462186

snh1 = 0.934403

snh2 = -0.934862

snh3 = 0.816326

Hx = -0.0374926

Hy = 0.0188304

Hz = 0.0536582

cnf11 = 0.311172

cnf21 = 0.0312176

cnf31 = 0.383664

cnf12 = 0.311172

cnf22 = 0.27263

cnf32 = 0.432168

cnt1 = 0.766

cnt2 = 0.7431

snf11 = 0.884979

snf21 = 0.937564

snf31 = 0.875925

snf12 = 0.884979

snf22 = 0.897597

snf32 = 0.877555

snt1 = 0

snt2 = 0.6691

p :=
1 1    0.0332812
1 2    0.000500802
1 3    0.0535113
2 1    0.0036145
2 2   -0.0341004
2 3    0.0552613
3 1   -0.0242774
3 2    0.0217661
3 3   -0.0603832
;

mf :=
1 1   -0.757108
1 2    0.159203
1 3   -0.105262
2 1   -0.210807
2 2    0.704499
2 3   -0.1232
;

mt [*] :=
1   0.517827
2  -0.372263
3   0.417202
;

phi :=
1 1   0.040508
1 2   0.0584553
1 3   0.126254
2 1   0.0218201
2 2   0.129497
2 3   0.133
3 1   0.0404101
3 2   0.0585324
3 3   0.12626
4 1   0.122878
4 2   0.0447365
4 3   0.131018
;

l [*,1,*]
:       1           2           3        :=
1   -0.757052    0.158965   -0.105964
2   -0.827598    0.457806    0.776598
3   -0.757277    0.159916   -0.103155
4   -0.686619   -0.139399   -0.987118

 [*,2,*]
:       1          2           3        :=
1   -0.210234   0.704667   -0.122775
2   -0.930168   0.492402   -0.657017
3   -0.212526   0.703992   -0.124475
4    0.508551   0.916594    0.410616

 [*,3,*]
:      1           2           3        :=
1   0.517734   -0.372802    0.416724
2   0.634793    0.304618    1.01746
3   0.518107   -0.370646    0.418636
4   0.400862   -1.04914    -0.183052
;

W[i,j,k] :=
1 1 1   -0.757052
1 1 2    0.158965
1 1 3   -0.105964
2 1 1   -0.827598
2 1 2    0.457806
2 1 3    0.776598
3 1 1   -0.757277
3 1 2    0.159916
3 1 3   -0.103155
4 1 1   -0.686619
4 1 2   -0.139399
4 1 3   -0.987118
;

W[i,j,k] :=
1 1 4   -0.0085595
1 1 5   -0.0369842
1 1 6    0.00566968
2 1 4   -0.0241089
2 1 5   -0.0701319
2 1 6    0.0156508
3 1 4   -0.00860899
3 1 5   -0.0370897
3 1 6    0.00570145
4 1 4    0.00696505
4 1 5   -0.00388941
4 1 6   -0.00429548
;

W[i,j,k] :=
1 2 1   -0.210234
1 2 2    0.704667
1 2 3   -0.122775
2 2 1   -0.930168
2 2 2    0.492402
2 2 3   -0.657017
3 2 1   -0.212526
3 2 2    0.703992
3 2 3   -0.124475
4 2 1    0.508551
4 2 2    0.916594
4 2 3    0.410616
;

W[i,j,k] :=
1 2 4   -0.0347542
1 2 5   -0.011174
1 2 6   -0.00462204
2 2 4   -0.00480625
2 2 5   -0.0490275
2 2 6   -0.0299393
3 2 4   -0.0346589
3 2 5   -0.0112945
3 2 6   -0.00470262
4 2 4   -0.0646543
4 2 5    0.026619
4 2 6    0.0206548
;

W[i,j,k] :=
1 3 1    0.517734
1 3 2   -0.372802
1 3 3    0.416724
2 3 1    0.634793
2 3 2    0.304618
2 3 3    1.01746
3 3 1    0.518107
3 3 2   -0.370646
3 3 3    0.418636
4 3 1    0.400862
4 3 2   -1.04914
4 3 3   -0.183052
;

W[i,j,k] :=
1 3 4   -0.0134405
1 3 5   -0.0211454
1 3 6   -0.00221838
2 3 4    0.04054
2 3 5   -0.0136295
2 3 6   -0.0212123
3 3 4   -0.0132687
3 3 5   -0.0211215
3 3 6   -0.00227883
4 3 4   -0.0673349
4 3 5   -0.0286493
4 3 6    0.0167453
;

f11 = 13.2045

f12 = 15

f13 = 0.0318515

f21 = 12.5657

f22 = 15

f23 = -3.98319

f31 = -9.01048

f32 = 15

f33 = 1.74333

