solve_message = ' \
Ipopt 3.9.1: Optimal Solution Found'

Solve time:
_solve_time = 3.12002

Objective:
torque = 2.7762

cnh1 = 0.255515

cnh2 = 0.145424

cnh3 = -0.912768

snh1 = -1.02463

snh2 = 0.93657

snh3 = -0.537486

Hx = -0.0323298

Hy = -0.0779887

Hz = 0.0387379

cnf11 = 0.93753

cnf21 = 0.790725

cnf31 = 0.60793

cnf12 = 0.93753

cnf22 = 0.81294

cnf32 = 0.57724

cnt1 = 0.41905

cnt2 = 0.401829

snf11 = 0

snf21 = 0.504732

snf31 = 0.783488

snf12 = 0

snf22 = 0.627576

snf32 = 0.821496

snt1 = 0.972829

snt2 = 0.941958

p :=
1 1    0.0218326
1 2   -0.0150654
1 3   -0.0639797
2 1   -0.0198021
2 2    0.0124269
2 3   -0.0636023
3 1    0.00120009
3 2    0.0328149
3 3    0.0554316
;

mf :=
1 1    0.0278256
1 2    0.207355
1 3    0.804425
2 1   -0.0865951
2 2    0.106382
2 3    0.908031
;

mt [*] :=
1  -0.219351
2  -0.874943
3  -0.63652
;

phi :=
1 1   0.0664687
1 2   0.0564241
1 3   0.0917961
2 1   0.0249051
2 2   0.0192842
2 3   0.0318462
3 1   0.0662926
3 2   0.0562692
3 3   0.0915189
4 1   0.149291
4 2   0.126984
4 3   0.251256
;

l [*,1,*]
:       1            2          3        :=
1    0.0286579    0.207774   0.804326
2   -1.01734     -0.31887    0.928383
3    0.0253287    0.206098   0.804721
4    1.07298      0.733578   0.680468

 [*,2,*]
:       1            2          3        :=
1   -0.0857444    0.106886   0.908036
2   -1.15482     -0.526022   0.902214
3   -0.089147     0.104871   0.908018
4    0.981624     0.738784   0.913849

 [*,3,*]
:       1           2           3         :=
1   -0.219845   -0.874327   -0.637082
2    0.400642   -1.64866     0.0698648
3   -0.21787    -0.876792   -0.634832
4   -0.839342   -0.101233   -1.3429
;

W[i,j,k] :=
1 1 1    0.0286579
1 1 2    0.207774
1 1 3    0.804326
2 1 1   -1.01734
2 1 2   -0.31887
2 1 3    0.928383
3 1 1    0.0253287
3 1 2    0.206098
3 1 3    0.804721
4 1 1    1.07298
4 1 2    0.733578
4 1 3    0.680468
;

W[i,j,k] :=
1 1 4    0.00117581
1 1 5   -0.0193941
1 1 6    0.00496798
2 1 4   -0.0343877
2 1 5    0.0448198
2 1 6   -0.0222884
3 1 4    0.00106262
3 1 5   -0.0191897
3 1 6    0.00488123
4 1 4    0.0366826
4 1 5   -0.0835055
4 1 6    0.0321809
;

W[i,j,k] :=
1 2 1   -0.0857444
1 2 2    0.106886
1 2 3    0.908036
2 2 1   -1.15482
2 2 2   -0.526022
2 2 3    0.902214
3 2 1   -0.089147
3 2 2    0.104871
3 2 3    0.908018
4 2 1    0.981624
4 2 2    0.738784
4 2 3    0.913849
;

W[i,j,k] :=
1 2 4    0.0180823
1 2 5    0.0234346
1 2 6   -0.00105102
2 2 4   -0.0222445
2 2 5    0.0913148
2 2 6    0.0247672
3 2 4    0.0179539
3 2 5    0.0236506
3 2 6   -0.000968851
4 2 4    0.0583447
4 2 5   -0.0443373
4 2 6   -0.0268281
;

W[i,j,k] :=
1 3 1   -0.219845
1 3 2   -0.874327
1 3 3   -0.637082
2 3 1    0.400642
2 3 2   -1.64866
2 3 3    0.0698648
3 3 1   -0.21787
3 3 2   -0.876792
3 3 3   -0.634832
4 3 1   -0.839342
4 3 2   -0.101233
4 3 3   -1.3429
;

W[i,j,k] :=
1 3 4    0.0275595
1 3 5   -0.0114218
1 3 6    0.00616493
2 3 4    0.0936803
2 3 5    0.0221244
2 3 6   -0.0151256
3 3 4    0.02777
3 3 5   -0.011315
3 3 6    0.00609716
4 3 4   -0.0384557
4 3 5   -0.0449144
4 3 6    0.0274215
;

f11 = 2.94772

f12 = 3.70567

f13 = -0.468447

f21 = -2.3606

f22 = 2.9268

f23 = 0.173118

f31 = 7.37481

f32 = 9.25047

f33 = 0.106521

