solve_message = ' \
Ipopt 3.9.1: Converged to a locally infeasible point. Problem may be infeasible.'

Solve time:
_solve_time = 2.90162

Objective:
torque = 8.5245

cnh1 = 0.934339

cnh2 = 0.0784815

cnh3 = -0.458741

snh1 = -0.0837456

snh2 = -0.934795

snh3 = -0.818267

Hx = -0.0186987

Hy = -0.0375333

Hz = 0.0536747

cnf11 = 0.314774

cnf21 = 0.0308541

cnf31 = 0.383612

cnf12 = 0.314774

cnf22 = 0.272372

cnf32 = 0.432102

cnt1 = 0.766

cnt2 = 0.7431

snf11 = 0.883709

snf21 = 0.937577

snf31 = 0.875893

snf12 = 0.883709

snf22 = 0.897678

snf32 = 0.877572

snt1 = 0

snt2 = 0.6691

p :=
1 1   -0.000581271
1 2    0.0332739
1 3    0.0535421
2 1    0.034062
2 2    0.00387633
2 3    0.0553087
3 1   -0.0217854
3 2   -0.0242706
3 3   -0.0603683
;

mf :=
1 1   -0.157589
1 2   -0.757293
1 3   -0.106588
2 1   -0.70353
2 2   -0.213996
2 3   -0.124766
;

mt [*] :=
1  0.370958
2  0.519003
3  0.417097
;

phi :=
1 1   0.0680292
1 2   0.0690832
1 3   0.118526
2 1   0.0327493
2 2   0.0667343
2 3   0.0909158
3 1   0.0679079
3 2   0.0690743
3 3   0.118431
4 1   0.108723
4 2   0.072372
4 3   0.150417
;

l [*,1,*]
:       1           2           3        :=
1   -0.157354   -0.757235   -0.107291
2   -0.452616   -0.830834    0.77652
3   -0.158294   -0.757469   -0.104479
4    0.137438   -0.683753   -0.989693

 [*,2,*]
:       1           2           3        :=
1   -0.703702   -0.213423   -0.124343
2   -0.487651   -0.933345   -0.656434
3   -0.703014   -0.215714   -0.126036
4   -0.919408    0.505351    0.4069

 [*,3,*]
:       1          2           3        :=
1    0.371497   0.518912    0.416619
2   -0.305858   0.633204    1.018
3    0.369341   0.519276    0.418533
4    1.04777    0.404802   -0.183804
;

W[i,j,k] :=
1 1 1   -0.157354
1 1 2   -0.757235
1 1 3   -0.107291
2 1 1   -0.452616
2 1 2   -0.830834
2 1 3    0.77652
3 1 1   -0.158294
3 1 2   -0.757469
3 1 3   -0.104479
4 1 1    0.137438
4 1 2   -0.683753
4 1 3   -0.989693
;

W[i,j,k] :=
1 1 4    0.0369739
1 1 5   -0.00848742
1 1 6    0.00567592
2 1 4    0.0703224
2 1 5   -0.0237827
2 1 6    0.0155432
3 1 4    0.0370801
3 1 5   -0.0085361
3 1 6    0.00570733
4 1 4    0.00367868
4 1 5    0.00678344
4 1 6   -0.00417564
;

W[i,j,k] :=
1 2 1   -0.703702
1 2 2   -0.213423
1 2 3   -0.124343
2 2 1   -0.487651
2 2 2   -0.933345
2 2 3   -0.656434
3 2 1   -0.703014
3 2 2   -0.215714
3 2 3   -0.126036
4 2 1   -0.919408
4 2 2    0.505351
4 2 3    0.4069
;

W[i,j,k] :=
1 2 4    0.0113221
1 2 5   -0.0346855
1 2 6   -0.00454183
2 2 4    0.0490776
2 2 5   -0.00461184
2 2 6   -0.0299013
3 2 4    0.0114423
3 2 5   -0.0345898
3 2 6   -0.00462255
4 2 4   -0.026373
4 2 5   -0.0647112
4 2 6    0.0207772
;

W[i,j,k] :=
1 3 1    0.371497
1 3 2    0.518912
1 3 3    0.416619
2 3 1   -0.305858
2 3 2    0.633204
2 3 3    1.018
3 3 1    0.369341
3 3 2    0.519276
3 3 3    0.418533
4 3 1    1.04777
4 3 2    0.404802
4 3 3   -0.183804
;

W[i,j,k] :=
1 3 4    0.0212143
1 3 5   -0.0133505
1 3 6   -0.00228824
2 3 4    0.013518
2 3 5    0.0406417
2 3 6   -0.021218
3 3 4    0.0211898
3 3 5   -0.0131786
3 3 6   -0.00234849
4 3 4    0.0288983
4 3 5   -0.0672565
4 3 6    0.0166113
;

f11 = 13.2044

f12 = 15

f13 = -0.0188312

f21 = 12.5789

f22 = 15

f23 = -3.90799

f31 = -9.01776

f32 = 15

f33 = 1.73399

