solve_message = ' \
Ipopt 3.9.1: Optimal Solution Found'

Solve time:
_solve_time = 5.69404

Objective:
torque = 2.75157

cnh1 = -0.720128

cnh2 = 0.0980729

cnh3 = -0.448442

snh1 = 0.776715

snh2 = 0.932975

snh3 = -0.95959

Hx = 0.0430901

Hy = 0.0774523

Hz = 0.0318224

cnf11 = 0.938096

cnf21 = 0.803257

cnf31 = 0.614131

cnf12 = 0.938096

cnf22 = 0.768096

cnf32 = 0.597079

cnt1 = 0.426086

cnt2 = 0.405142

snf11 = 0

snf21 = 0.484565

snf31 = 0.778818

snf12 = 0

snf22 = 0.53914

snf32 = 0.791513

snt1 = 0.969757

snt2 = 0.939706

p :=
1 1   -0.0245725
1 2    0.0117661
1 3   -0.0648899
2 1    0.0228915
2 2   -0.0109751
2 3   -0.0632461
3 1   -0.00107392
3 2   -0.0315995
3 3    0.0586053
;

mf :=
1 1    0.00554112
1 2   -0.182184
1 3    0.803279
2 1    0.0516325
2 2   -0.100403
2 3    0.81204
;

mt [*] :=
1   0.271967
2   0.810903
3  -0.707628
;

phi :=
1 1   0.0656358
1 2   0.0639999
1 3   0.0930556
2 1   0.0278287
2 2   0.0277039
2 3   0.0358631
3 1   0.06548
3 2   0.0638516
3 3   0.0927973
4 1   0.135041
4 2   0.128976
4 3   0.233019
;

l [*,1,*]
:        1            2          3        :=
1    0.00468176   -0.182553   0.803242
2    1.0847        0.281918   0.849714
3    0.00811922   -0.181075   0.803389
4   -1.07362      -0.646284   0.756844

 [*,2,*]
:       1            2           3        :=
1    0.0507747   -0.100781    0.812055
2    1.12873      0.374293    0.793058
3    0.0542057   -0.0992686   0.811994
4   -1.02547     -0.575097    0.831021

 [*,3,*]
:       1           2            3         :=
1    0.272342    0.810188    -0.708149
2   -0.19892     1.70861     -0.0531075
3    0.270842    0.813048    -0.706064
4    0.742851   -0.0868037   -1.36215
;

W[i,j,k] :=
1 1 1    0.00468176
1 1 2   -0.182553
1 1 3    0.803242
2 1 1    1.0847
2 1 2    0.281918
2 1 3    0.849714
3 1 1    0.00811922
3 1 2   -0.181075
3 1 3    0.803389
4 1 1   -1.07362
4 1 2   -0.646284
4 1 3    0.756844
;

W[i,j,k] :=
1 1 4   -0.00239483
1 1 5    0.0194339
1 1 6    0.00443072
2 1 4    0.0282915
2 1 5   -0.0495066
2 1 6   -0.0196902
3 1 4   -0.00229716
3 1 5    0.0192145
3 1 6    0.00435395
4 1 4   -0.0330322
4 1 5    0.0882644
4 1 6    0.0285132
;

W[i,j,k] :=
1 2 1    0.0507747
1 2 2   -0.100781
1 2 3    0.812055
2 2 1    1.12873
2 2 2    0.374293
2 2 3    0.793058
3 2 1    0.0542057
3 2 2   -0.0992686
3 2 3    0.811994
4 2 1   -1.02547
4 2 2   -0.575097
4 2 3    0.831021
;

W[i,j,k] :=
1 2 4   -0.0152864
1 2 5   -0.0218005
1 2 6   -0.00174976
2 2 4    0.0149687
2 2 5   -0.0895424
2 2 6    0.0209562
3 2 4   -0.0151901
3 2 5   -0.0220161
3 2 6   -0.00167749
4 2 4   -0.0454932
4 2 5    0.0458334
4 2 6   -0.0244195
;

W[i,j,k] :=
1 3 1    0.272342
1 3 2    0.810188
1 3 3   -0.708149
2 3 1   -0.19892
2 3 2    1.70861
2 3 3   -0.0531075
3 3 1    0.270842
3 3 2    0.813048
3 3 3   -0.706064
4 3 1    0.742851
4 3 2   -0.0868037
4 3 3   -1.36215
;

W[i,j,k] :=
1 3 4   -0.0251042
1 3 5    0.0152002
1 3 6    0.00773576
2 3 4   -0.0984556
2 3 5   -0.0117148
2 3 6   -0.00812067
3 3 4   -0.0253377
3 3 5    0.0151145
3 3 6    0.00768529
4 3 4    0.0481302
4 3 5    0.0420721
4 3 6    0.0235669
;

f11 = 2.7888

f12 = 3.70492

f13 = -1.06138

f21 = -2.56448

f22 = 3.39124

f23 = 0.950368

f31 = 7.06365

f32 = 9.79556

f33 = 0.0656936

