solve_message = ' \
Ipopt 3.9.1: Optimal Solution Found'

Solve time:
_solve_time = 12.6205

Objective:
torque = 3.64537

cnh1 = 0.907851

cnh2 = -0.935825

cnh3 = -0.21577

snh1 = -0.236233

snh2 = 0.065055

snh3 = 0.912931

Hx = 0.0146566

Hy = 0.0711951

Hz = -0.0287641

cnf11 = 0.270989

cnf21 = 0.591391

cnf31 = 0.527438

cnf12 = 0.270989

cnf22 = 0.471165

cnf32 = 0.424893

cnt1 = 0.460082

cnt2 = 0.427133

snf11 = 0.89809

snf21 = 0.728188

snf31 = 0.836311

snf12 = 0.89809

snf22 = 0.948685

snf32 = 0.926822

snt1 = 0.94339

snt2 = 0.922125

p :=
1 1   -0.0233524
1 2    0.016156
1 3    0.0644499
2 1   -0.0186555
2 2   -0.0268921
2 3   -0.0601432
3 1    0.0243564
3 2   -0.0243564
3 3   -0.00495562
;

mf :=
1 1    0.272471
1 2    0.0269396
1 3   -0.718671
2 1    0.346224
2 2    0.668572
2 3    0.522026
;

mt [*] :=
1  -0.548973
2   0.738764
3  -0.18979
;

phi :=
1 1   0.0715369
1 2   0.0482813
1 3   0.0411886
2 1   0.00914587
2 2   0
2 3   0.000208894
3 1   0.0712254
3 2   0.0480012
3 3   0.041005
4 1   0.299596
4 2   0.264879
4 3   0.138615
;

l [*,1,*]
:       1           2            3        :=
1    0.272873    0.0263402   -0.718515
2   -0.232085    0.779567    -0.914405
3    0.271266    0.0287376   -0.719139
4    0.777025   -0.725685    -0.522939

 [*,2,*]
:       1          2           3        :=
1    0.345714   0.668349    0.522584
2    0.987082   0.948939   -0.178506
3    0.347755   0.669242    0.520353
4   -0.294631   0.388206    1.22256

 [*,3,*]
:       1           2           3        :=
1   -0.549456    0.73829    -0.190256
2    0.0575175   1.33388     0.395105
3   -0.547524    0.740185   -0.188393
4   -1.15546     0.143651   -0.774683
;

W[i,j,k] :=
1 1 1    0.272873
1 1 2    0.0263402
1 1 3   -0.718515
2 1 1   -0.232085
2 1 2    0.779567
2 1 3   -0.914405
3 1 1    0.271266
3 1 2    0.0287376
3 1 3   -0.719139
4 1 1    0.777025
4 1 2   -0.725685
4 1 3   -0.522939
;

W[i,j,k] :=
1 1 4   -0.013306
1 1 5    0.000807573
1 1 6   -0.00502365
2 1 4   -0.0650161
2 1 5   -0.0363114
2 1 6   -0.0144552
3 1 4   -0.0134706
3 1 5    0.000689431
3 1 6   -0.00505367
4 1 4    0.0383217
4 1 5    0.0378673
4 1 6    0.0043928
;

W[i,j,k] :=
1 2 1    0.345714
1 2 2    0.668349
1 2 3    0.522584
2 2 1    0.987082
2 2 2    0.948939
2 2 3   -0.178506
3 2 1    0.347755
3 2 2    0.669242
3 2 3    0.520353
4 2 1   -0.294631
4 2 2    0.388206
4 2 3    1.22256
;

W[i,j,k] :=
1 2 4    0.0261433
1 2 5   -0.0110433
1 2 6   -0.00317138
2 2 4    0.0618727
2 2 5   -0.0626964
2 2 6    0.00884184
3 2 4    0.026257
3 2 5   -0.0112077
3 2 6   -0.00313314
4 2 4   -0.00952917
4 2 5    0.0405274
4 2 6   -0.0151654
;

W[i,j,k] :=
1 3 1   -0.549456
1 3 2    0.73829
1 3 3   -0.190256
2 3 1    0.0575175
2 3 2    1.33388
2 3 3    0.395105
3 3 1   -0.547524
3 3 2    0.740185
3 3 3   -0.188393
4 3 1   -1.15546
4 3 2    0.143651
4 3 3   -0.774683
;

W[i,j,k] :=
1 3 4    0.00829264
1 3 5    0.00735685
1 3 6    0.0045993
2 3 4   -0.00301315
2 3 5   -0.00990838
2 3 6    0.0338894
3 3 4    0.00825666
3 3 5    0.0073019
3 3 6    0.00469253
4 3 4    0.0195804
4 3 5    0.0245945
4 3 6   -0.0246441
;

f11 = 8.20377

f12 = 10.6903

f13 = -2.44114

f21 = 5.63291

f22 = 7.56032

f23 = 2.22975

f31 = -1.31857

f32 = 3.48077

f33 = -2.47698

