solve_message = ' \
Ipopt 3.9.1: Converged to a locally infeasible point. Problem may be infeasible.'

Solve time:
_solve_time = 3.79082

Objective:
torque = 5.67914

cnh1 = -0.8064

cnh2 = -0.368359

cnh3 = -0.926276

snh1 = 0.479291

snh2 = -0.0643199

snh3 = 0.148368

Hx = 0.0493995

Hy = -0.00528722

Hz = 0.0435594

cnf11 = 0.902409

cnf21 = -0.307179

cnf31 = 0.284262

cnf12 = 0.902409

cnf22 = -0.349811

cnf32 = 0.256608

cnt1 = 0.766

cnt2 = 0.649802

snf11 = 0.55467

snf21 = 0.996049

snf31 = 0.893977

snf12 = 0.55467

snf22 = 0.999816

snf32 = 0.911346

snt1 = 0.360616

snt2 = 0.750167

p :=
1 1   0.0307951
1 2   0.00174902
1 3   0.0627891
2 1   0.0274194
2 2   0.0131495
2 3   0.0603917
3 1   0.014746
3 2   0.0270951
3 3   0.0598386
;

mf :=
1 1   -0.0227045
1 2   -0.140034
1 3   -0.334368
2 1    0.00918522
2 2   -0.132627
2 3   -0.339798
;

mt [*] :=
1   0.26932
2  -0.112762
3   0.156558
;

phi :=
1 1   0.049105
1 2   0.0878837
1 3   0.0886575
2 1   0.0419882
2 2   0.0562847
2 3   0.0511006
3 1   0.0490822
3 2   0.0877671
3 3   0.0885005
4 1   0.0566605
4 2   0.135003
4 3   0.182019
;

l [*,1,*]
:       1            2           3        :=
1   -0.0230799   -0.140041   -0.334413
2    0.448724    -0.130162   -0.278497
3   -0.0215783   -0.14001    -0.334235
4   -0.494131    -0.149905   -0.39024

 [*,2,*]
:        1            2           3        :=
1    0.00869895   -0.133283   -0.339775
2    0.619832      0.691185   -0.368602
3    0.010644     -0.130659   -0.339867
4   -0.601459     -0.956436   -0.310994

 [*,3,*]
:       1            2           3         :=
1    0.269565    -0.112172    0.156704
2   -0.0388748   -0.852735   -0.0259741
3    0.268584    -0.114529    0.156122
4    0.577514     0.627209    0.33909
;

W[i,j,k] :=
1 1 1   -0.0230799
1 1 2   -0.140041
1 1 3   -0.334413
2 1 1    0.448724
2 1 2   -0.130162
2 1 3   -0.278497
3 1 1   -0.0215783
3 1 2   -0.14001
3 1 3   -0.334235
4 1 1   -0.494131
4 1 2   -0.149905
4 1 3   -0.39024
;

W[i,j,k] :=
1 1 4    0.00820818
1 1 5    0.0088491
1 1 6   -0.00427222
2 1 4    0.00768568
2 1 5    0.0367513
2 1 6   -0.00479319
3 1 4    0.00820651
3 1 5    0.00893791
3 1 6   -0.00427387
4 1 4    0.00872984
4 1 5   -0.0190086
4 1 6   -0.00375207
;

W[i,j,k] :=
1 2 1    0.00869895
1 2 2   -0.133283
1 2 3   -0.339775
2 2 1    0.619832
2 2 2    0.691185
2 2 3   -0.368602
3 2 1    0.010644
3 2 2   -0.130659
3 2 3   -0.339867
4 2 1   -0.601459
4 2 2   -0.956436
4 2 3   -0.310994
;

W[i,j,k] :=
1 2 4    0.00358133
1 2 5    0.00984175
1 2 6   -0.00376892
2 2 4   -0.0465887
2 2 5    0.0475395
2 2 6    0.0108014
3 2 4    0.00342165
3 2 5    0.00996173
3 2 6   -0.00372255
4 2 4    0.0536714
4 2 5   -0.0277959
4 2 6   -0.018316
;

W[i,j,k] :=
1 3 1    0.269565
1 3 2   -0.112172
1 3 3    0.156704
2 3 1   -0.0388748
2 3 2   -0.852735
2 3 3   -0.0259741
3 3 1    0.268584
3 3 2   -0.114529
3 3 3    0.156122
4 3 1    0.577514
4 3 2    0.627209
4 3 3    0.33909
;

W[i,j,k] :=
1 3 4    0.0109581
1 3 5    0.0138196
1 3 6   -0.00895799
2 3 4    0.0503227
2 3 5   -0.0019432
2 3 6   -0.0115211
3 3 4    0.0110834
3 3 5    0.0137695
3 3 6   -0.00896615
4 3 4   -0.0283436
4 3 5    0.0295573
4 3 6   -0.00639894
;

f11 = 13.1155

f12 = 15

f13 = -1.53131

f21 = 0.127947

f22 = 0

f23 = -0.331708

f31 = 8.16619

f32 = 15

f33 = -8.98538

