solve_message = ' \
Ipopt 3.9.1: Optimal Solution Found'

Solve time:
_solve_time = 4.49283

Objective:
torque = 3.59844

cnh1 = 0.766759

cnh2 = -0.892552

cnh3 = -0.277812

snh1 = -0.540446

snh2 = -0.288707

snh3 = 0.896003

Hx = 0.0282544

Hy = 0.0536434

Hz = -0.0215307

cnf11 = 0.838372

cnf21 = 0.546952

cnf31 = 0.512289

cnf12 = 0.838372

cnf22 = 0.245291

cnf32 = 0.390191

cnt1 = 0.357766

cnt2 = 0.454681

snf11 = 0.420872

snf21 = 0.762131

snf31 = 0.844621

snf12 = 0.420872

snf22 = 0.964746

snf32 = 0.918215

snt1 = 0.867186

snt2 = 0.870644

p :=
1 1   -0.0302932
1 2    0.0138764
1 3    0.0587814
2 1   -0.0331892
2 2   -0.00921512
2 3   -0.0202044
3 1    0.0147076
3 2   -0.032318
3 3   -0.00934923
;

mf :=
1 1    0.517723
1 2   -0.105485
1 3   -0.583358
2 1    0.767477
2 2    0.352305
2 3   -0.139041
;

mt [*] :=
1  -0.232609
2   0.773075
3   0.0568858
;

phi :=
1 1   0.0366924
1 2   0.0129165
1 3   0.0774275
2 1   0
2 2   0
2 3   0.0103332
3 1   0.0364092
3 2   0.0127152
3 3   0.0770847
4 1   0.292051
4 2   0.156875
4 3   0.351962
;

l [*,1,*]
:      1           2           3        :=
1   0.517962   -0.106073   -0.583007
2   0.21764     0.632443   -1.02334
3   0.517006   -0.103722   -0.584409
4   0.817806   -0.84341    -0.143372

 [*,2,*]
:      1           2            3        :=
1   0.767681    0.352006    -0.138394
2   0.512266    0.72849     -0.951733
3   0.766868    0.353204    -0.140983
4   1.02269    -0.0238773    0.673648

 [*,3,*]
:       1          2           3         :=
1   -0.23328    0.772882    0.0565968
2    0.609175   1.01544     0.419854
3   -0.230598   0.773654    0.057753
4   -1.07439    0.53071    -0.30608
;

W[i,j,k] :=
1 1 1    0.517962
1 1 2   -0.106073
1 1 3   -0.583007
2 1 1    0.21764
2 1 2    0.632443
2 1 3   -1.02334
3 1 1    0.517006
3 1 2   -0.103722
3 1 3   -0.584409
4 1 1    0.817806
4 1 2   -0.84341
4 1 3   -0.143372
;

W[i,j,k] :=
1 1 4   -0.00185491
1 1 5    0.0127854
1 1 6   -0.00397414
2 1 4   -0.0513762
2 1 5   -0.0182072
2 1 6   -0.0221788
3 1 4   -0.00201252
3 1 5    0.0126868
3 1 6   -0.00403208
4 1 4    0.0475874
4 1 5    0.0437286
4 1 6    0.0142014
;

W[i,j,k] :=
1 2 1    0.767681
1 2 2    0.352006
1 2 3   -0.138394
2 2 1    0.512266
2 2 2    0.72849
2 2 3   -0.951733
3 2 1    0.766868
3 2 2    0.353204
3 2 3   -0.140983
4 2 1    1.02269
4 2 2   -0.0238773
4 2 3    0.673648
;

W[i,j,k] :=
1 2 4    0.00838739
1 2 5   -0.0201037
1 2 6   -0.00460855
2 2 4    0.023489
2 2 5   -0.0419373
2 2 6   -0.0194574
3 2 4    0.00843546
3 2 5   -0.0201732
3 2 6   -0.00465581
4 2 4   -0.00669016
4 2 5    0.00169501
4 2 6    0.0102166
;

W[i,j,k] :=
1 3 1   -0.23328
1 3 2    0.772882
1 3 3    0.0565968
2 3 1    0.609175
2 3 2    1.01544
2 3 3    0.419854
3 3 1   -0.230598
3 3 2    0.773654
3 3 3    0.057753
4 3 1   -1.07439
4 3 2    0.53071
4 3 3   -0.30608
;

W[i,j,k] :=
1 3 4    0.00539676
1 3 5    0.00134858
1 3 6    0.0038281
2 3 4   -0.00407524
2 3 5   -0.0118704
2 3 6    0.034622
3 3 4    0.00536662
3 3 5    0.0013065
3 3 6    0.00392611
4 3 4    0.0148537
4 3 5    0.0145464
4 3 6   -0.0269167
;

f11 = 7.89233

f12 = 10.1536

f13 = -1.95254

f21 = 0.349936

f22 = 0

f23 = 0.0628078

f31 = 4.75958

f32 = 10.5189

f33 = -6.94838

