solve_message = ' \
Ipopt 3.9.1: Optimal Solution Found'

Solve time:
_solve_time = 30.4826

Objective:
torque = 4.00199

cnh1 = -0.514001

cnh2 = -0.654118

cnh3 = -0.935058

snh1 = 0.784731

snh2 = -0.672405

snh3 = 0.0752763

Hx = 0.0247321

Hy = -0.0430889

Hz = -0.0343036

cnf11 = 0.932738

cnf21 = 0.513315

cnf31 = 0.50127

cnf12 = 0.932738

cnf22 = 0.545506

cnf32 = 0.454889

cnt1 = 0.441108

cnt2 = 0.42511

snf11 = 0

snf21 = 0.78518

snf31 = 0.850317

snf12 = 0

snf22 = 0.907978

snf32 = 0.90809

snt1 = 0.943599

snt2 = 0.920564

p :=
1 1    0.00347904
1 2   -0.0290379
1 3    0.0615014
2 1    0.0274077
2 2   -0.00143924
2 3    0.0625676
3 1   -0.0154845
3 2    0.0317063
3 3    0.00374367
;

mf :=
1 1   -0.215008
1 2    0.142487
1 3   -0.767494
2 1   -0.063635
2 2    0.168293
2 3   -0.926736
;

mt [*] :=
1   0.451281
2  -0.776757
3   0.126165
;

phi :=
1 1   0.0529815
1 2   0.034152
1 3   0.05119
2 1   0
2 2   0
2 3   0
3 1   0.0527214
3 2   0.0339404
3 3   0.0508624
4 1   0.228414
4 2   0.165932
4 3   0.374807
;

l [*,1,*]
:       1           2           3        :=
1   -0.215679   0.142587    -0.767262
2    0.628305   0.0165185   -1.05992
3   -0.212993   0.142186    -0.768193
4   -1.05832    0.268455    -0.47507

 [*,2,*]
:       1           2           3        :=
1   -0.064348    0.168563   -0.926628
2    0.831702   -0.171547   -1.06271
3   -0.061496    0.167481   -0.927061
4   -0.958969    0.508131   -0.790763

 [*,3,*]
:       1           2           3        :=
1    0.451775   -0.776425    0.12674
2   -0.169206   -1.19337    -0.595808
3    0.449798   -0.777752    0.12444
4    1.07177    -0.36014     0.848136
;

W[i,j,k] :=
1 1 1   -0.215679
1 1 2    0.142587
1 1 3   -0.767262
2 1 1    0.628305
2 1 2    0.0165185
2 1 3   -1.05992
3 1 1   -0.212993
3 1 2    0.142186
3 1 3   -0.768193
4 1 1   -1.05832
4 1 2    0.268455
4 1 3   -0.47507
;

W[i,j,k] :=
1 1 4    0.0135103
1 1 5   -0.0105952
1 1 6   -0.0057668
2 1 4    0.029762
2 1 5    0.0423291
2 1 6    0.0183021
3 1 4    0.0135621
3 1 5   -0.0104268
3 1 6   -0.0056902
4 1 4   -0.00271533
4 1 5   -0.0634352
4 1 6   -0.0297974
;

W[i,j,k] :=
1 2 1   -0.064348
1 2 2    0.168563
1 2 3   -0.926628
2 2 1    0.831702
2 2 2   -0.171547
2 2 3   -1.06271
3 2 1   -0.061496
3 2 2    0.167481
3 2 3   -0.927061
4 2 1   -0.958969
4 2 2    0.508131
4 2 3   -0.790763
;

W[i,j,k] :=
1 2 4   -0.00921296
1 2 5    0.0213707
1 2 6    0.00452732
2 2 4    0.0122628
2 2 5    0.0811641
2 2 6   -0.0035047
3 2 4   -0.00914461
3 2 5    0.021561
3 2 6    0.00450176
4 2 4   -0.0306545
4 2 5   -0.0383274
4 2 6    0.0125465
;

W[i,j,k] :=
1 3 1    0.451775
1 3 2   -0.776425
1 3 3    0.12674
2 3 1   -0.169206
2 3 2   -1.19337
2 3 3   -0.595808
3 3 1    0.449798
3 3 2   -0.777752
3 3 3    0.12444
4 3 1    1.07177
4 3 2   -0.36014
4 3 3    0.848136
;

W[i,j,k] :=
1 3 4    0.00692513
1 3 5    0.0036538
1 3 6   -0.00230155
2 3 4   -0.0144233
2 3 5   -0.00985926
2 3 6    0.0238437
3 3 4    0.00685719
3 3 5    0.00361079
3 3 6   -0.00221833
4 3 4    0.0282395
4 3 5    0.0171453
4 3 6   -0.0284051
;

f11 = 7.87448

f12 = 13.8978

f13 = -7.85674

f21 = 0.347766

f22 = 0

f23 = 0.0738813

f31 = 6.47698

f32 = 10.937

f33 = -5.89269

