solve_message = ' \
Ipopt 3.9.1: Optimal Solution Found'

Solve time:
_solve_time = 3.30722

Objective:
torque = 2.75079

cnh1 = -0.775577

cnh2 = -0.0980135

cnh3 = 0.44637

snh1 = -0.721442

snh2 = 0.932949

snh3 = 0.960601

Hx = 0.0774492

Hy = -0.043139

Hz = 0.0317984

cnf11 = 0.938073

cnf21 = 0.803283

cnf31 = 0.614151

cnf12 = 0.938073

cnf22 = 0.767885

cnf32 = 0.597135

cnt1 = 0.426086

cnt2 = 0.405132

snf11 = 0

snf21 = 0.484496

snf31 = 0.7788

snf12 = 0

snf22 = 0.538852

snf32 = 0.791412

snt1 = 0.969768

snt2 = 0.939717

p :=
1 1    0.0117694
1 2    0.0245725
1 3   -0.064895
2 1   -0.0109679
2 2   -0.0229023
2 3   -0.0632439
3 1   -0.0315985
3 2    0.00107979
3 3    0.0586033
;

mf :=
1 1   -0.182154
1 2   -0.00554943
1 3    0.803232
2 1   -0.100425
2 2   -0.0515302
2 3    0.811662
;

mt [*] :=
1   0.810807
2  -0.272312
3  -0.707777
;

phi :=
1 1   0.0656369
1 2   0.0640245
1 3   0.0930494
2 1   0.0278378
2 2   0.0277313
2 3   0.0358658
3 1   0.0654812
3 2   0.0638763
3 3   0.0927911
4 1   0.135014
4 2   0.128983
4 3   0.232964
;

l [*,1,*]
:       1            2           3        :=
1   -0.182523   -0.00468992   0.803195
2    0.281499   -1.08489      0.849495
3   -0.181046   -0.00812795   0.803342
4   -0.645805    1.07379      0.756969

 [*,2,*]
:       1            2           3        :=
1   -0.100802    -0.0506724   0.811677
2    0.373508    -1.12869     0.792639
3   -0.0992928   -0.0541035   0.811617
4   -0.574356     1.02562     0.830686

 [*,3,*]
:       1            2           3         :=
1    0.810092    -0.272687   -0.708298
2    1.70909      0.197952   -0.0533657
3    0.812953    -0.271189   -0.706213
4   -0.0874754   -0.742574   -1.36218
;

W[i,j,k] :=
1 1 1   -0.182523
1 1 2   -0.00468992
1 1 3    0.803195
2 1 1    0.281499
2 1 2   -1.08489
2 1 3    0.849495
3 1 1   -0.181046
3 1 2   -0.00812795
3 1 3    0.803342
4 1 1   -0.645805
4 1 2    1.07379
4 1 3    0.756969
;

W[i,j,k] :=
1 1 4    0.0194321
1 1 5    0.00239169
1 1 6    0.00442985
2 1 4   -0.0495297
2 1 5   -0.0282659
2 1 6   -0.0196857
3 1 4    0.0192127
3 1 5    0.00229411
3 1 6    0.0043531
4 1 4    0.088284
4 1 5    0.0330004
4 1 6    0.0285069
;

W[i,j,k] :=
1 2 1   -0.100802
1 2 2   -0.0506724
1 2 3    0.811677
2 2 1    0.373508
2 2 2   -1.12869
2 2 3    0.792639
3 2 1   -0.0992928
3 2 2   -0.0541035
3 2 3    0.811617
4 2 1   -0.574356
4 2 2    1.02562
4 2 3    0.830686
;

W[i,j,k] :=
1 2 4   -0.021794
1 2 5    0.0152775
1 2 6   -0.00175284
2 2 4   -0.0895359
2 2 5   -0.0149285
2 2 6    0.0209336
3 2 4   -0.0220096
3 2 5    0.0151814
3 2 6   -0.00168063
4 2 4    0.0458398
4 2 5    0.0454354
4 2 6   -0.024403
;

W[i,j,k] :=
1 3 1    0.810092
1 3 2   -0.272687
1 3 3   -0.708298
2 3 1    1.70909
2 3 2    0.197952
2 3 3   -0.0533657
3 3 1    0.812953
3 3 2   -0.271189
3 3 3   -0.706213
4 3 1   -0.0874754
4 3 2   -0.742574
4 3 3   -1.36218
;

W[i,j,k] :=
1 3 4    0.0152155
1 3 5    0.0250929
1 3 6    0.00774176
2 3 4   -0.0116582
2 3 5    0.0984721
2 3 6   -0.00810044
3 3 4    0.01513
3 3 5    0.0253264
3 3 6    0.00769134
4 3 4    0.0420464
4 3 5   -0.0481694
4 3 6    0.0235587
;

f11 = 2.78666

f12 = 3.7028

f13 = -1.0627

f21 = -2.56459

f22 = 3.39229

f23 = 0.952761

f31 = 7.06293

f32 = 9.79497

f33 = 0.0667529

