solve_message = ' \
Ipopt 3.9.1: Converged to a locally infeasible point. Problem may be infeasible.'

Solve time:
_solve_time = 3.66602

Objective:
torque = 2.01442

cnh1 = -0.938083

cnh2 = 0.385462

cnh3 = 0.938083

snh1 = 5.73292e-09

snh2 = -0.0888556

snh3 = -2.04919e-10

Hx = 0.0524634

Hy = -3.27684e-10

Hz = 0.0364343

cnf11 = 0.935566

cnf21 = 0.936848

cnf31 = 0.7431

cnf12 = 0.935566

cnf22 = 0.936848

cnf32 = 0.7431

cnt1 = -0.267116

cnt2 = 0.29974

snf11 = 0.068677

snf21 = 0

snf31 = 0.6691

snf12 = 0.068677

snf22 = 0

snf32 = 0.6691

snt1 = 0.990652

snt2 = 0.888907

p :=
1 1    0.00196504
1 2    0.0313904
1 3    0.058903
2 1    0.00196504
2 2   -0.0313904
2 3    0.058903
3 1    0.032042
3 2   -3.13011e-10
3 3    0.0613351
;

mf :=
1 1    0.251911
1 2   -0.0347672
1 3    0.217144
2 1    0.251911
2 2    0.0347672
2 3    0.217144
;

mt [*] :=
1  -0.0966308
2   7.75199e-10
3  -0.342085
;

phi :=
1 1   0.0706269
1 2   0.067969
1 3   0.118689
2 1   0.0591519
2 2   0.0499619
2 3   0.091314
3 1   0.0705955
3 2   0.0679127
3 3   0.118481
4 1   0.0797291
4 2   0.0827661
4 3   0.147258
;

l [*,1,*]
:      1           2            3         :=
1   0.251798   -0.0342145   0.217312
2   0.394374   -0.728833    0.00688011
3   0.252252   -0.0364253   0.216642
4   0.109449    0.659296    0.427407

 [*,2,*]
:       1           2             3         :=
1   0.251766     0.0352635    0.217319
2   0.434107    -0.588442    -0.00288361
3   0.252347     0.0332784    0.216619
4   0.0697164    0.657974     0.437171

 [*,3,*]
:       1             2             3        :=
1   -0.0968492   -0.000560613   -0.342017
2    0.177544     0.703999      -0.427584
3   -0.0959758    0.00168184    -0.342289
4   -0.370805    -0.703996      -0.256586
;

W[i,j,k] :=
1 1 1    0.251798
1 1 2   -0.0342145
1 1 3    0.217312
2 1 1    0.394374
2 1 2   -0.728833
2 1 3    0.00688011
3 1 1    0.252252
3 1 2   -0.0364253
3 1 3    0.216642
4 1 1    0.109449
4 1 2    0.659296
4 1 3    0.427407
;

W[i,j,k] :=
1 1 4    0.00883684
1 1 5    0.0144046
1 1 6   -0.00797127
2 1 4    0.0431464
2 1 5    0.0232163
2 1 6   -0.0138117
3 1 4    0.00894604
3 1 5    0.0144327
3 1 6   -0.00798986
4 1 4   -0.025418
4 1 5    0.00560703
4 1 6   -0.00214012
;

W[i,j,k] :=
1 2 1    0.251766
1 2 2    0.0352635
1 2 3    0.217319
2 2 1    0.434107
2 2 2   -0.588442
2 2 3   -0.00288361
3 2 1    0.252347
3 2 2    0.0332784
3 2 3    0.216619
4 2 1    0.0697164
4 2 2    0.657974
4 2 3    0.437171
;

W[i,j,k] :=
1 2 4   -0.00889887
1 2 5    0.0144027
1 2 6    0.00797234
2 2 4    0.0347515
2 2 5    0.0255759
2 2 6    0.0124705
3 2 4   -0.00875994
3 2 5    0.0144383
3 2 6    0.00798666
4 2 4   -0.0524796
4 2 5    0.00324745
4 2 6    0.00348137
;

W[i,j,k] :=
1 3 1   -0.0968492
1 3 2   -0.000560613
1 3 3   -0.342017
2 3 1    0.177544
2 3 2    0.703999
2 3 3   -0.427584
3 3 1   -0.0959758
3 3 2    0.00168184
3 3 3   -0.342289
4 3 1   -0.370805
4 3 2   -0.703996
4 3 3   -0.256586
;

W[i,j,k] :=
1 3 4    3.43854e-05
1 3 5    0.00501863
1 3 6   -1.79632e-05
2 3 4   -0.0431799
2 3 5    0.0245903
2 3 6    0.0225575
3 3 4   -0.000103156
3 3 5    0.00508092
3 3 6    5.38895e-05
4 3 4    0.0431797
4 3 5   -0.0145218
4 3 6   -0.0225574
;

f11 = 1.83172

f12 = 8.14823

f13 = -6.25854

f21 = -0.353526

f22 = 0

f23 = 0.0378241

f31 = 4.94027

f32 = 10.0208

f33 = -6.32298

