solve_message = ' \
Ipopt 3.9.1: Optimal Solution Found'

Solve time:
_solve_time = 2.66762

Objective:
torque = 2.69366

cnh1 = 0.695796

cnh2 = -0.158294

cnh3 = 0.668876

snh1 = -0.62918

snh2 = 0.924631

snh3 = 0.821343

Hx = 0.0160314

Hy = 0.0732606

Hz = 0.0414768

cnf11 = 0.938029

cnf21 = 0.824178

cnf31 = 0.625055

cnf12 = 0.938029

cnf22 = 0.834139

cnf32 = 0.593776

cnt1 = 0.405339

cnt2 = 0.395117

snf11 = 0.0100676

snf21 = 0.44803

snf31 = 0.770367

snf12 = 0.0100676

snf22 = 0.573717

snf32 = 0.806849

snt1 = 0.978622

snt2 = 0.946617

p :=
1 1   -0.027315
1 2    0.00881558
1 3   -0.0620256
2 1    0.0218229
2 2   -0.00601881
2 3   -0.063687
3 1    0.0104181
3 2   -0.0297193
3 3    0.0588312
;

mf :=
1 1    0.0885762
1 2   -0.248905
1 3    0.774378
2 1    0.0922408
2 2   -0.125689
2 3    0.877097
;

mt [*] :=
1  -0.0186104
2   0.812769
3  -0.631182
;

phi :=
1 1   0.0678415
1 2   0.0587865
1 3   0.0961613
2 1   0.0294922
2 2   0.0233915
2 3   0.038451
3 1   0.0676834
3 2   0.0586416
3 3   0.0959014
4 1   0.138303
4 2   0.122512
4 3   0.235986
;

l [*,1,*]
:       1            2          3        :=
1    0.0879471   -0.249448   0.774306
2    0.878663     0.43299    0.864651
3    0.0904637   -0.247276   0.774593
4   -0.701507    -0.930799   0.684105

 [*,2,*]
:       1            2          3        :=
1    0.0916151   -0.126299   0.877082
2    0.878007     0.640774   0.895349
3    0.094118    -0.123858   0.87714
4   -0.693522    -0.892149   0.858845

 [*,3,*]
:       1           2           3        :=
1   -0.0181019   0.812338   -0.631769
2   -0.657226    1.35368     0.104859
3   -0.0201361   0.814061   -0.629424
4    0.620002    0.27186    -1.36722
;

W[i,j,k] :=
1 1 1    0.0879471
1 1 2   -0.249448
1 1 3    0.774306
2 1 1    0.878663
2 1 2    0.43299
2 1 3    0.864651
3 1 1    0.0904637
3 1 2   -0.247276
3 1 3    0.774593
4 1 1   -0.701507
4 1 2   -0.930799
4 1 3    0.684105
;

W[i,j,k] :=
1 1 4   -0.00864624
1 1 5    0.0156952
1 1 6    0.00603838
2 1 4    0.0344789
2 1 5   -0.0308817
2 1 6   -0.019573
3 1 4   -0.00850898
3 1 5    0.015547
3 1 6    0.00595686
4 1 4   -0.0517026
4 1 5    0.0621977
4 1 6    0.031609
;

W[i,j,k] :=
1 2 1    0.0916151
1 2 2   -0.126299
1 2 3    0.877082
2 2 1    0.878007
2 2 2    0.640774
2 2 3    0.895349
3 2 1    0.094118
3 2 2   -0.123858
3 2 3    0.87714
4 2 1   -0.693522
4 2 2   -0.892149
4 2 3    0.858845
;

W[i,j,k] :=
1 2 4   -0.0133226
1 2 5   -0.0249751
1 2 6   -0.00220479
2 2 4    0.0354201
2 2 5   -0.0754567
2 2 6    0.0192681
3 2 4   -0.0131674
3 2 5   -0.0251358
3 2 6   -0.00213645
4 2 4   -0.0619875
4 2 5    0.0254259
4 2 6   -0.0236434
;

W[i,j,k] :=
1 3 1   -0.0181019
1 3 2    0.812338
1 3 3   -0.631769
2 3 1   -0.657226
2 3 2    1.35368
2 3 3    0.104859
3 3 1   -0.0201361
3 3 2    0.814061
3 3 3   -0.629424
4 3 1    0.620002
4 3 2    0.27186
4 3 3   -1.36722
;

W[i,j,k] :=
1 3 4   -0.0290151
1 3 5    0.00551687
1 3 6    0.00792504
2 3 4   -0.082755
2 3 5   -0.0397578
2 3 6   -0.00542954
3 3 4   -0.0291862
3 3 5    0.00537277
3 3 6    0.00788254
4 3 4    0.024639
4 3 5    0.0507194
4 3 6    0.0212583
;

f11 = 3.14871

f12 = 4.00963

f13 = -0.703543

f21 = -1.86619

f22 = 2.32972

f23 = 0.333169

f31 = 5.76719

f32 = 9.71088

f33 = -0.310432

