solve_message = ' \
Ipopt 3.9.1: Maximum Number of Iterations Exceeded.'

Solve time:
_solve_time = 118.686

Objective:
torque = 8.19414

cnh1 = -0.958236

cnh2 = -0.707316

cnh3 = -0.0879157

snh1 = 0.404399

snh2 = 0.62725

snh3 = 0.949707

Hx = -0.0494945

Hy = -0.0687388

Hz = 0.0286786

cnf11 = 0.708198

cnf21 = 0.440972

cnf31 = 0.417053

cnf12 = 0.708178

cnf22 = 0.752144

cnf32 = 0.58449

cnt1 = 0.371033

cnt2 = 0.411653

snf11 = 0.666392

snf21 = 0.956959

snf31 = 0.929492

snf12 = 0.666385

snf22 = 0.583777

snf32 = 0.80271

snt1 = 0.966361

snt2 = 0.921619

p :=
1 1    0.0350633
1 2    0.00637494
1 3    0.0510672
2 1   -0.0103852
2 2    0.0211929
2 3   -0.0659753
3 1   -0.0150953
3 2    0.0329629
3 3    0.0547433
;

mf :=
1 1   -0.996073
1 2   -0.297661
1 3   -0.0496776
2 1   -0.160448
2 2   -0.0506126
2 3    0.827987
;

mt [*] :=
1   0.204761
2  -0.899453
3  -0.52314
;

phi :=
1 1   0.0487716
1 2   0.0743035
1 3   0.0470542
2 1   0.00485095
2 2   0.0202004
2 3   0
3 1   0.0485811
3 2   0.073952
3 3   0.0467662
4 1   0.156931
4 2   0.222183
4 3   0.295206
;

l [*,1,*]
:       1           2           3         :=
1   -0.996264   -0.297047   -0.0490606
2   -0.748658   -1.10712    -0.81261
3   -0.995476   -0.299625   -0.0514908
4   -1.24348     0.511738    0.713271

 [*,2,*]
:       1           2           3        :=
1   -0.159713   -0.0503883   0.828085
2   -1.12834    -0.388862    0.71523
3   -0.162796   -0.0514655   0.827726
4    0.80737     0.287544    0.94076

 [*,3,*]
:       1            2           3        :=
1    0.204962    -0.89898    -0.523829
2   -0.0555035   -1.51846     0.341863
3    0.204133    -0.900952   -0.521074
4    0.465011    -0.280489   -1.38814
;

W[i,j,k] :=
1 1 1   -0.996264
1 1 2   -0.297048
1 1 3   -0.0490608
2 1 1   -0.748658
2 1 2   -1.10712
2 1 3   -0.81261
3 1 1   -0.995476
3 1 2   -0.299626
3 1 3   -0.051491
4 1 1   -1.24348
4 1 2    0.511735
4 1 3    0.71327
;

W[i,j,k] :=
1 1 4    0.01543
1 1 5   -0.0490216
1 1 6   -0.00378633
2 1 4    0.0511785
2 1 5   -0.0114907
2 1 6   -0.031826
3 1 4    0.0155438
3 1 5   -0.0489021
3 1 6   -0.00387557
4 1 4   -0.0202613
4 1 5   -0.0864935
4 1 6    0.0242084
;

W[i,j,k] :=
1 2 1   -0.159713
1 2 2   -0.0503893
1 2 3    0.828085
2 2 1   -1.12834
2 2 2   -0.388862
2 2 3    0.71523
3 2 1   -0.162796
3 2 2   -0.0514666
3 2 3    0.827726
4 2 1    0.80737
4 2 2    0.287541
4 2 3    0.94076
;

W[i,j,k] :=
1 2 4    0.0138096
1 2 5    0.0191595
1 2 6    0.00288477
2 2 4   -0.0111654
2 2 5    0.0816626
2 2 6    0.0255901
3 2 4    0.0137301
3 2 5    0.0193585
3 2 6    0.00295704
4 2 4    0.0387448
4 2 5   -0.0432448
4 2 6   -0.0197845
;

W[i,j,k] :=
1 3 1    0.204961
1 3 2   -0.898981
1 3 3   -0.523829
2 3 1   -0.0555037
2 3 2   -1.51846
2 3 3    0.341863
3 3 1    0.204132
3 3 2   -0.900953
3 3 3   -0.521074
4 3 1    0.465011
4 3 2   -0.280492
4 3 3   -1.38814
;

W[i,j,k] :=
1 3 4    0.0321581
1 3 5    0.00309366
1 3 6    0.00597499
2 3 4    0.093507
2 3 5    0.00260172
2 3 6    0.0209506
3 3 4    0.0323534
3 3 5    0.00309209
3 3 6    0.00602265
4 3 4   -0.0290927
4 3 5    0.00358348
4 3 6   -0.00897689
;

f11 = 12.5141

f12 = 15

f13 = -3.67116

f21 = 2.74987

f22 = 15

f23 = 2.09624

f31 = 10.1985

f32 = 15

f33 = -3.45164

