solve_message = ' \
Ipopt 3.9.1: Maximum Number of Iterations Exceeded.'

Solve time:
_solve_time = 84.3497

Objective:
torque = 5.72967

cnh1 = 0.675269

cnh2 = -0.51401

cnh3 = 0.430891

snh1 = -0.708189

snh2 = -0.799266

snh3 = -0.860542

Hx = -0.0283165

Hy = -0.0548248

Hz = 0.0137929

cnf11 = 0.596776

cnf21 = 0.273386

cnf31 = 0.400662

cnf12 = 0.596539

cnf22 = 0.119897

cnf32 = 0.324104

cnt1 = 0.580297

cnt2 = 0.519589

snf11 = 0.792202

snf21 = 0.954782

snf31 = 0.912721

snf12 = 0.792251

snf22 = 1

snf32 = 0.963292

snt1 = 0.749581

snt2 = 0.842916

p :=
1 1   -0.0124624
1 2    0.0325839
1 3   -0.0147713
2 1    0.0226279
2 2    0.0263218
2 3    0.00786608
3 1    0.0302033
3 2   -0.00126914
3 3   -0.062023
;

mf :=
1 1    0.229275
1 2   -0.863971
1 3    0.0887448
2 1   -0.525747
2 2   -0.790273
2 3   -0.157882
;

mt [*] :=
1  -0.429456
2   0.0472687
3   0.775372
;

phi :=
1 1   0.0060299
1 2   0.0122755
1 3   0.0606672
2 1   0
2 2   0
2 3   0
3 1   0.00575001
3 2   0.0120084
3 3   0.0603358
4 1   0.325807
4 2   0.259145
4 3   0.346906
;

l [*,1,*]
:       1           2           3         :=
1    0.229697   -0.863918    0.0877626
2   -0.31173    -0.91712     0.995168
3    0.227974   -0.864087    0.0906506
4    0.77026    -0.810798   -0.8182

 [*,2,*]
:       1           2           3        :=
1   -0.526297   -0.78992    -0.159308
2    0.22676    -1.35916     0.235549
3   -0.5239     -0.791732   -0.158051
4   -1.27815    -0.221582   -0.553537

 [*,3,*]
:       1           2           3        :=
1   -0.428836    0.0476899   0.775708
2   -1.21813    -0.471925    0.365888
3   -0.431348    0.0460361   0.774404
4    0.359194    0.566477    1.18487
;

W[i,j,k] :=
1 1 1    0.229721
1 1 2   -0.863928
1 1 3    0.0877644
2 1 1   -0.311716
2 1 2   -0.917146
2 1 3    0.995176
3 1 1    0.227998
3 1 2   -0.864097
3 1 3    0.0906525
4 1 1    0.770295
4 1 2   -0.81079
4 1 3   -0.818206
;

W[i,j,k] :=
1 1 4   -0.0101785
1 1 5   -0.00241197
1 1 6    0.00328135
2 1 4    0.0185548
2 1 5    0.0170512
2 1 6    0.0215886
3 1 4   -0.0100871
3 1 5   -0.00235005
3 1 6    0.00333961
4 1 4   -0.0388655
4 1 5   -0.0217977
4 1 6   -0.0149969
;

W[i,j,k] :=
1 2 1   -0.526305
1 2 2   -0.789914
1 2 3   -0.159377
2 2 1    0.226747
2 2 2   -1.35921
2 2 3    0.23548
3 2 1   -0.523908
3 2 2   -0.791726
3 2 3   -0.15812
4 2 1   -1.27816
4 2 2   -0.221525
4 2 3   -0.553609
;

W[i,j,k] :=
1 2 4    0.00197406
1 2 5   -0.000519618
1 2 6   -0.00402009
2 2 4    0.0168543
2 2 5   -0.0035644
2 2 6   -0.0367243
3 2 4    0.00202145
3 2 5   -0.000529306
3 2 6   -0.00412418
4 2 4   -0.0129027
4 2 5    0.00251628
4 2 6    0.0286319
;

W[i,j,k] :=
1 3 1   -0.428849
1 3 2    0.0476792
1 3 3    0.775712
2 3 1   -1.21813
2 3 2   -0.471943
2 3 3    0.365867
3 3 1   -0.431361
3 3 2    0.0460254
3 3 3    0.774407
4 3 1    0.359172
4 3 2    0.566475
4 3 3    1.1849
;

W[i,j,k] :=
1 3 4    0.00196617
1 3 5    0.00316529
1 3 6    0.000899129
2 3 4   -0.0297403
2 3 5    0.0645006
2 3 6   -0.0157983
3 3 4    0.00186526
3 3 5    0.00336051
3 3 6    0.000845985
4 3 4    0.033611
4 3 5   -0.0580844
4 3 6    0.0175699
;

f11 = 9.89449

f12 = 15

f13 = 8.21843

f21 = 0.297617

f22 = 0.164744

f23 = 0.141103

f31 = 8.70284

f32 = 14.5235

f33 = -6.7262

