solve_message = ' \
Ipopt 3.9.1: Maximum Number of Iterations Exceeded.'

Solve time:
_solve_time = 82.1813

Objective:
torque = 11.6513

cnh1 = -0.518023

cnh2 = 1.059

cnh3 = -0.930957

snh1 = 1.22956

snh2 = 0.0269685

snh3 = 0.367691

Hx = -0.146464

Hy = 0.073214

Hz = -0.00472671

cnf11 = 0.363672

cnf21 = 0.49146

cnf31 = 0.517786

cnf12 = 0.488177

cnf22 = 0.543974

cnf32 = 0.50627

cnt1 = 0.426939

cnt2 = 0.535244

snf11 = 0.413136

snf21 = 0.394764

snf31 = 0.823474

snf12 = 0.536805

snf22 = 0.500941

snf32 = 0.855819

snt1 = 0.526261

snt2 = 0.822802

p :=
1 1   -0.0618975
1 2    0.00502973
1 3   -0.0516828
2 1    0.0224369
2 2    0.0299927
2 3    0.0130234
3 1    0.019137
3 2   -0.0317783
3 3   -0.00449057
;

mf :=
1 1    0.525688
1 2   -0.427252
1 3   -0.769155
2 1   -0.722503
2 2   -1.08779
2 3   -0.0602983
;

mt [*] :=
1  -0.725305
2   1.28724
3   0.00220375
;

phi :=
1 1   0.506122
1 2   0.534532
1 3   0.589919
2 1   0.498136
2 2   0.490957
2 3   0.611193
3 1   0.506068
3 2   0.534363
3 3   0.589954
4 1   0.536829
4 2   0.591958
4 3   0.574023
;

l [*,1,*]
:      1           2           3         :=
1   0.607397   -0.300936   -0.0242812
2   0.440498    0.149087    0.763207
3   0.606835   -0.299509   -0.0217651
4   0.809066   -0.74449    -0.824044

 [*,2,*]
:       1            2           3         :=
1   -0.323705    -0.720897    0.0407208
2   -0.0197234   -1.13547     0.853142
3   -0.322811    -0.722222    0.043316
4   -0.573074    -0.294491   -0.780576

 [*,3,*]
:       1          2           3        :=
1   -0.436843   0.837372   0.221859
2   -1.54074    0.339435   0.385595
3   -0.440378   0.835783   0.222389
4    0.700174   1.33598    0.0484012
;

W[i,j,k] :=
1 1 1    0.673698
1 1 2   -0.298154
1 1 3   -0.0854496
2 1 1    0.476914
2 1 2    0.139374
2 1 3    0.745854
3 1 1    0.67301
3 1 2   -0.296772
3 1 3   -0.0827841
4 1 1    0.939298
4 1 2   -0.723798
4 1 3   -0.94095
;

W[i,j,k] :=
1 1 4   -0.0424863
1 1 5   -0.0838325
1 1 6    0.0170044
2 1 4   -0.0273216
2 1 5   -0.039992
2 1 6    0.0333082
3 1 4   -0.0424434
3 1 5   -0.0836947
3 1 6    0.0170564
4 1 4   -0.0511505
4 1 5   -0.125857
4 1 6    0.000566809
;

W[i,j,k] :=
1 2 1   -0.318805
1 2 2   -0.735879
1 2 3    0.0282395
2 2 1   -0.0728047
2 2 2   -1.14529
2 2 3    0.875042
3 2 1   -0.318146
3 2 2   -0.737193
3 2 3    0.0309542
4 2 1   -0.464158
4 2 2   -0.305808
4 2 3   -0.838296
;

W[i,j,k] :=
1 2 4    0.0264927
1 2 5    0.014727
1 2 6   -0.00820811
2 2 4    0.061362
2 2 5    0.00188215
2 2 6   -0.0230837
3 2 4    0.0265996
3 2 5    0.0146796
3 2 6   -0.00825287
4 2 4   -0.00247412
4 2 5    0.0339564
4 2 6    0.00439677
;

W[i,j,k] :=
1 3 1   -0.430233
1 3 2    0.865779
1 3 3    0.195963
2 3 1   -1.5777
2 3 2    0.378268
2 3 3    0.358176
3 3 1   -0.433932
3 3 2    0.864218
3 3 3    0.196497
4 3 1    0.786089
4 3 2    1.35738
4 3 3    0.0142415
;

W[i,j,k] :=
1 3 4   -0.00944408
1 3 5    0.017228
1 3 6   -9.91292e-05
2 3 4   -0.0141334
2 3 5   -0.00258355
2 3 6   -0.0453024
3 3 4   -0.00946306
3 3 5    0.017161
3 3 6   -0.000243176
4 3 4    0.00125528
4 3 5    0.0414118
4 3 6    0.0452654
;

f11 = 2.44726

f12 = 13.6109

f13 = -2.18879

f21 = 3.36311

f22 = 15

f23 = -2.10905

f31 = 2.87794

f32 = 12.9436

f33 = 1.79412

