solve_message = ' \
Ipopt 3.9.1: Converged to a locally infeasible point. Problem may be infeasible.'

Solve time:
_solve_time = 31.2938

Objective:
torque = 7.39043

cnh1 = 0.678172

cnh2 = 0.565882

cnh3 = -0.0181746

snh1 = -0.648138

snh2 = 0.748183

snh3 = 0.937907

Hx = 0.0426178

Hy = 0.0454314

Hz = 0.0248102

cnf11 = 0.772458

cnf21 = 0.632819

cnf31 = 0.542251

cnf12 = 0.772458

cnf22 = 0.250435

cnf32 = 0.350185

cnt1 = 0.424426

cnt2 = 0.473802

snf11 = 0.724781

snf21 = 0.692489

snf31 = 0.827673

snf12 = 0.724781

snf22 = 0.998052

snf32 = 0.963772

snt1 = 0.836578

snt2 = 0.863116

p :=
1 1   -0.02957
1 2    0.0029281
1 3   -0.0637125
2 1   -0.00114441
2 2   -0.0343962
2 3    0.0343685
3 1   -0.033301
3 2    0.00322824
3 3    0.0584029
;

mf :=
1 1   0.177855
1 2   0.0945778
1 3   0.868015
2 1   0.165567
2 2   0.915791
2 3   0.123185
;

mt [*] :=
1   0.614196
2   0.0470417
3  -0.565282
;

phi :=
1 1   0.0535674
1 2   0.0193802
1 3   0.0835194
2 1   0
2 2   0
2 3   0.017397
3 1   0.0532821
3 2   0.0191565
3 3   0.0831955
4 1   0.24138
4 2   0.181637
4 3   0.298202
;

l [*,1,*]
:       1           2          3        :=
1    0.177102   0.0946096   0.868235
2    1.12379    0.0546594   0.592455
3    0.180115   0.0944825   0.867357
4   -0.768076   0.134496    1.14357

 [*,2,*]
:       1          2           3        :=
1    0.164931   0.915962    0.122682
2    0.964128   0.70135     0.754682
3    0.167475   0.915279    0.124694
4   -0.632991   1.13023    -0.508309

 [*,3,*]
:      1           2            3        :=
1   0.614319    0.0463176   -0.565197
2   0.459503    0.956337    -0.671778
3   0.613827    0.049214    -0.565536
4   0.768889   -0.86225     -0.458786
;

W[i,j,k] :=
1 1 1    0.177102
1 1 2    0.0946096
1 1 3    0.868235
2 1 1    1.12379
2 1 2    0.0546594
2 1 3    0.592455
3 1 1    0.180115
3 1 2    0.0944825
3 1 3    0.867357
4 1 1   -0.768076
4 1 2    0.134496
4 1 3    1.14357
;

W[i,j,k] :=
1 1 4    0.00857009
1 1 5    0.0143901
1 1 6   -0.00331617
2 1 4    0.00521726
2 1 5   -0.0540805
2 1 6   -0.00490685
3 1 4    0.00855942
3 1 5    0.0141722
3 1 6   -0.00332124
4 1 4    0.0119176
4 1 5    0.0827515
4 1 6   -0.00172804
;

W[i,j,k] :=
1 2 1    0.164931
1 2 2    0.915962
1 2 3    0.122682
2 2 1    0.964128
2 2 2    0.70135
2 2 3    0.754682
3 2 1    0.167475
3 2 2    0.915279
3 2 3    0.124694
4 2 1   -0.632991
4 2 2    1.13023
4 2 3   -0.508309
;

W[i,j,k] :=
1 2 4   -0.0357001
1 2 5    0.00580883
1 2 6    0.00462476
2 2 4   -0.0500625
2 2 5    0.0339993
2 2 6    0.0323597
3 2 4   -0.0357458
3 2 5    0.00589855
3 2 6    0.00471303
4 2 4   -0.0213605
4 2 5   -0.0223367
4 2 6   -0.0230659
;

W[i,j,k] :=
1 3 1    0.614319
1 3 2    0.0463176
1 3 3   -0.565197
2 3 1    0.459503
2 3 2    0.956337
2 3 3   -0.671778
3 3 1    0.613827
3 3 2    0.049214
3 3 3   -0.565536
4 3 1    0.768889
4 3 2   -0.86225
4 3 3   -0.458786
;

W[i,j,k] :=
1 3 4   -0.00452968
1 3 5    0.0170564
1 3 6   -0.0035256
2 3 4   -0.0580215
2 3 5    0.00446542
2 3 6   -0.0333304
3 3 4   -0.00469993
3 3 5    0.0170163
3 3 6   -0.00362046
4 3 4    0.0488768
4 3 5    0.0296273
4 3 6    0.0262316
;

f11 = 5.82741

f12 = 14.0986

f13 = 0.242005

f21 = 7.36769

f22 = 9.49996

f23 = -0.533755

f31 = 13.203

f32 = 15

f33 = -0.199872

