solve_message = ' \
Ipopt 3.9.1: Maximum Number of Iterations Exceeded.'

Solve time:
_solve_time = 91.0422

Objective:
torque = 7.13908

cnh1 = -0.788282

cnh2 = -0.582919

cnh3 = 0.117338

snh1 = -0.56528

snh2 = 0.734982

snh3 = 0.954693

Hx = 0.0423331

Hy = -0.063533

Hz = 0.0456188

cnf11 = 0.658291

cnf21 = 0.430762

cnf31 = 0.397929

cnf12 = 0.664361

cnf22 = 0.766598

cnf32 = 0.599877

cnt1 = 0.377695

cnt2 = 0.453535

snf11 = 0.706589

snf21 = 0.967218

snf31 = 0.950105

snf12 = 0.665061

snf22 = 0.54621

snf32 = 0.787963

snt1 = 0.895331

snt2 = 0.876774

p :=
1 1    0.00835414
1 2    0.0340746
1 3    0.0430621
2 1   -0.0211958
2 2   -0.0190625
2 3   -0.0648401
3 1   -0.0318883
3 2   -0.00144684
3 3    0.0584619
;

mf :=
1 1   -0.0857037
1 2   -0.978008
1 3    0.110565
2 1    0.0122892
2 2    0.119152
2 3    0.79744
;

mt [*] :=
1   0.738079
2  -0.193723
3  -0.483081
;

phi :=
1 1   0.059781
1 2   0.0880106
1 3   0.0412481
2 1   0.0225728
2 2   0.0301443
2 3   0
3 1   0.0596342
3 2   0.0877512
3 3   0.0409645
4 1   0.117152
4 2   0.214865
4 3   0.259878
;

l [*,1,*]
:       1            2           3        :=
1   -0.0939512   -0.985332    0.129763
2    0.699478    -1.17679    -0.588652
3   -0.0914261   -0.985942    0.127477
4   -0.886261    -0.794125    0.848363

 [*,2,*]
:       1            2          3        :=
1    0.0154498    0.123299   0.804285
2   -0.0345745   -0.847919   0.973248
3    0.0152905    0.120212   0.804823
4    0.0654379    1.09181    0.636781

 [*,3,*]
:      1            2            3        :=
1   0.737044   -0.191484     -0.48887
2   1.25459    -0.376339      0.394004
3   0.738696   -0.192073     -0.486059
4   0.218926   -0.00661283   -1.36972
;

W[i,j,k] :=
1 1 1   -0.105334
1 1 2   -0.988718
1 1 3    0.132383
2 1 1    0.693638
2 1 2   -1.18418
2 1 3   -0.583723
3 1 1   -0.102791
3 1 2   -0.98934
3 1 3    0.130103
4 1 1   -0.903264
4 1 2   -0.793571
4 1 3    0.849485
;

W[i,j,k] :=
1 1 4    0.0455144
1 1 5   -0.00458976
1 1 6   -0.00392888
2 1 4    0.0285226
2 1 5    0.0341302
2 1 6   -0.0338838
3 1 4    0.0454605
3 1 5   -0.00446655
3 1 6   -0.00402423
4 1 4    0.0624321
4 1 5   -0.0432214
4 1 6    0.0260104
;

W[i,j,k] :=
1 2 1    0.0221236
1 2 2    0.126277
1 2 3    0.805912
2 2 1   -0.0297218
2 2 2   -0.850227
2 2 3    0.977219
3 2 1    0.0219584
3 2 2    0.123176
3 2 3    0.806457
4 2 1    0.0740154
4 2 2    1.09955
4 2 3    0.636767
;

W[i,j,k] :=
1 2 4   -0.00666188
1 2 5    0.0166134
1 2 6   -0.00199361
2 2 4   -0.0725768
2 2 5    0.0233361
2 2 6    0.0184753
3 2 4   -0.00687123
3 2 5    0.0166348
3 2 6   -0.0019286
4 2 4    0.0587938
4 2 5    0.00995593
4 2 6   -0.0223612
;

W[i,j,k] :=
1 3 1    0.745457
1 3 2   -0.193814
1 3 3   -0.483806
2 3 1    1.26158
2 3 2   -0.376262
2 3 3    0.409891
3 3 1    0.747106
3 3 2   -0.194396
3 3 3   -0.480961
4 3 1    0.228418
4 3 2   -0.0111936
4 3 3   -1.37461
;

W[i,j,k] :=
1 3 4    0.0115627
1 3 5    0.0278278
1 3 6    0.00724778
2 3 4    0.0211881
2 3 5    0.086656
2 3 6    0.0131638
3 3 4    0.0115936
3 3 5    0.0280153
3 3 6    0.00726657
4 3 4    0.00162061
4 3 5   -0.030995
4 3 6    0.00139487
;

f11 = 13.1496

f12 = 15

f13 = -1.16749

f21 = -0.0315409

f22 = 11.2924

f23 = 3.4226

f31 = 9.56155

f32 = 14.6613

f33 = -5.25479

