solve_message = ' \
Ipopt 3.9.1: Optimal Solution Found'

Solve time:
_solve_time = 5.67844

Objective:
torque = 3.02027

cnh1 = 0.695166

cnh2 = -0.609219

cnh3 = 0.938009

snh1 = 0.629876

snh2 = 0.713339

snh3 = -0.011769

Hx = -0.0344908

Hy = -0.0326912

Hz = 0.0376579

cnf11 = 0.932738

cnf21 = 0.574846

cnf31 = 0.521715

cnf12 = 0.932738

cnf22 = 0.575509

cnf32 = 0.521942

cnt1 = 0.40711

cnt2 = 0.396008

snf11 = 0

snf21 = 0.741318

snf31 = 0.839514

snf12 = 0

snf22 = 0.740803

snf32 = 0.839388

snt1 = 0.977886

snt2 = 0.945989

p :=
1 1   -0.00716678
1 2   -0.0281512
1 3   -0.0616494
2 1   -0.0289399
2 2   -0.00463965
2 3   -0.0614512
3 1    0.0262573
3 2    0.0239023
3 3    0.000240507
;

mf :=
1 1   0.24769
1 2   0.116396
1 3   0.762064
2 1   0.144535
2 2   0.229445
2 3   0.762994
;

mt [*] :=
1  -0.676748
2  -0.624568
3  -0.114458
;

phi :=
1 1   0.0495149
1 2   0.0519596
1 3   0.0536373
2 1   0.000236107
2 2   0.00359781
2 3   0
3 1   0.0492813
3 2   0.0517342
3 3   0.0533184
4 1   0.193653
4 2   0.184607
4 3   0.342055
;

l [*,1,*]
:       1           2           3        :=
1    0.248364    0.116285    0.761835
2   -0.599288    0.255268    1.05047
3    0.245667    0.116728    0.762753
4    1.09466    -0.0224758   0.473662

 [*,2,*]
:       1          2          3        :=
1    0.145239   0.229409   0.762855
2   -0.739293   0.273759   0.937604
3    0.142424   0.229551   0.763411
4    1.02836    0.185131   0.588386

 [*,3,*]
:       1           2            3        :=
1   -0.677109   -0.624131    -0.115082
2   -0.223452   -1.17298      0.668813
3   -0.675665   -0.625878    -0.112587
4   -1.13004    -0.0761592   -0.897725
;

W[i,j,k] :=
1 1 1    0.248364
1 1 2    0.116285
1 1 3    0.761835
2 1 1   -0.599288
2 1 2    0.255268
2 1 3    1.05047
3 1 1    0.245667
3 1 2    0.116728
3 1 3    0.762753
4 1 1    1.09466
4 1 2   -0.0224758
4 1 3    0.473662
;

W[i,j,k] :=
1 1 4   -0.0142777
1 1 5   -0.00985162
1 1 6    0.00615837
2 1 4   -0.0138348
2 1 5    0.0444742
2 1 6   -0.0187001
3 1 4   -0.0142762
3 1 5   -0.00967871
3 1 6    0.00607925
4 1 4   -0.0147198
4 1 5   -0.0640908
4 1 6    0.0309772
;

W[i,j,k] :=
1 2 1    0.145239
1 2 2    0.229409
1 2 3    0.762855
2 2 1   -0.739293
2 2 2    0.273759
2 2 3    0.937604
3 2 1    0.142424
3 2 2    0.229551
3 2 3    0.763411
4 2 1    1.02836
4 2 2    0.185131
4 2 3    0.588386
;

W[i,j,k] :=
1 2 4    0.0105581
1 2 5    0.0131518
1 2 6   -0.00596523
2 2 4    0.0124726
2 2 5    0.0725646
2 2 6   -0.0113526
3 2 4    0.0105642
3 2 5    0.0133409
3 2 6   -0.00598237
4 2 4    0.00864662
4 2 5   -0.0461662
4 2 6   -0.000586442
;

W[i,j,k] :=
1 3 1   -0.677109
1 3 2   -0.624131
1 3 3   -0.115082
2 3 1   -0.223452
2 3 2   -1.17298
2 3 3    0.668813
3 3 1   -0.675665
3 3 2   -0.625878
3 3 3   -0.112587
4 3 1   -1.13004
4 3 2   -0.0761592
4 3 3   -0.897725
;

W[i,j,k] :=
1 3 4   -0.0026006
1 3 5    0.00285888
1 3 6   -0.000203555
2 3 4    0.0162683
2 3 5   -0.017615
2 3 6   -0.0254583
3 3 4   -0.00254055
3 3 5    0.00279372
3 3 6   -0.000283935
4 3 4   -0.0214394
4 3 5    0.0233001
4 3 6    0.0250109
;

f11 = 6.11096

f12 = 7.64726

f13 = -0.451388

f21 = -0.342795

f22 = 0

f23 = 0.0942956

f31 = 6.51373

f32 = 8.25044

f33 = 1.12071

