solve_message = ' \
Ipopt 3.9.1: Converged to a locally infeasible point. Problem may be infeasible.'

Solve time:
_solve_time = 24.7886

Objective:
torque = 9.24868

cnh1 = 0.759332

cnh2 = -0.682939

cnh3 = 0.0586295

snh1 = 0.550831

snh2 = -0.643113

snh3 = -0.936249

Hx = 0.0418572

Hy = -0.0506739

Hz = -0.0306275

cnf11 = 0.535648

cnf21 = 0.291593

cnf31 = 0.366653

cnf12 = 0.535648

cnf22 = 0.750444

cnf32 = 0.58928

cnt1 = 0.419318

cnt2 = 0.412154

snf11 = 0.770117

snf21 = 0.992365

snf31 = 0.954404

snf12 = 0.770117

snf22 = 0.56288

snf32 = 0.797012

snt1 = 0.959772

snt2 = 0.930545

p :=
1 1   -0.0331213
1 2    0.00369247
1 3   -0.0532951
2 1    0.0101405
2 2    0.0272378
2 3    0.0641129
3 1    0.00316141
3 2    0.033791
3 3   -0.0568076
;

mf :=
1 1    0.845867
1 2   -0.264441
1 3    0.128636
2 1   -0.0424995
2 2   -0.0864288
2 3   -0.777895
;

mt [*] :=
1  -0.0153957
2  -0.792703
3   0.534178
;

phi :=
1 1   0.0485398
1 2   0.0917253
1 3   0.0311395
2 1   0
2 2   0.0344037
2 3   0
3 1   0.0483051
3 2   0.0914661
3 3   0.0308775
4 1   0.185948
4 2   0.230354
4 3   0.255811
;

l [*,1,*]
:      1           2           3        :=
1   0.846077   -0.263839    0.128166
2   0.581437   -1.01972     0.719985
3   0.845235   -0.266245    0.130049
4   1.1103      0.490837   -0.46271

 [*,2,*]
:       1            2            3        :=
1   -0.0432215   -0.0863333   -0.777825
2    0.864236    -0.206379    -0.866049
3   -0.0403333   -0.0867154   -0.778106
4   -0.949231     0.0335209   -0.689742

 [*,3,*]
:       1            2           3        :=
1   -0.0156354   -0.79229     0.53486
2    0.28568     -1.31072    -0.322752
3   -0.0146764   -0.79394     0.532131
4   -0.31647     -0.274687    1.39111
;

W[i,j,k] :=
1 1 1    0.846077
1 1 2   -0.263839
1 1 3    0.128166
2 1 1    0.581437
2 1 2   -1.01972
2 1 3    0.719985
3 1 1    0.845235
3 1 2   -0.266245
3 1 3    0.130049
4 1 1    1.1103
4 1 2    0.490837
4 1 3   -0.46271
;

W[i,j,k] :=
1 1 4   -0.0135881
1 1 5   -0.0408468
1 1 6    0.0056146
2 1 4   -0.0516877
2 1 5   -0.00714088
2 1 6    0.0316276
3 1 4   -0.0137094
3 1 5   -0.0407395
3 1 6    0.00569739
4 1 4    0.0244507
4 1 5   -0.0744989
4 1 6   -0.0203569
;

W[i,j,k] :=
1 2 1   -0.0432215
1 2 2   -0.0863333
1 2 3   -0.777825
2 2 1    0.864236
2 2 2   -0.206379
2 2 3   -0.866049
3 2 1   -0.0403333
3 2 2   -0.0867154
3 2 3   -0.778106
4 2 1   -0.949231
4 2 2    0.0335209
4 2 3   -0.689742
;

W[i,j,k] :=
1 2 4   -0.0156512
1 2 5    0.00511649
1 2 6    0.000301794
2 2 4   -0.0103577
2 2 5    0.0641908
2 2 6   -0.0256327
3 2 4   -0.0156343
3 2 5    0.00530451
3 2 6    0.000219251
4 2 4   -0.0209362
4 2 5   -0.0538636
4 2 6    0.0261949
;

W[i,j,k] :=
1 3 1   -0.0156354
1 3 2   -0.79229
1 3 3    0.53486
2 3 1    0.28568
2 3 2   -1.31072
2 3 3   -0.322752
3 3 1   -0.0146764
3 3 2   -0.79394
3 3 3    0.532131
4 3 1   -0.31647
4 3 2   -0.274687
4 3 3    1.39111
;

W[i,j,k] :=
1 3 4   -0.0269346
1 3 5   -0.000802702
1 3 6   -0.00197642
2 3 4   -0.085365
2 3 5   -0.0152084
2 3 6   -0.0137971
3 3 4   -0.0271206
3 3 5   -0.000848552
3 3 6   -0.00201404
4 3 4    0.0314026
4 3 5    0.01358
4 3 6    0.00982544
;

f11 = 12.4768

f12 = 15

f13 = 4.3133

f21 = 3.94355

f22 = 15

f23 = -1.22754

f31 = 13.1926

f32 = 15

f33 = -0.561976

