solve_message = ' \
Ipopt 3.9.1: Optimal Solution Found'

Solve time:
_solve_time = 5.78764

Objective:
torque = 4.90784

cnh1 = 0.904204

cnh2 = 0.927753

cnh3 = -0.417405

snh1 = 0.249829

snh2 = 0.138835

snh3 = 0.840103

Hx = -0.0103566

Hy = 0.0654486

Hz = 0.0482169

cnf11 = 0.208548

cnf21 = 0.624644

cnf31 = 0.53927

cnf12 = 0.208548

cnf22 = 0.335352

cnf32 = 0.44854

cnt1 = 0.451405

cnt2 = 0.416469

snf11 = 0.914608

snf21 = 0.699871

snf31 = 0.829452

snf12 = 0.914608

snf22 = 0.876093

snf32 = 0.872766

snt1 = 0.958245

snt2 = 0.932231

p :=
1 1   -0.00216698
1 2    0.0296521
1 3   -0.0637012
2 1    0.0221814
2 2   -0.0240775
2 3    0.0557799
3 1   -0.0249734
3 2   -0.0249731
3 3    0.0124758
;

mf :=
1 1   -0.0232502
1 2   -0.139935
1 3    0.758667
2 1   -0.348208
2 2    0.660721
2 3   -0.231063
;

mt [*] :=
1  0.576715
2  0.736017
3  0.159301
;

phi :=
1 1   0.067715
1 2   0.0614115
1 3   0.0344698
2 1   0.00570351
2 2   0.0018655
2 3   0.00165203
3 1   0.0674024
3 2   0.0611118
3 3   0.0343318
4 1   0.304832
4 2   0.287657
4 3   0.098429
;

l [*,1,*]
:       1            2          3        :=
1   -0.0236744   -0.140522   0.758539
2    0.509421     0.597649   0.919956
3   -0.0219777   -0.138173   0.759053
4   -0.55592     -0.877515   0.597379

 [*,2,*]
:       1          2           3        :=
1   -0.347822   0.66067    -0.231684
2   -0.83317    0.724865    0.549011
3   -0.349366   0.660875   -0.229199
4    0.136753   0.596578   -1.01113

 [*,3,*]
:       1           2           3        :=
1    0.577308   0.735495     0.159532
2   -0.167709   1.3916      -0.131886
3    0.574937   0.737583     0.158605
4    1.32114    0.0804323    0.450486
;

W[i,j,k] :=
1 1 1   -0.0236744
1 1 2   -0.140522
1 1 3    0.758539
2 1 1    0.509421
2 1 2    0.597649
2 1 3    0.919956
3 1 1   -0.0219777
3 1 2   -0.138173
3 1 3    0.759053
4 1 1   -0.55592
4 1 2   -0.877515
4 1 3    0.597379
;

W[i,j,k] :=
1 1 4    0.0135408
1 1 5    0.00315183
1 1 6    0.0010065
2 1 4    0.0653495
2 1 5   -0.0304572
2 1 6   -0.0164005
3 1 4    0.0137057
3 1 5    0.00304486
3 1 6    0.0009511
4 1 4   -0.0381852
4 1 5    0.0367072
4 1 6    0.0183857
;

W[i,j,k] :=
1 2 1   -0.347822
1 2 2    0.66067
1 2 3   -0.231684
2 2 1   -0.83317
2 2 2    0.724865
2 2 3    0.549011
3 2 1   -0.349366
3 2 2    0.660875
3 2 3   -0.229199
4 2 1    0.136753
4 2 2    0.596578
4 2 3   -1.01113
;

W[i,j,k] :=
1 2 4   -0.0312737
1 2 5   -0.0142624
1 2 6    0.0062799
2 2 4   -0.0536517
2 2 5   -0.0586519
2 2 6   -0.00398215
3 2 4   -0.0313449
3 2 5   -0.0144036
3 2 6    0.00624724
4 2 4   -0.00893143
4 2 5    0.0300564
4 2 6    0.0165256
;

W[i,j,k] :=
1 3 1    0.577308
1 3 2    0.735495
1 3 3    0.159532
2 3 1   -0.167709
2 3 2    1.3916
2 3 3   -0.131886
3 3 1    0.574937
3 3 2    0.737583
3 3 3    0.158605
4 3 1    1.32114
4 3 2    0.0804323
4 3 3    0.450486
;

W[i,j,k] :=
1 3 4   -0.0131599
1 3 5    0.0111865
1 3 6   -0.00395062
2 3 4   -0.0140678
2 3 5   -0.00538595
2 3 6   -0.0389413
3 3 4   -0.0131628
3 3 5    0.0111337
3 3 6   -0.00406199
4 3 4   -0.0122535
4 3 5    0.0277324
4 3 6    0.0309842
;

f11 = 4.36361

f12 = 7.56101

f13 = 4.2032

f21 = 7.07542

f22 = 9.13717

f23 = -1.86833

f31 = 5.99013

f32 = 7.50201

f33 = -0.507519

