solve_message = ' \
Ipopt 3.9.1: Optimal Solution Found'

Solve time:
_solve_time = 26.6138

Objective:
torque = 3.64537

cnh1 = 0.236405

cnh2 = -0.935818

cnh3 = -0.215746

snh1 = 0.907807

snh2 = 0.0651467

snh3 = 0.912937

Hx = -0.0711891

Hy = 0.0146615

Hz = -0.0287655

cnf11 = 0.270792

cnf21 = 0.591393

cnf31 = 0.527439

cnf12 = 0.270792

cnf22 = 0.471101

cnf32 = 0.424867

cnt1 = 0.460054

cnt2 = 0.427227

snf11 = 0.898149

snf21 = 0.728185

snf31 = 0.836311

snf12 = 0.898149

snf22 = 0.948717

snf32 = 0.926839

snt1 = 0.943233

snt2 = 0.922015

p :=
1 1   -0.0161549
1 2   -0.023355
1 3    0.0644492
2 1    0.0268915
2 2   -0.0186567
2 3   -0.0601428
3 1    0.0243564
3 2    0.0243564
3 3   -0.00495767
;

mf :=
1 1   -0.0269134
1 2    0.272398
1 3   -0.718698
2 1   -0.668615
2 2    0.346164
2 3    0.522028
;

mt [*] :=
1  -0.738624
2  -0.548834
3  -0.18979
;

phi :=
1 1   0.0714871
1 2   0.048294
1 3   0.041214
2 1   0.00910204
2 2   0
2 3   0.000260731
3 1   0.0711756
3 2   0.048014
3 3   0.0410306
4 1   0.299684
4 2   0.264833
4 3   0.138571
;

l [*,1,*]
:       1            2           3        :=
1   -0.026314     0.272799   -0.718542
2   -0.779672    -0.231999   -0.914343
3   -0.0287117    0.271193   -0.719165
4    0.725842     0.776792   -0.523053

 [*,2,*]
:       1           2           3        :=
1   -0.668392    0.345654    0.522586
2   -0.948806    0.987245   -0.178362
3   -0.669284    0.347696    0.520355
4   -0.388426   -0.294914    1.22242

 [*,3,*]
:       1           2            3        :=
1   -0.73815    -0.549317    -0.190256
2   -1.33364     0.0575126    0.395164
3   -0.740046   -0.547386    -0.188393
4   -0.143613   -1.15518     -0.774742
;

W[i,j,k] :=
1 1 1   -0.026314
1 1 2    0.272799
1 1 3   -0.718542
2 1 1   -0.779672
2 1 2   -0.231999
2 1 3   -0.914343
3 1 1   -0.0287117
3 1 2    0.271193
3 1 3   -0.719165
4 1 1    0.725842
4 1 2    0.776792
4 1 3   -0.523053
;

W[i,j,k] :=
1 1 4   -0.000800182
1 1 5   -0.0133039
1 1 6   -0.0050216
2 1 4    0.0363066
2 1 5   -0.0650203
2 1 6   -0.0144613
3 1 4   -0.00068208
3 1 5   -0.0134685
3 1 6   -0.00505165
4 1 4   -0.0378478
4 1 5    0.0383301
4 1 6    0.00440302
;

W[i,j,k] :=
1 2 1   -0.668392
1 2 2    0.345654
1 2 3    0.522586
2 2 1   -0.948806
2 2 2    0.987245
2 2 3   -0.178362
3 2 1   -0.669284
3 2 2    0.347696
3 2 3    0.520355
4 2 1   -0.388426
4 2 2   -0.294914
4 2 3    1.22242
;

W[i,j,k] :=
1 2 4    0.0110389
1 2 5    0.0261458
1 2 6   -0.00317482
2 2 4    0.0627033
2 2 5    0.0618603
2 2 6    0.00884698
3 2 4    0.0112033
3 2 5    0.0262595
3 2 6   -0.00313656
4 2 4   -0.0405432
4 2 5   -0.00951164
4 2 6   -0.0151774
;

W[i,j,k] :=
1 3 1   -0.73815
1 3 2   -0.549317
1 3 3   -0.190256
2 3 1   -1.33364
2 3 2    0.0575126
2 3 3    0.395164
3 3 1   -0.740046
3 3 2   -0.547386
3 3 3   -0.188393
4 3 1   -0.143613
4 3 2   -1.15518
4 3 3   -0.774742
;

W[i,j,k] :=
1 3 4   -0.00735729
1 3 5    0.00829346
1 3 6    0.00459931
2 3 4    0.00990992
2 3 5   -0.00301305
2 3 6    0.0338834
3 3 4   -0.00730233
3 3 5    0.00825747
3 3 6    0.00469251
4 3 4   -0.0245969
4 3 5    0.0195819
4 3 6   -0.0246381
;

f11 = 8.20321

f12 = 10.6884

f13 = -2.43769

f21 = 5.63309

f22 = 7.55924

f23 = 2.22692

f31 = -1.31871

f32 = 3.48139

f33 = -2.47747

