solve_message = ' \
Ipopt 3.9.1: Optimal Solution Found'

Solve time:
_solve_time = 32.9162

Objective:
torque = 3.64537

cnh1 = -0.907815

cnh2 = -0.93582

cnh3 = -0.215751

snh1 = 0.236373

snh2 = 0.0651294

snh3 = 0.912936

Hx = -0.0146606

Hy = -0.0711902

Hz = -0.0287653

cnf11 = 0.27083

cnf21 = 0.591393

cnf31 = 0.527439

cnf12 = 0.27083

cnf22 = 0.471113

cnf32 = 0.424872

cnt1 = 0.460059

cnt2 = 0.427209

snf11 = 0.898138

snf21 = 0.728186

snf31 = 0.836311

snf12 = 0.898138

snf22 = 0.948711

snf32 = 0.926836

snt1 = 0.943263

snt2 = 0.922036

p :=
1 1    0.0233545
1 2   -0.0161551
1 3    0.0644493
2 1    0.0186565
2 2    0.0268916
2 3   -0.0601429
3 1   -0.0243564
3 2    0.0243564
3 3   -0.00495729
;

mf :=
1 1   -0.272412
1 2   -0.0269181
1 3   -0.718693
2 1   -0.346176
2 2   -0.668607
2 3    0.522028
;

mt [*] :=
1   0.54886
2  -0.73865
3  -0.18979
;

phi :=
1 1   0.0714777
1 2   0.0483593
1 3   0.0411289
2 1   0.00911854
2 2   0
2 3   0.00022142
3 1   0.0711664
3 2   0.0480793
3 3   0.0409457
4 1   0.299607
4 2   0.264778
4 3   0.138717
;

l [*,1,*]
:       1           2            3        :=
1   -0.272813   -0.0263187   -0.718537
2    0.232015   -0.779652    -0.914355
3   -0.271206   -0.0287164   -0.71916
4   -0.776836    0.725813    -0.523032

 [*,2,*]
:       1           2           3        :=
1   -0.345665   -0.668384    0.522586
2   -0.987215   -0.94883    -0.17839
3   -0.347707   -0.669276    0.520354
4    0.294861   -0.388385    1.22244

 [*,3,*]
:       1            2           3        :=
1    0.549343    -0.738177   -0.190256
2   -0.0575138   -1.33368     0.395153
3    0.547412    -0.740072   -0.188393
4    1.15523     -0.14362    -0.774731
;

W[i,j,k] :=
1 1 1   -0.272813
1 1 2   -0.0263187
1 1 3   -0.718537
2 1 1    0.232015
2 1 2   -0.779652
2 1 3   -0.914355
3 1 1   -0.271206
3 1 2   -0.0287164
3 1 3   -0.71916
4 1 1   -0.776836
4 1 2    0.725813
4 1 3   -0.523032
;

W[i,j,k] :=
1 1 4    0.0133043
1 1 5   -0.000801568
1 1 6   -0.00502199
2 1 4    0.0650195
2 1 5    0.0363075
2 1 6   -0.0144601
3 1 4    0.0134689
3 1 5   -0.000683458
3 1 6   -0.00505203
4 1 4   -0.0383285
4 1 5   -0.0378514
4 1 6    0.00440109
;

W[i,j,k] :=
1 2 1   -0.345665
1 2 2   -0.668384
1 2 3    0.522586
2 2 1   -0.987215
2 2 2   -0.94883
2 2 3   -0.17839
3 2 1   -0.347707
3 2 2   -0.669276
3 2 3    0.520354
4 2 1    0.294861
4 2 2   -0.388385
4 2 3    1.22244
;

W[i,j,k] :=
1 2 4   -0.0261454
1 2 5    0.0110397
1 2 6   -0.00317419
2 2 4   -0.0618626
2 2 5    0.0627021
2 2 6    0.00884598
3 2 4   -0.026259
3 2 5    0.0112041
3 2 6   -0.00313593
4 2 4    0.0095149
4 2 5   -0.0405402
4 2 6   -0.0151752
;

W[i,j,k] :=
1 3 1    0.549343
1 3 2   -0.738177
1 3 3   -0.190256
2 3 1   -0.0575138
2 3 2   -1.33368
2 3 3    0.395153
3 3 1    0.547412
3 3 2   -0.740072
3 3 3   -0.188393
4 3 1    1.15523
4 3 2   -0.14362
4 3 3   -0.774731
;

W[i,j,k] :=
1 3 4   -0.00829331
1 3 5   -0.00735721
1 3 6    0.00459931
2 3 4    0.00301306
2 3 5    0.00990962
2 3 6    0.0338846
3 3 4   -0.00825732
3 3 5   -0.00730225
3 3 6    0.00469252
4 3 4   -0.0195816
4 3 5   -0.0245965
4 3 6   -0.0246392
;

f11 = 8.20331

f12 = 10.6888

f13 = -2.43834

f21 = 5.63306

f22 = 7.55944

f23 = 2.22746

f31 = -1.31868

f32 = 3.48127

f33 = -2.47738

