solve_message = ' \
Ipopt 3.9.1: Optimal Solution Found'

Solve time:
_solve_time = 9.23526

Objective:
torque = 5.27637

cnh1 = 0.768654

cnh2 = 0.938036

cnh3 = -0.165369

snh1 = -0.537746

snh2 = -0.0094043

snh3 = 0.923392

Hx = 0.0487706

Hy = 0.0534393

Hz = 0.0186796

cnf11 = 0.379163

cnf21 = 0.513976

cnf31 = 0.501483

cnf12 = 0.379163

cnf22 = 0.417048

cnf32 = 0.471624

cnt1 = 0.494778

cnt2 = 0.434642

snf11 = 0.858042

snf21 = 0.784748

snf31 = 0.85021

snf12 = 0.858042

snf22 = 0.840281

snf32 = 0.864036

snt1 = 0.936587

snt2 = 0.920672

p :=
1 1    0.0249648
1 2   -0.0160679
1 3   -0.0611301
2 1    0.00838361
2 2   -0.0299387
2 3    0.0594902
3 1   -0.0355037
3 2   -0.00050493
3 3    0.00170371
;

mf :=
1 1   -0.0923584
1 2    0.362549
1 3    0.677812
2 1    0.117426
2 2    0.600362
2 3   -0.482931
;

mt [*] :=
1  0.942575
2  0.0248089
3  0.108513
;

phi :=
1 1   0.0605423
1 2   0.0557953
1 3   0.0386612
2 1   0.00206273
2 2   0
2 3   0
3 1   0.0602501
3 2   0.0555096
3 3   0.0384377
4 1   0.27514
4 2   0.267721
4 3   0.18099
;

l [*,1,*]
:       1           2          3        :=
1   -0.0930842   0.3625     0.677708
2    0.819122    0.423058   0.807791
3   -0.0901809   0.362693   0.678122
4   -1.00384     0.302039   0.547833

 [*,2,*]
:       1            2            3        :=
1    0.11754      0.599873    -0.483462
2   -0.0256299    1.21413      0.18349
3    0.117084     0.601828    -0.481339
4    0.260481    -0.0134034   -1.14935

 [*,3,*]
:      1           2            3        :=
1   0.94254     0.0241324    0.108984
2   0.987555    0.874327    -0.482248
3   0.942683    0.0268384    0.107102
4   0.897596   -0.824707     0.699272
;

W[i,j,k] :=
1 1 1   -0.0930842
1 1 2    0.3625
1 1 3    0.677708
2 1 1    0.819122
2 1 2    0.423058
2 1 3    0.807791
3 1 1   -0.0901809
3 1 2    0.362693
3 1 3    0.678122
4 1 1   -1.00384
4 1 2    0.302039
4 1 3    0.547833
;

W[i,j,k] :=
1 1 4    0.0112703
1 1 5   -0.0112286
1 1 6    0.00755408
2 1 4    0.0128821
2 1 5   -0.0702393
2 1 6    0.0237232
3 1 4    0.0112754
3 1 5   -0.0114164
3 1 6    0.00760555
4 1 4    0.00966111
4 1 5    0.0476879
4 1 6   -0.0085892
;

W[i,j,k] :=
1 2 1    0.11754
1 2 2    0.599873
1 2 3   -0.483462
2 2 1   -0.0256299
2 2 2    1.21413
2 2 3    0.18349
3 2 1    0.117084
3 2 2    0.601828
3 2 3   -0.481339
4 2 1    0.260481
4 2 2   -0.0134034
4 2 3   -1.14935
;

W[i,j,k] :=
1 2 4   -0.0212124
1 2 5    0.0110456
1 2 6    0.00854809
2 2 4   -0.0777223
2 2 5   -0.00306303
2 2 6    0.00941147
3 2 4   -0.0213922
3 2 5    0.0110007
3 2 6    0.00855083
4 2 4    0.0352074
4 2 5    0.0251318
4 2 6    0.00768608
;

W[i,j,k] :=
1 3 1    0.94254
1 3 2    0.0241324
1 3 3    0.108984
2 3 1    0.987555
2 3 2    0.874327
2 3 3   -0.482248
3 3 1    0.942683
3 3 2    0.0268384
3 3 3    0.107102
4 3 1    0.897596
4 3 2   -0.824707
4 3 3    0.699272
;

W[i,j,k] :=
1 3 4   -9.61405e-05
1 3 5    0.00547513
1 3 6   -0.000380872
2 3 4   -0.0012461
2 3 5   -0.0154391
2 3 6   -0.0305432
3 3 4   -9.98006e-05
3 3 5    0.00540856
3 3 6   -0.000476872
4 3 4    0.00105198
4 3 5    0.026356
4 3 6    0.0297333
;

f11 = 5.20932

f12 = 8.50057

f13 = 4.3851

f21 = 6.09914

f22 = 8.75002

f23 = -1.03472

f31 = 7.53027

f32 = 9.42889

f33 = -0.559954

