solve_message = ' \
Ipopt 3.9.1: Optimal Solution Found'

Solve time:
_solve_time = 46.2387

Objective:
torque = 5.27634

cnh1 = 0.76865

cnh2 = 0.938036

cnh3 = -0.165369

snh1 = -0.537752

snh2 = -0.00940397

snh3 = 0.923392

Hx = 0.048771

Hy = 0.053439

Hz = 0.0186796

cnf11 = 0.379163

cnf21 = 0.513975

cnf31 = 0.501483

cnf12 = 0.379163

cnf22 = 0.417048

cnf32 = 0.471624

cnt1 = 0.494779

cnt2 = 0.434643

snf11 = 0.858042

snf21 = 0.784748

snf31 = 0.85021

snf12 = 0.858042

snf22 = 0.84028

snf32 = 0.864036

snt1 = 0.936586

snt2 = 0.920672

p :=
1 1    0.0249647
1 2   -0.016068
1 3   -0.06113
2 1    0.00838351
2 2   -0.0299387
2 3    0.0594902
3 1   -0.0355037
3 2   -0.000504554
3 3    0.00170367
;

mf :=
1 1   -0.0923553
1 2    0.362549
1 3    0.677811
2 1    0.117429
2 2    0.600361
2 3   -0.482931
;

mt [*] :=
1  0.942575
2  0.024801
3  0.108513
;

phi :=
1 1   0.060547
1 2   0.0557576
1 3   0.0386644
2 1   0.00206397
2 2   0
2 3   0
3 1   0.0602548
3 2   0.0554719
3 3   0.0384409
4 1   0.275196
4 2   0.267773
4 3   0.180982
;

l [*,1,*]
:       1           2          3        :=
1   -0.0930811   0.362501   0.677708
2    0.819125    0.423052   0.80779
3   -0.0901778   0.362694   0.678122
4   -1.00383     0.302046   0.547833

 [*,2,*]
:       1            2           3        :=
1    0.117543     0.599872   -0.483462
2   -0.0256217    1.21413     0.183489
3    0.117087     0.601827   -0.481339
4    0.260479    -0.013406   -1.14935

 [*,3,*]
:      1           2            3        :=
1   0.94254     0.0241245    0.108983
2   0.987562    0.874319    -0.482248
3   0.942683    0.0268305    0.107102
4   0.897589   -0.824714     0.699271
;

W[i,j,k] :=
1 1 1   -0.0930811
1 1 2    0.362501
1 1 3    0.677708
2 1 1    0.819125
2 1 2    0.423052
2 1 3    0.80779
3 1 1   -0.0901778
3 1 2    0.362694
3 1 3    0.678122
4 1 1   -1.00383
4 1 2    0.302046
4 1 3    0.547833
;

W[i,j,k] :=
1 1 4    0.0112703
1 1 5   -0.0112288
1 1 6    0.00755412
2 1 4    0.0128817
2 1 5   -0.0702394
2 1 6    0.0237231
3 1 4    0.0112754
3 1 5   -0.0114166
3 1 6    0.00760558
4 1 4    0.00966151
4 1 5    0.0476878
4 1 6   -0.00858904
;

W[i,j,k] :=
1 2 1    0.117543
1 2 2    0.599872
1 2 3   -0.483462
2 2 1   -0.0256217
2 2 2    1.21413
2 2 3    0.183489
3 2 1    0.117087
3 2 2    0.601827
3 2 3   -0.481339
4 2 1    0.260479
4 2 2   -0.013406
4 2 3   -1.14935
;

W[i,j,k] :=
1 2 4   -0.0212123
1 2 5    0.0110458
1 2 6    0.00854811
2 2 4   -0.0777223
2 2 5   -0.00306252
2 2 6    0.00941158
3 2 4   -0.0213921
3 2 5    0.0110009
3 2 6    0.00855086
4 2 4    0.0352076
4 2 5    0.0251316
4 2 6    0.00768602
;

W[i,j,k] :=
1 3 1    0.94254
1 3 2    0.0241245
1 3 3    0.108983
2 3 1    0.987562
2 3 2    0.874319
2 3 3   -0.482248
3 3 1    0.942683
3 3 2    0.0268305
3 3 3    0.107102
4 3 1    0.897589
4 3 2   -0.824714
4 3 3    0.699271
;

W[i,j,k] :=
1 3 4   -9.60881e-05
1 3 5    0.00547508
1 3 6   -0.000380947
2 3 4   -0.00124623
2 3 5   -0.0154391
2 3 6   -0.0305433
3 3 4   -9.97488e-05
3 3 5    0.00540852
3 3 6   -0.000476947
4 3 4    0.00105222
4 3 5    0.0263559
4 3 6    0.0297333
;

f11 = 5.20935

f12 = 8.50055

f13 = 4.38506

f21 = 6.09909

f22 = 8.75002

f23 = -1.03462

f31 = 7.53019

f32 = 9.42879

f33 = -0.559958

