solve_message = ' \
Ipopt 3.9.1: Converged to a locally infeasible point. Problem may be infeasible.'

Solve time:
_solve_time = 9.99966

Objective:
torque = 4.33066

cnh1 = 0.964516

cnh2 = 0.835286

cnh3 = -0.0089721

snh1 = 0.437836

snh2 = 0.426971

snh3 = 0.0037529

Hx = -0.0115482

Hy = -0.0390184

Hz = -0.0448937

cnf11 = -1

cnf21 = -0.431611

cnf31 = 0.140647

cnf12 = -1

cnf22 = -0.126735

cnf32 = 0.303706

cnt1 = -0.0959849

cnt2 = 0.27806

snf11 = 0

snf21 = 0.832898

snf31 = 1

snf12 = 0

snf22 = 0.998399

snf32 = 0.924213

snt1 = 0.995211

snt2 = 0.960895

p :=
1 1    0.0159258
1 2   -0.0263823
1 3   -0.0598814
2 1    0.00216567
2 2   -0.0333791
2 3   -0.0526071
3 1    0.000548804
3 2   -0.0338341
3 3   -0.0519085
;

mf :=
1 1   -0.26991
1 2   -0.11891
1 3    0.151
2 1    0.160164
2 2    0.0767079
2 3   -0.0765216
;

mt [*] :=
1   0.150656
2   0.0726809
3  -0.0714082
;

phi :=
1 1   0.0840129
1 2   0.0863977
1 3   0.0872782
2 1   0.0760368
2 2   0.103543
2 3   0.0990906
3 1   0.0839863
3 2   0.086446
3 3   0.0873118
4 1   0.092067
4 2   0.0730635
4 3   0.0776341
;

l [*,1,*]
:       1           2           3        :=
1   -0.269365   -0.118668    0.150717
2   -0.953817   -0.422434    0.5066
3   -0.271544   -0.119635    0.15185
4    0.413994    0.184614   -0.204598

 [*,2,*]
:       1           2            3         :=
1    0.160637    0.0769143   -0.0767687
2   -0.433399   -0.18248      0.233773
3    0.158746    0.0760887   -0.0757803
4    0.753726    0.335895    -0.386815

 [*,3,*]
:       1           2            3         :=
1    0.151164    0.0729043   -0.0716744
2   -0.486969   -0.207772     0.262954
3    0.149133    0.0720109   -0.0706094
4    0.788279    0.353132    -0.405769
;

W[i,j,k] :=
1 1 1   -0.269365
1 1 2   -0.118668
1 1 3    0.150717
2 1 1   -0.953817
2 1 2   -0.422434
2 1 3    0.5066
3 1 1   -0.271544
3 1 2   -0.119635
3 1 3    0.15185
4 1 1    0.413994
4 1 2    0.184614
4 1 3   -0.204598
;

W[i,j,k] :=
1 1 4   -0.0110823
1 1 5    0.0137297
1 1 6   -0.00899637
2 1 4   -0.0386612
2 1 5    0.0490479
2 1 6   -0.0318915
3 1 4   -0.01117
3 1 5    0.0138421
3 1 6   -0.00906924
4 1 4    0.0164527
4 1 5   -0.0215322
4 1 6    0.0138623
;

W[i,j,k] :=
1 2 1    0.160637
1 2 2    0.0769143
1 2 3   -0.0767687
2 2 1   -0.433399
2 2 2   -0.18248
2 2 3    0.233773
3 2 1    0.158746
3 2 2    0.0760887
3 2 3   -0.0757803
4 2 1    0.753726
4 2 2    0.335895
4 2 3   -0.386815
;

W[i,j,k] :=
1 2 4    0.00660871
1 2 5   -0.00828439
1 2 6    0.0055285
2 2 4   -0.0174029
2 2 5    0.0222936
2 2 6   -0.0148617
3 2 4    0.00653228
3 2 5   -0.00818707
3 2 6    0.0054636
4 2 4    0.030582
4 2 5   -0.0388136
4 2 6    0.0258861
;

W[i,j,k] :=
1 3 1    0.151164
1 3 2    0.0729043
1 3 3   -0.0716744
2 3 1   -0.486969
2 3 2   -0.207772
2 3 3    0.262954
3 3 1    0.149133
3 3 2    0.0720109
3 3 3   -0.0706094
4 3 1    0.788279
4 3 2    0.353132
4 3 3   -0.405769
;

W[i,j,k] :=
1 3 4    0.00620939
1 3 5   -0.00780736
1 3 6    0.00515452
2 3 4   -0.0196819
2 3 5    0.0251335
2 3 6   -0.0165902
3 3 4    0.00612698
3 3 5   -0.00770252
3 3 6    0.00508531
4 3 4    0.0320594
4 3 5   -0.0406957
4 3 6    0.0268645
;

f11 = -13.003

f12 = 15

f13 = -2.29339

f21 = 13.1505

f22 = 15

f23 = 1.18925

f31 = 0.342042

f32 = 0

f33 = 0.0967109

