solve_message = ' \
Ipopt 3.9.1: Maximum Number of Iterations Exceeded.'

Solve time:
_solve_time = 77.3765

Objective:
torque = 8.02245

cnh1 = -0.317518

cnh2 = 0.684043

cnh3 = 0.0993178

snh1 = -0.890381

snh2 = 0.645392

snh3 = -0.935966

Hx = -0.0590717

Hy = 0.0370808

Hz = 0.0321892

cnf11 = 0.596184

cnf21 = 0.392165

cnf31 = 0.38619

cnf12 = 0.596993

cnf22 = 0.782741

cnf32 = 0.603557

cnt1 = 0.325178

cnt2 = 0.437009

snf11 = 0.731251

snf21 = 0.985011

snf31 = 0.953993

snf12 = 0.73032

snf22 = 0.520012

snf32 = 0.786786

snt1 = 0.901931

snt2 = 0.883307

p :=
1 1    0.0100407
1 2   -0.0329701
1 3    0.0544528
2 1    0.0231726
2 2    0.0155772
2 3   -0.0646518
3 1    0.0260015
3 2    0.0184117
3 3    0.0583398
;

mf :=
1 1   -0.38888
1 2    0.828986
1 3   -0.118914
2 1   -0.0207681
2 2   -0.0280328
2 3    0.793981
;

mt [*] :=
1  -0.678516
2  -0.18165
3  -0.483661
;

phi :=
1 1   0.0149315
1 2   0.103413
1 3   0.0580601
2 1   0
2 2   0.0566342
2 3   0.00836649
3 1   0.0147992
3 2   0.104768
3 3   0.0577639
4 1   0.152862
4 2   0.179765
4 3   0.305575
;

l [*,1,*]
:       1          2           3        :=
1   -0.386425   0.832312   -0.115946
2   -1.08234    0.467625   -0.788746
3   -0.38864    0.831152   -0.118087
4    0.306997   1.19718     0.555722

 [*,2,*]
:       1            2           3        :=
1   -0.0200005   -0.0275383   0.795776
2   -0.368023     0.832229    0.860012
3   -0.0211337   -0.024787    0.795979
4    0.327601    -0.886051    0.73166

 [*,3,*]
:       1           2            3        :=
1   -0.68011    -0.182811    -0.484581
2   -1.23436    -0.0750227    0.329627
3   -0.681872   -0.182469    -0.481989
4   -0.128653   -0.289415    -1.29758
;

W[i,j,k] :=
1 1 1   -0.385981
1 1 2    0.831923
1 1 3   -0.115731
2 1 1   -1.08196
2 1 2    0.467332
2 1 3   -0.788626
3 1 1   -0.388196
3 1 2    0.830763
3 1 3   -0.117873
4 1 1    0.306117
4 1 2    1.19741
4 1 3    0.555963
;

W[i,j,k] :=
1 1 4   -0.041762
1 1 5   -0.0201548
1 1 6   -0.00439321
2 1 4    0.000184103
2 1 5   -0.0514113
2 1 6   -0.0309728
3 1 4   -0.0416285
3 1 5   -0.0202543
3 1 6   -0.00447781
4 1 4   -0.0839426
4 1 5    0.0106986
4 1 6    0.0220977
;

W[i,j,k] :=
1 2 1   -0.0206767
1 2 2   -0.0270237
1 2 3    0.795792
2 2 1   -0.368632
2 2 2    0.83292
2 2 3    0.86015
3 2 1   -0.0218359
3 2 2   -0.0242572
3 2 3    0.795993
4 2 1    0.326997
4 2 2   -0.885826
4 2 3    0.731572
;

W[i,j,k] :=
1 2 4    0.0106095
1 2 5   -0.0172448
1 2 6   -0.000335833
2 2 4    0.0670075
2 2 5    0.00367425
2 2 6    0.0248176
3 2 4    0.010786
3 2 5   -0.0171817
3 2 6   -0.000254744
4 2 4   -0.0457162
4 2 5   -0.0381148
4 2 6   -0.0254686
;

W[i,j,k] :=
1 3 1   -0.680661
1 3 2   -0.18238
1 3 3   -0.484544
2 3 1   -1.23514
2 3 2   -0.0743821
2 3 3    0.329811
3 3 1   -0.682421
3 3 2   -0.182039
3 3 3   -0.481951
4 3 1   -0.130878
4 3 2   -0.288231
4 3 3   -1.29777
;

W[i,j,k] :=
1 3 4    0.00169403
1 3 5   -0.0271732
1 3 6    0.00777724
2 3 4    0.0102529
2 3 5   -0.0807318
2 3 6    0.0207702
3 3 4    0.00172189
3 3 5   -0.027343
3 3 6    0.00781857
4 3 4   -0.00727758
4 3 5    0.0258196
4 3 6   -0.0051446
;

f11 = 13.2287

f12 = 15

f13 = -1.1269

f21 = 1.0406

f22 = 13.2973

f23 = 0.548484

f31 = 10.9879

f32 = 15

f33 = -5.47607

