solve_message = ' \
Ipopt 3.9.1: Converged to a locally infeasible point. Problem may be infeasible.'

Solve time:
_solve_time = 27.4406

Objective:
torque = 5.04867

cnh1 = 0.822443

cnh2 = 0.930146

cnh3 = 0.0864792

snh1 = -0.451206

snh2 = 0.121772

snh3 = -0.934089

Hx = -0.0524733

Hy = -0.0406547

Hz = -0.0377606

cnf11 = 0.929245

cnf21 = 0.536595

cnf31 = 0.508857

cnf12 = 0.929245

cnf22 = -0.0800879

cnf32 = 0.371367

cnt1 = 0.193767

cnt2 = 0.36761

snf11 = 0.128465

snf21 = 0.769458

snf31 = 0.846427

snf12 = 0.128465

snf22 = 0.934658

snf32 = 0.861444

snt1 = 0.983434

snt2 = 0.931853

p :=
1 1    0.034258
1 2    0.00358605
1 3   -0.00849961
2 1   -0.027077
2 2    0.0196976
2 3   -0.0523988
3 1   -0.00727617
3 2    0.03366
3 3   -0.0290018
;

mf :=
1 1   -0.769818
1 2    0.0543523
1 3   -0.0291224
2 1   -0.554863
2 2   -0.533344
2 3   -0.00464667
;

mt [*] :=
1   0.0511515
2  -0.87279
3  -0.133995
;

phi :=
1 1   0.100906
1 2   0.0185671
1 3   0.0915196
2 1   0
2 2   0
2 3   0
3 1   0.100454
3 2   0.0184252
3 3   0.0909362
4 1   0.244736
4 2   0.0703452
4 3   0.283349
;

l [*,1,*]
:       1           2            3         :=
1   -0.76979     0.0548233   -0.0285544
2   -0.805531   -0.537083    -0.742417
3   -0.769904    0.0529394   -0.0308264
4   -0.734106    0.645786     0.68417

 [*,2,*]
:       1           2            3         :=
1   -0.555067   -0.533117   -0.0040085
2   -0.299597   -0.819028   -0.806048
3   -0.554253   -0.534027   -0.00656121
4   -0.810129   -0.247662    0.796751

 [*,3,*]
:       1            2           3        :=
1    0.0516772   -0.872674   -0.134587
2   -0.609004    -1.01807     0.608527
3    0.0495744   -0.873137   -0.132222
4    0.711305    -0.727508   -0.876515
;

W[i,j,k] :=
1 1 1   -0.76979
1 1 2    0.0548233
1 1 3   -0.0285544
2 1 1   -0.805531
2 1 2   -0.537083
2 1 3   -0.742417
3 1 1   -0.769904
3 1 2    0.0529394
3 1 3   -0.0308264
4 1 1   -0.734106
4 1 2    0.645786
4 1 3    0.68417
;

W[i,j,k] :=
1 1 4    0.000363579
1 1 5    0.00752113
1 1 6    0.00463864
2 1 4   -0.00722735
2 1 5    0.0322804
2 1 6   -0.0155107
3 1 4    0.000339418
3 1 5    0.00759993
3 1 6    0.00457451
4 1 4    0.00794239
4 1 5   -0.0171987
4 1 6    0.0247559
;

W[i,j,k] :=
1 2 1   -0.555067
1 2 2   -0.533117
1 2 3   -0.0040085
2 2 1   -0.299597
2 2 2   -0.819028
2 2 3   -0.806048
3 2 1   -0.554253
3 2 2   -0.534027
3 2 3   -0.00656121
4 2 1   -0.810129
4 2 2   -0.247662
4 2 3    0.796751
;

W[i,j,k] :=
1 2 4   -0.0280137
1 2 5    0.0289763
1 2 6    0.0253687
2 2 4   -0.0587933
2 2 5   -0.00612681
2 2 6    0.0280782
3 2 4   -0.0281116
3 2 5    0.0288646
3 2 6    0.0253773
4 2 4    0.00271689
4 2 5    0.0640234
4 2 6    0.0226635
;

W[i,j,k] :=
1 3 1    0.0516772
1 3 2   -0.872674
1 3 3   -0.134587
2 3 1   -0.609004
2 3 2   -1.01807
2 3 3    0.608527
3 3 1    0.0495744
3 3 2   -0.873137
3 3 3   -0.132222
4 3 1    0.711305
4 3 2   -0.727508
4 3 3   -0.876515
;

W[i,j,k] :=
1 3 4   -0.0298393
1 3 5   -0.00247801
1 3 6    0.00461027
2 3 4   -0.00904292
2 3 5    0.02209
2 3 6    0.0279068
3 3 4   -0.0297731
3 3 5   -0.00239981
3 3 6    0.00468442
4 3 4   -0.0506026
4 3 5   -0.0270068
4 3 6   -0.0186491
;

f11 = 12.3757

f12 = 15

f13 = -4.60448

f21 = 0.330196

f22 = 0

f23 = 0.131815

f31 = 7.80247

f32 = 12.4294

f33 = -6.17374

