solve_message = ' \
Ipopt 3.9.1: Optimal Solution Found'

Solve time:
_solve_time = 6.94204

Objective:
torque = 2.61758

cnh1 = -0.735407

cnh2 = 0.109929

cnh3 = 0.694317

snh1 = -0.762348

snh2 = -0.93162

snh3 = 0.799952

Hx = 0.0175836

Hy = -0.0842995

Hz = -0.0369882

cnf11 = 0.937989

cnf21 = 0.80332

cnf31 = 0.614169

cnf12 = 0.937989

cnf22 = 0.801892

cnf32 = 0.599756

cnt1 = 0.42742

cnt2 = 0.405749

snf11 = 0

snf21 = 0.484436

snf31 = 0.778786

snf12 = 0

snf22 = 0.540322

snf32 = 0.794542

snt1 = 0.969181

snt2 = 0.939301

p :=
1 1   -0.0269674
1 2   -0.00631495
1 3    0.0624521
2 1    0.0233507
2 2    0.00307359
2 3    0.0635796
3 1    0.00625191
3 2    0.0319332
3 3   -0.0605075
;

mf :=
1 1    0.041226
1 2    0.197414
1 3   -0.798901
2 1    0.0797044
2 2    0.132125
2 3   -0.83488
;

mt [*] :=
1   0.0346124
2  -0.86352
3   0.684132
;

phi :=
1 1   0.0653611
1 2   0.0634101
1 3   0.0951412
2 1   0.0282215
2 2   0.0273242
2 3   0.0381554
3 1   0.0652088
3 2   0.0632629
3 3   0.0948853
4 1   0.132638
4 2   0.127897
4 3   0.23177
;

l [*,1,*]
:       1            2           3        :=
1    0.0404981    0.19801    -0.798836
2    0.955323    -0.549923   -0.880445
3    0.0434098    0.195629   -0.799096
4   -0.872867     0.944749   -0.717358

 [*,2,*]
:       1            2           3        :=
1    0.0789762    0.132751   -0.834865
2    0.994177    -0.653869   -0.853738
3    0.0818891    0.130247   -0.834925
4   -0.834764     0.918116   -0.816022

 [*,3,*]
:       1            2           3        :=
1    0.0351929   -0.862975   0.684664
2   -0.694336    -1.54767    0.0160274
3    0.0328709   -0.865154   0.682536
4    0.763558    -0.179368   1.35223
;

W[i,j,k] :=
1 1 1    0.0404981
1 1 2    0.19801
1 1 3   -0.798836
2 1 1    0.955323
2 1 2   -0.549923
2 1 3   -0.880445
3 1 1    0.0434098
3 1 2    0.195629
3 1 3   -0.799096
4 1 1   -0.872867
4 1 2    0.944749
4 1 3   -0.717358
;

W[i,j,k] :=
1 1 4   -0.00732151
1 1 5   -0.0190133
1 1 6   -0.00508405
2 1 4    0.0399038
2 1 5    0.0359187
2 1 6    0.0208628
3 1 4   -0.0071712
3 1 5   -0.0188385
3 1 6   -0.00500147
4 1 4   -0.0544715
4 1 5   -0.0738577
4 1 6   -0.0309895
;

W[i,j,k] :=
1 2 1    0.0789762
1 2 2    0.132751
1 2 3   -0.834865
2 2 1    0.994177
2 2 2   -0.653869
2 2 3   -0.853738
3 2 1    0.0818891
3 2 2    0.130247
3 2 3   -0.834925
4 2 1   -0.834764
4 2 2    0.918116
4 2 3   -0.816022
;

W[i,j,k] :=
1 2 4   -0.0110063
1 2 5    0.024516
1 2 6    0.00285709
2 2 4    0.0389487
2 2 5    0.0831448
2 2 6   -0.018324
3 2 4   -0.0108473
3 2 5    0.0247026
3 2 6    0.00278968
4 2 4   -0.0608816
4 2 5   -0.0340192
4 2 6    0.0240044
;

W[i,j,k] :=
1 3 1    0.0351929
1 3 2   -0.862975
1 3 3    0.684664
2 3 1   -0.694336
2 3 2   -1.54767
2 3 3    0.0160274
3 3 1    0.0328709
3 3 2   -0.865154
3 3 3    0.682536
4 3 1    0.763558
4 3 2   -0.179368
4 3 3    1.35223
;

W[i,j,k] :=
1 3 4   -0.030353
1 3 5   -0.00640989
1 3 6   -0.00651906
2 3 4   -0.0931342
2 3 5    0.0419124
2 3 6    0.0124965
3 3 4   -0.0305528
3 3 5   -0.00625609
3 3 6   -0.00645854
4 3 4    0.0323281
4 3 5   -0.0546551
4 3 6   -0.0255043
;

f11 = -2.62232

f12 = 5.09142

f13 = -3.1359

f21 = 2.10795

f22 = 2.72717

f23 = 0.660714

f31 = 7.29413

f32 = 9.56455

f33 = -2.33736

