solve_message = ' \
Ipopt 3.9.1: Optimal Solution Found'

Solve time:
_solve_time = 2.71442

Objective:
torque = 2.99149

cnh1 = -0.713692

cnh2 = -0.320829

cnh3 = -0.97762

snh1 = 0.608806

snh2 = -0.881515

snh3 = 0.239819

Hx = 0.0283716

Hy = -0.0512365

Hz = -0.0636539

cnf11 = 0.934227

cnf21 = 0.850726

cnf31 = 0.640197

cnf12 = 0.934227

cnf22 = 0.88106

cnf32 = 0.637792

cnt1 = 0.359889

cnt2 = 0.366583

snf11 = 0

snf21 = 0.395304

snf31 = 0.758186

snf12 = 0

snf22 = 0.416054

snf32 = 0.766106

snt1 = 0.996233

snt2 = 0.968927

p :=
1 1    0.00821755
1 2   -0.0299844
1 3    0.0594906
2 1    0.0287646
2 2   -0.0108421
2 3    0.0599831
3 1   -0.0248298
3 2    0.0242472
3 3   -0.0527261
;

mf :=
1 1   -0.363919
1 2    0.290876
1 3   -0.656912
2 1   -0.255611
2 2    0.38627
2 3   -0.704275
;

mt [*] :=
1   0.554346
2  -0.7193
3   0.367942
;

phi :=
1 1   0.0667837
1 2   0.0650014
1 3   0.099345
2 1   0.0311088
2 2   0.0334165
2 3   0.0452518
3 1   0.0666394
3 2   0.0648772
3 3   0.099109
4 1   0.128983
4 2   0.116065
4 3   0.217301
;

l [*,1,*]
:       1          2           3        :=
1   -0.364576   0.290904   -0.656511
2    0.460767   0.255785   -1.15976
3   -0.361949   0.290792   -0.658113
4   -1.1886     0.325966   -0.154066

 [*,2,*]
:       1          2           3        :=
1   -0.256325   0.386323   -0.70396
2    0.64111    0.319729   -1.0993
3   -0.253469   0.386111   -0.705218
4   -1.15233    0.452811   -0.30925

 [*,3,*]
:       1            2            3        :=
1   0.55473     -0.718725      0.368504
2   0.0727348   -1.4417       -0.337325
3   0.553196    -0.721026      0.366257
4   1.03596      0.00309205    1.07321
;

W[i,j,k] :=
1 1 1   -0.364576
1 1 2    0.290904
1 1 3   -0.656511
2 1 1    0.460767
2 1 2    0.255785
2 1 3   -1.15976
3 1 1   -0.361949
3 1 2    0.290792
3 1 3   -0.658113
4 1 1   -1.1886
4 1 2    0.325966
4 1 3   -0.154066
;

W[i,j,k] :=
1 1 4    0.0023791
1 1 5   -0.0162939
1 1 6   -0.00854109
2 1 4    0.0195579
2 1 5    0.0369417
2 1 6    0.0159177
3 1 4    0.00243378
3 1 5   -0.0161245
3 1 6   -0.00846324
4 1 4   -0.0147723
4 1 5   -0.0694446
4 1 6   -0.0329609
;

W[i,j,k] :=
1 2 1   -0.256325
1 2 2    0.386323
1 2 3   -0.70396
2 2 1    0.64111
2 2 2    0.319729
2 2 3   -1.0993
3 2 1   -0.253469
3 2 2    0.386111
3 2 3   -0.705218
4 2 1   -1.15233
4 2 2    0.452811
4 2 3   -0.30925
;

W[i,j,k] :=
1 2 4   -0.0155404
1 2 5    0.00487396
1 2 6    0.00833331
2 2 4   -0.00725959
2 2 5    0.0700767
2 2 6    0.0161478
3 2 4   -0.0155141
3 2 5    0.00508148
3 2 6    0.00835818
4 2 4   -0.0238081
4 2 5   -0.0602248
4 2 6    0.000531281
;

W[i,j,k] :=
1 3 1    0.55473
1 3 2   -0.718725
1 3 3    0.368504
2 3 1    0.0727348
2 3 2   -1.4417
2 3 3   -0.337325
3 3 1    0.553196
3 3 2   -0.721026
3 3 3    0.366257
4 3 1    1.03596
4 3 2    0.00309205
4 3 3    1.07321
;

W[i,j,k] :=
1 3 4   -0.0289604
1 3 5   -0.0200989
1 3 6    0.00439515
2 3 4   -0.0841942
2 3 5   -0.0122107
2 3 6    0.0340333
3 3 4   -0.0291362
3 3 5   -0.0200738
3 3 6    0.00448948
4 3 4    0.0261853
4 3 5   -0.0279745
4 3 6   -0.0251958
;

f11 = -3.7206

f12 = 7.57812

f13 = -4.79906

f21 = 2.69352

f22 = 3.59759

f23 = 1.07156

f31 = 7.75526

f32 = 10.3354

f33 = -2.88803

