solve_message = ' \
Ipopt 3.9.1: Converged to a locally infeasible point. Problem may be infeasible.'

Solve time:
_solve_time = 16.9261

Objective:
torque = 7.30732

cnh1 = 0.235738

cnh2 = 0.92361

cnh3 = 0.937592

snh1 = -0.90798

snh2 = -0.164146

snh3 = 0.0303466

Hx = 0.0108941

Hy = -0.00664013

Hz = -0.0286453

cnf11 = 0.932738

cnf21 = 0.390231

cnf31 = 0.463837

cnf12 = 0.932738

cnf22 = 0.404912

cnf32 = 0.468075

cnt1 = 0.428245

cnt2 = 0.40613

snf11 = 0

snf21 = 0.853065

snf31 = 0.867199

snf12 = 0

snf22 = 0.846195

snf32 = 0.865503

snt1 = 0.968817

snt2 = 0.939046

p :=
1 1   -0.00398959
1 2   -0.0315423
1 3    0.0582569
2 1    0.0196609
2 2   -0.0236436
2 3    0.0599699
3 1   -0.0031944
3 2    0.0338379
3 3    0.0566128
;

mf :=
1 1   -0.175822
1 2    0.483572
1 3   -0.598332
2 1   -0.053491
2 2    0.528812
2 3   -0.582303
;

mt [*] :=
1   0.2202
2  -0.764774
3  -0.506619
;

phi :=
1 1   0.0347748
1 2   0.0387402
1 3   0.0244657
2 1   0
2 2   0
2 3   0
3 1   0.0345262
3 2   0.0384733
3 3   0.0241621
4 1   0.210866
4 2   0.252597
4 3   0.41651
;

l [*,1,*]
:       1          2           3        :=
1   -0.176445   0.483717   -0.597989
2    0.6074     0.301518   -1.02941
3   -0.173951   0.483137   -0.599362
4   -0.95904    0.665625   -0.167251

 [*,2,*]
:       1           2           3        :=
1   -0.0540813   0.529072   -0.58197
2    0.687693    0.201343   -1.00016
3   -0.0517204   0.528029   -0.583301
4   -0.794673    0.856279   -0.164444

 [*,3,*]
:       1           2           3        :=
1    0.220811   -0.764957   -0.506086
2   -0.547454   -0.535931   -1.17685
3    0.218366   -0.764228   -0.508221
4    0.98785    -0.993617    0.163606
;

W[i,j,k] :=
1 1 1   -0.176445
1 1 2    0.483717
1 1 3   -0.597989
2 1 1    0.6074
2 1 2    0.301518
2 1 3   -1.02941
3 1 1   -0.173951
3 1 2    0.483137
3 1 3   -0.599362
4 1 1   -0.95904
4 1 2    0.665625
4 1 3   -0.167251
;

W[i,j,k] :=
1 1 4   -0.00931789
1 1 5   -0.0126649
1 1 6   -0.00749533
2 1 4    0.0149046
2 1 5    0.0312783
2 1 6    0.0179559
3 1 4   -0.00924079
3 1 5   -0.012525
3 1 6   -0.00741433
4 1 4   -0.0335018
4 1 5   -0.056538
4 1 6   -0.0329059
;

W[i,j,k] :=
1 2 1   -0.0540813
1 2 2    0.529072
1 2 3   -0.58197
2 2 1    0.687693
2 2 2    0.201343
2 2 3   -1.00016
3 2 1   -0.0517204
3 2 2    0.528029
3 2 3   -0.583301
4 2 1   -0.794673
4 2 2    0.856279
4 2 3   -0.164444
;

W[i,j,k] :=
1 2 4   -0.0179686
1 2 5    0.00819883
1 2 6    0.00912339
2 2 4    0.0115729
2 2 5    0.060905
2 2 6    0.0202181
3 2 4   -0.0178745
3 2 5    0.00836658
3 2 6    0.0091587
4 2 4   -0.0474629
4 2 5   -0.0444233
4 2 6   -0.00195362
;

W[i,j,k] :=
1 3 1    0.220811
1 3 2   -0.764957
1 3 3   -0.506086
2 3 1   -0.547454
2 3 2   -0.535931
2 3 3   -1.17685
3 3 1    0.218366
3 3 2   -0.764228
3 3 3   -0.508221
4 3 1    0.98785
4 3 2   -0.993617
4 3 3    0.163606
;

W[i,j,k] :=
1 3 4    0.0261814
1 3 5    0.0108841
1 3 6   -0.00502821
2 3 4   -0.00948154
2 3 5   -0.0347522
2 3 6    0.0202367
3 3 4    0.0260679
3 3 5    0.0107388
3 3 6   -0.0049478
4 3 4    0.0617875
4 3 5    0.0564476
4 3 6   -0.0302528
;

f11 = 12.2229

f12 = 15

f13 = -4.9961

f21 = 5.06117

f22 = 6.68574

f23 = -1.76409

f31 = 12.0708

f32 = 15

f33 = -5.35304

