solve_message = ' \
Ipopt 3.9.1: Converged to a locally infeasible point. Problem may be infeasible.'

Solve time:
_solve_time = 5.00763

Objective:
torque = 8.01041

cnh1 = -0.905584

cnh2 = 0.252785

cnh3 = 0.771076

snh1 = 0.244783

snh2 = -0.903382

snh3 = -0.534268

Hx = -0.0424529

Hy = 0.0646258

Hz = 0.0323764

cnf11 = 0.425605

cnf21 = 0.137338

cnf31 = 0.401679

cnf12 = 0.425605

cnf22 = 0.403974

cnf32 = 0.409284

cnt1 = 0.766

cnt2 = 0.649799

snf11 = 0.83598

snf21 = 0.927975

snf31 = 0.881152

snf12 = 0.83598

snf22 = 0.961571

snf32 = 0.930603

snt1 = 0.360627

snt2 = 0.75017

p :=
1 1   -0.0316179
1 2    0.000110811
1 3    0.058601
2 1   -0.0107705
2 2   -0.0318431
2 3    0.0579288
3 1    0.0214074
3 2    0.0104788
3 3   -0.0655954
;

mf :=
1 1   -0.591501
1 2    0.246477
1 3   -0.39422
2 1    0.112782
2 2    0.83026
2 3   -0.351172
;

mt [*] :=
1  -0.0562546
2  -0.136493
3   0.855525
;

phi :=
1 1   0.0591096
1 2   0.0758938
1 3   0.107054
2 1   0
2 2   0.0473497
2 3   0.0374475
3 1   0.0588353
3 2   0.0757991
3 3   0.106811
4 1   0.15416
4 2   0.106602
4 3   0.189026
;

l [*,1,*]
:       1           2           3        :=
1   -0.591259    0.246147   -0.394845
2   -0.895484    0.660713    0.390383
3   -0.592228    0.247466   -0.392346
4   -0.28752    -0.167758   -1.17882

 [*,2,*]
:       1          2           3        :=
1    0.113363   0.830343   -0.350685
2   -0.617205   0.726496   -0.962818
3    0.111038   0.830012   -0.352633
4    0.842766   0.934024    0.260472

 [*,3,*]
:       1            2          3        :=
1   -0.0563291   -0.137243   0.85538
2    0.0372826    0.804808   1.0369
3   -0.0560312   -0.134244   0.855958
4   -0.149791    -1.07779    0.674154
;

W[i,j,k] :=
1 1 1   -0.591259
1 1 2    0.246147
1 1 3   -0.394845
2 1 1   -0.895484
2 1 2    0.660713
2 1 3    0.390383
3 1 1   -0.592228
3 1 2    0.247466
3 1 3   -0.392346
4 1 1   -0.28752
4 1 2   -0.167758
4 1 3   -1.17882
;

W[i,j,k] :=
1 1 4   -0.0144682
1 1 5   -0.0471326
1 1 6   -0.00771713
2 1 4   -0.0386752
2 1 5   -0.0401332
2 1 6   -0.0207911
3 1 4   -0.0145453
3 1 5   -0.0471103
3 1 6   -0.00775875
4 1 4    0.00970014
4 1 5   -0.0541208
4 1 6    0.00533601
;

W[i,j,k] :=
1 2 1    0.113363
1 2 2    0.830343
1 2 3   -0.350685
2 2 1   -0.617205
2 2 2    0.726496
2 2 3   -0.962818
3 2 1    0.111038
3 2 2    0.830012
3 2 3   -0.352633
4 2 1    0.842766
4 2 2    0.934024
4 2 3    0.260472
;

W[i,j,k] :=
1 2 4   -0.0369339
1 2 5    0.00278997
1 2 6   -0.00533335
2 2 4   -0.011426
2 2 5   -0.046124
2 2 6   -0.0274784
3 2 4   -0.0368527
3 2 5    0.00263428
3 2 6   -0.00540383
4 2 4   -0.0624012
4 2 5    0.0516259
4 2 6    0.0167764
;

W[i,j,k] :=
1 3 1   -0.0563291
1 3 2   -0.137243
1 3 3    0.85538
2 3 1    0.0372826
2 3 2    0.804808
2 3 3    1.0369
3 3 1   -0.0560312
3 3 2   -0.134244
3 3 3    0.855958
4 3 1   -0.149791
4 3 2   -1.07779
4 3 3    0.674154
;

W[i,j,k] :=
1 3 4   -3.9139e-05
1 3 5   -0.0146165
1 3 6   -0.00234775
2 3 4    0.0636571
2 3 5   -0.0246428
2 3 6    0.0168381
3 3 4    0.000163592
3 3 5   -0.0146484
3 3 6   -0.00228669
4 3 4   -0.0636338
4 3 5   -0.00460625
4 3 6   -0.021503
;

f11 = 13.2045

f12 = 15

f13 = 0.0181596

f21 = 9.73828

f22 = 12.2782

f23 = -1.32972

f31 = -1.07835

f32 = 15

f33 = -0.0518058

