solve_message = ' \
Ipopt 3.9.1: Optimal Solution Found'

Solve time:
_solve_time = 3.40082

Objective:
torque = 3.41424

cnh1 = 0.705181

cnh2 = -0.481086

cnh3 = 0.93784

snh1 = 0.618644

snh2 = -0.80533

snh3 = 0.0213604

Hx = 0.0599397

Hy = 0.0543964

Hz = 0.0125795

cnf11 = 0.937574

cnf21 = 0.815739

cnf31 = 0.620559

cnf12 = 0.937574

cnf22 = 0.816936

cnf32 = 0.621042

cnt1 = 0.440659

cnt2 = 0.411747

snf11 = 0

snf21 = 0.463218

snf31 = 0.773878

snf12 = 0

snf22 = 0.461695

snf32 = 0.773552

snt1 = 0.963234

snt2 = 0.935314

p :=
1 1   -0.00423517
1 2   -0.029244
1 3    0.061253
2 1   -0.0297759
2 2   -0.00122225
2 3    0.0610268
3 1    0.0173613
3 2    0.0142358
3 3   -0.0637053
;

mf :=
1 1    0.232304
1 2    0.166641
1 3   -0.760064
2 1    0.197381
2 2    0.202371
2 3   -0.761713
;

mt [*] :=
1  0.0993169
2  0.106308
3  0.975941
;

phi :=
1 1   0.0661516
1 2   0.0678228
1 3   0.100825
2 1   0.0337555
2 2   0.0361108
2 3   0.0487326
3 1   0.0660236
3 2   0.0676984
3 3   0.100601
4 1   0.119146
4 2   0.118695
4 3   0.20881
;

l [*,1,*]
:      1           2           3        :=
1   0.232316    0.16594    -0.760235
2   0.217914    1.04716    -0.545266
3   0.23227     0.168744   -0.759551
4   0.246694   -0.713872   -0.974861

 [*,2,*]
:      1           2           3        :=
1   0.197408    0.201677   -0.761915
2   0.162462    1.07349    -0.508696
3   0.197297    0.204452   -0.761109
4   0.232299   -0.668749   -1.01473

 [*,3,*]
:       1            2          3        :=
1    0.0985165   0.106337    0.976071
2    1.10449     0.0691094   0.812543
3    0.101718    0.106219    0.97555
4   -0.905854    0.143506    1.13934
;

W[i,j,k] :=
1 1 1    0.232316
1 1 2    0.16594
1 1 3   -0.760235
2 1 1    0.217914
2 1 2    1.04716
2 1 3   -0.545266
3 1 1    0.23227
3 1 2    0.168744
3 1 3   -0.759551
4 1 1    0.246694
4 1 2   -0.713872
4 1 3   -0.974861
;

W[i,j,k] :=
1 1 4    0.012068
1 1 5    0.0110103
1 1 6    0.00609105
2 1 4   -0.0481958
2 1 5    0.0110386
2 1 6    0.00193779
3 1 4    0.0118762
3 1 5    0.0110104
3 1 6    0.00607783
4 1 4    0.0722357
4 1 5    0.010982
4 1 6    0.0102377
;

W[i,j,k] :=
1 2 1    0.197408
1 2 2    0.201677
1 2 3   -0.761915
2 2 1    0.162462
2 2 2    1.07349
2 2 3   -0.508696
3 2 1    0.197297
3 2 2    0.204452
3 2 3   -0.761109
4 2 1    0.232299
4 2 2   -0.668749
4 2 3   -1.01473
;

W[i,j,k] :=
1 2 4   -0.0113765
1 2 5   -0.0106395
1 2 6   -0.00576385
2 2 4   -0.0648901
2 2 5   -0.00523239
2 2 6   -0.0317657
3 2 4   -0.0115468
3 2 5   -0.0106223
3 2 6   -0.0058466
4 2 4    0.0420519
4 2 5   -0.0160381
4 2 6    0.0201966
;

W[i,j,k] :=
1 3 1    0.0985165
1 3 2    0.106337
1 3 3    0.976071
2 3 1    1.10449
2 3 2    0.0691094
2 3 3    0.812543
3 3 1    0.101718
3 3 2    0.106219
3 3 3    0.97555
4 3 1   -0.905854
4 3 2    0.143506
4 3 3    1.13934
;

W[i,j,k] :=
1 3 4    0.0206694
1 3 5   -0.0232219
1 3 6    0.000443693
2 3 4    0.0159699
2 3 5   -0.0844688
2 3 6   -0.0145235
3 3 4    0.0206545
3 3 5   -0.0234168
3 3 6    0.000396056
4 3 4    0.0253615
4 3 5    0.0379273
4 3 6    0.015387
;

f11 = -3.74346

f12 = 4.81713

f13 = -0.978549

f21 = 3.77708

f22 = 5.24018

f23 = 1.85142

f31 = 7.17417

f32 = 11.813

f33 = 1.05503

