solve_message = ' \
Ipopt 3.9.1: Converged to a locally infeasible point. Problem may be infeasible.'

Solve time:
_solve_time = 4.88283

Objective:
torque = 6.79949

cnh1 = 0.559549

cnh2 = 0.659325

cnh3 = 0.861422

snh1 = -0.752931

snh2 = 0.667301

snh3 = -0.371419

Hx = -0.040262

Hy = 0.0339285

Hz = -0.00738103

cnf11 = 0.934984

cnf21 = 0.425125

cnf31 = 0.474009

cnf12 = 0.934984

cnf22 = 0.411714

cnf32 = 0.470059

cnt1 = 0.295831

cnt2 = 0.43808

snf11 = 0.076185

snf21 = 0.836223

snf31 = 0.863027

snf12 = 0.076185

snf22 = 0.842907

snf32 = 0.864688

snt1 = 0.890216

snt2 = 0.875987

p :=
1 1    0.0205447
1 2   -0.0276452
1 3    0.024286
2 1   -0.0306442
2 2    0.0110872
2 3    0.0562634
3 1    0.0033595
3 2    0.0283831
3 3    0.0643632
;

mf :=
1 1   -0.546408
1 2    0.51018
1 3    0.166543
2 1   -0.610579
2 2    0.431262
2 3    0.179317
;

mt [*] :=
1  -0.151496
2  -0.175959
3  -0.802462
;

phi :=
1 1   0.0703179
1 2   0.044294
1 3   0.0918289
2 1   0.0520734
2 2   0
2 3   0
3 1   0.0701846
3 2   0.0440194
3 3   0.0913595
4 1   0.123725
4 2   0.130324
4 3   0.249829
;

l [*,1,*]
:       1          2           3        :=
1   -0.546539   0.509867    0.167198
2   -0.382305   0.903072   -0.655973
3   -0.546016   0.511119    0.164578
4   -0.71051    0.11729     0.989056

 [*,2,*]
:       1           2            3        :=
1   -0.610707    0.430873     0.179922
2   -0.449147    0.920063    -0.580152
3   -0.610193    0.43243      0.177503
4   -0.77201    -0.0575378    0.938783

 [*,3,*]
:       1           2            3        :=
1   -0.15077    -0.175832    -0.802659
2   -1.06358    -0.335794    -0.554381
3   -0.153675   -0.176341    -0.801869
4    0.760587   -0.0161244   -1.05054
;

W[i,j,k] :=
1 1 1   -0.546539
1 1 2    0.509867
1 1 3    0.167198
2 1 1   -0.382305
2 1 2    0.903072
2 1 3   -0.655973
3 1 1   -0.546016
3 1 2    0.511119
3 1 3    0.164578
4 1 1   -0.71051
4 1 2    0.11729
4 1 3    0.989056
;

W[i,j,k] :=
1 1 4   -0.0170049
1 1 5   -0.0167083
1 1 6   -0.00463415
2 1 4   -0.00379752
2 1 5    0.00419205
2 1 6    0.00798438
3 1 4   -0.0169629
3 1 5   -0.0166418
3 1 6   -0.00459399
4 1 4   -0.0301912
4 1 5   -0.0375753
4 1 6   -0.0172325
;

W[i,j,k] :=
1 2 1   -0.610707
1 2 2    0.430873
1 2 3    0.179922
2 2 1   -0.449147
2 2 2    0.920063
2 2 3   -0.580152
3 2 1   -0.610193
3 2 2    0.43243
3 2 3    0.177503
4 2 1   -0.77201
4 2 2   -0.0575378
4 2 3    0.938783
;

W[i,j,k] :=
1 2 4   -0.0222475
1 2 5   -0.0288469
1 2 6   -0.00643269
2 2 4   -0.0581982
2 2 5   -0.0430488
2 2 6   -0.0232148
3 2 4   -0.022362
3 2 5   -0.0288921
3 2 6   -0.0064861
4 2 4    0.0136458
4 2 5   -0.0146677
4 2 6    0.0103226
;

W[i,j,k] :=
1 3 1   -0.15077
1 3 2   -0.175832
1 3 3   -0.802659
2 3 1   -1.06358
2 3 2   -0.335794
2 3 3   -0.554381
3 3 1   -0.153675
3 3 2   -0.176341
3 3 3   -0.801869
4 3 1    0.760587
4 3 2   -0.0161244
4 3 3   -1.05054
;

W[i,j,k] :=
1 3 4   -0.0114649
1 3 5   -0.00700747
1 3 6    0.0036886
2 3 4    0.00587773
2 3 5   -0.0665931
2 3 6    0.0290597
3 3 4   -0.0114097
3 3 5   -0.00719712
3 3 6    0.00376935
4 3 4   -0.0287798
4 3 5    0.0524831
4 3 6   -0.021642
;

f11 = 12.9749

f12 = 15

f13 = -2.45219

f21 = 1.71792

f22 = 3.87132

f23 = -2.6001

f31 = 12.0399

f32 = 15

f33 = -5.42229

