solve_message = ' \
Ipopt 3.9.1: Maximum Number of Iterations Exceeded.'

Solve time:
_solve_time = 75.9413

Objective:
torque = 7.21514

cnh1 = 0.460172

cnh2 = 0.818979

cnh3 = -0.0313927

snh1 = 0.829388

snh2 = 0.489699

snh3 = 0.972316

Hx = -0.0830212

Hy = 0.0442099

Hz = 0.0283737

cnf11 = 0.804303

cnf21 = 0.687958

cnf31 = 0.560442

cnf12 = 0.799696

cnf22 = 0.338476

cnf32 = 0.362368

cnt1 = 0.48162

cnt2 = 0.435831

snf11 = 0.669894

snf21 = 0.64815

snf31 = 0.817452

snf12 = 0.686348

snf22 = 0.991377

snf32 = 0.969339

snt1 = 0.929972

snt2 = 0.917197

p :=
1 1    0.0219268
1 2    0.0243128
1 3   -0.0633364
2 1    0.0325131
2 2    0.0102999
2 3    0.0488079
3 1    0.00329295
3 2   -0.0341533
3 3    0.0548216
;

mf :=
1 1   -0.260614
1 2   -0.2209
1 3    0.858597
2 1   -0.998371
2 2   -0.169205
2 3   -0.0789577
;

mt [*] :=
1  -0.197267
2   0.874296
3  -0.401987
;

phi :=
1 1   0.0764008
1 2   0.0158521
1 3   0.0664068
2 1   0.0357498
2 2   0
2 3   0.00831097
3 1   0.0762336
3 2   0.0156821
3 3   0.0661163
4 1   0.215131
4 2   0.213565
4 3   0.285846
;

l [*,1,*]
:       1            2          3        :=
1   -0.240319    -0.205354   0.862254
2   -0.458985     0.775719   1.02379
3   -0.241017    -0.202231   0.862768
4   -0.0195649   -1.18531    0.70007

 [*,2,*]
:       1           2           3         :=
1   -0.993212   -0.168142   -0.0855451
2   -1.16946     0.497718    0.81221
3   -0.993775   -0.166022   -0.0826871
4   -0.815296   -0.833348   -0.98271

 [*,3,*]
:       1          2           3         :=
1   -0.192177   0.870753   -0.400186
2   -1.12521    0.530819   -0.766738
3   -0.195149   0.869671   -0.401352
4    0.741435   1.20968    -0.0349807
;

W[i,j,k] :=
1 1 1   -0.237733
1 1 2   -0.20549
1 1 3    0.861853
2 1 1   -0.45775
2 1 2    0.774734
2 1 3    1.02339
3 1 1   -0.238438
3 1 2   -0.202369
3 1 3    0.862369
4 1 1   -0.0128572
4 1 2   -1.18518
4 1 3    0.698666
;

W[i,j,k] :=
1 1 4    0.00922841
1 1 5   -0.00446859
1 1 6    0.00141379
2 1 4    0.0746957
2 1 5    0.00571703
2 1 6    0.0295756
3 1 4    0.00943618
3 1 5   -0.00443636
3 1 6    0.00150337
4 1 4   -0.0553811
4 1 5   -0.0143869
4 1 6   -0.0266354
;

W[i,j,k] :=
1 2 1   -0.992677
1 2 2   -0.168145
1 2 3   -0.085676
2 2 1   -1.16979
2 2 2    0.49858
2 2 3    0.812381
3 2 1   -0.993244
3 2 2   -0.166022
3 2 3   -0.0828163
4 2 1   -0.811644
4 2 2   -0.834685
4 2 3   -0.984106
;

W[i,j,k] :=
1 2 4    0.00801108
1 2 5   -0.0462405
1 2 6    0.00481367
2 2 4   -0.0161839
2 2 5   -0.0844647
2 2 6    0.0281922
3 2 4    0.00793355
3 2 5   -0.0463625
3 2 6    0.00488803
4 2 4    0.032855
4 2 5   -0.00761388
4 2 6   -0.0184607
;

W[i,j,k] :=
1 3 1   -0.190081
1 3 2    0.869907
1 3 3   -0.401537
2 3 1   -1.12411
2 3 2    0.531035
2 3 3   -0.767258
3 3 1   -0.193058
3 3 2    0.86883
3 3 3   -0.402699
4 3 1    0.746999
4 3 2    1.20726
4 3 3   -0.0380437
;

W[i,j,k] :=
1 3 4   -0.0334049
1 3 5   -0.00887034
1 3 6   -0.00354516
2 3 4   -0.00275309
2 3 5   -0.0589444
2 3 6   -0.0365417
3 3 4   -0.0333081
3 3 5   -0.00903013
3 3 6   -0.00365036
4 3 4   -0.0632567
4 3 5    0.0415634
4 3 6    0.0295798
;

f11 = 4.35358

f12 = 13.8361

f13 = 1.40032

f21 = 6.64251

f22 = 8.87098

f23 = -1.95073

f31 = 12.3281

f32 = 15

f33 = -0.31674

