solve_message = ' \
Ipopt 3.9.1: Optimal Solution Found'

Solve time:
_solve_time = 0.530403

Objective:
p :=
1 1   -0.0179532
1 2   -0.028784
1 3   -0.0510734
2 1   -0.0161606
2 2    0.022581
2 3    0.0642851
3 1    0.0341139
3 2    0.00620292
3 3   -0.0132117
;

phi :=
1 1   0.196252
1 2   0.111967
1 3   0.176215
2 1   0.268316
2 2   0.00493048
2 3   0.00911152
3 1   0.0158827
3 2   0.00402038
3 3   0.00889062
4 1   0.0063723
4 2   0.0887153
4 3   0.138225
;

l [*,1,*]
:       1           2           3        :=
1   -1.081      -0.585348   -0.404641
2   -0.31164    -0.811462   -0.94004
3    0.310908   -1.18366     0.118204
4   -0.457461   -0.958141    0.655288

 [*,2,*]
:       1           2          3        :=
1   -0.379528    0.719808   1.00115
2   -0.297525   -0.624563   1.05932
3    0.594109   -0.577452   0.960988
4    0.513526    0.766994   0.90266

 [*,3,*]
:      1           2           3        :=
1   0.643915    0.887806   0.668689
2   0.223911   -0.153423   1.24519
3   0.818323   -0.711782   0.673929
4   1.23927     0.328558   0.0965185
;

np :=
1 1   -0.425314
1 2   -0.681897
1 3   -0.184915
2 1   -0.115148
2 2    0.160894
2 3    0.925505
3 1    0.921343
3 2    0.167528
3 3   -1.43321e-05
;

vp :=
1 1   -0.385104
1 2   -0.884563
1 3   -0.142584
2 1    0.107613
2 2    0.0717327
2 3    0.981007
3 1    0.731523
3 2    0.0882045
3 3    0.670852
;

