solve_message = ' \
Ipopt 3.9.1: Optimal Solution Found'

Solve time:
_solve_time = 3.15122

Objective:
p :=
1 1    0.0350317
1 2   -0.000622123
1 3    5.56577e-05
2 1   -0.016761
2 2    0.0154635
2 3    0.0645167
3 1   -0.0182708
3 2   -0.0148417
3 3   -0.0645724
;

phi :=
1 1   0.066494
1 2   0.0842212
1 3   0.113028
2 1   0.0703182
2 2   0.0726744
2 3   0.11152
3 1   0.066393
3 2   0.0615605
3 3   0.12754
4 1   0.0618966
4 2   0.0727631
4 3   0.127792
;

l [*,1,*]
:      1           2          3        :=
1   0.877229   -0.786597   0.503333
2   1.2541      0.208332   0.168432
3   0.544334    0.726616   0.906673
4   0.166331   -0.267488   1.24275

 [*,2,*]
:       1           2           3        :=
1   -0.885797    0.33102     0.850296
2   -0.522039   -0.576259    1.02585
3    0.643023   -0.0949353   1.10653
4    0.281121    0.81311     0.931105

 [*,3,*]
:       1           2           3        :=
1    0.285495    0.495648   -1.14914
2    0.34621    -0.593746   -1.08168
3   -0.784876   -0.63915    -0.786477
4   -0.847392    0.450173   -0.853468
;

np :=
1 1    1.0073
1 2   -0.0178886
1 3    3.37012e-22
2 1   -0.0366262
2 2    0.0337885
2 3    0.9491
3 1   -0.0483078
3 2   -0.03924
3 3   -0.954846
;

vp :=
1 1    0.710348
1 2   -0.0301803
1 3    0.705431
2 1   -0.121068
2 2    0.118596
2 3    0.978373
3 1   -0.250165
3 2   -0.0713347
3 3   -0.967719
;

