solve_message = ' \
Ipopt 3.9.1: Optimal Solution Found'

Solve time:
_solve_time = 0.421203

Objective:
p :=
1 1    0.00269495
1 2    0.034769
1 3   -0.00224004
2 1    0.0215373
2 2   -0.0178492
2 3    0.0637343
3 1   -0.0242322
3 2   -0.0169199
3 3   -0.0614942
;

phi :=
1 1   0.0447292
1 2   0.0568579
1 3   0.0982214
2 1   0.0524801
2 2   0.0945335
2 3   0.055823
3 1   0.0664029
3 2   0.166423
3 3   0.0871301
4 1   0.0563985
4 2   0.0930316
4 3   0.163891
;

l [*,1,*]
:       1          2           3        :=
1   -0.692682   0.981554    0.397396
2    0.493343   1.00489     0.636133
3    0.701305   1.01146    -0.39226
4   -0.48439    0.988142   -0.632635

 [*,2,*]
:       1           2          3        :=
1    0.3238      0.674208   1.03203
2   -0.116551   -0.394953   1.21405
3    0.718573   -0.833718   0.665202
4    1.16025     0.234745   0.482312

 [*,3,*]
:       1           2           3        :=
1   -1.13542    -0.544685   -0.26876
2   -1.00419     0.623897   -0.403538
3   -0.248712    0.454348   -1.14959
4   -0.378742   -0.714504   -1.016
;

np :=
1 1    0.0753413
1 2    0.97202
1 3   -5.77292e-11
2 1    0.160354
2 2   -0.132896
2 3    0.8714
3 1   -0.250978
3 2   -0.175232
3 3   -0.67834
;

vp :=
1 1    0.00392137
1 2    0.996502
1 3    0.00206288
2 1    0.521695
2 2   -0.0795036
2 3    0.848326
3 1   -0.691817
3 2   -0.0457017
3 3   -0.709419
;

