solve_message = ' \
Ipopt 3.9.1: Optimal Solution Found'

Solve time:
_solve_time = 1.96561

Objective:
p :=
1 1    0.0093702
1 2    0.0231436
1 3   -0.0645657
2 1   -0.0351404
2 2   -0.00160055
2 3    0.00660825
3 1    0.0257621
3 2   -0.0215635
3 3    0.0579575
;

phi :=
1 1   0.132605
1 2   0.11858
1 3   0.217876
2 1   0.0471769
2 2   0.0665055
2 3   0.0655515
3 1   0.0174167
3 2   0.0262218
3 3   0.0418612
4 1   0.0759741
4 2   0.057941
4 3   0.16452
;

l [*,1,*]
:       1           2            3        :=
1   -0.535214    0.819619    -0.84777
2    0.676797    0.250442    -1.11076
3    0.249556   -0.657879    -1.12333
4   -0.963136   -0.0901477   -0.860354

 [*,2,*]
:       1           2            3        :=
1   -1.30017     0.0787021   -0.11029
2   -0.417174    0.673443    -1.03547
3   -0.109335   -0.171207    -1.29147
4   -0.99184    -0.767293    -0.366691

 [*,3,*]
:       1            2            3         :=
1    0.5905       0.0133066    1.15409
2   -0.0176223   -1.09183      0.686863
3    0.598867    -1.14737     -0.0110589
4    1.20797     -0.0423165    0.455052
;

np :=
1 1    0.0352851
1 2    0.0871497
1 3   -0.954159
2 1   -1.03482
2 2   -0.0471334
2 3    1.12255e-07
3 1    0.575708
3 2   -0.481881
3 3    0.448097
;

vp :=
1 1   -0.143482
1 2    0.0807351
1 3   -0.985449
2 1   -0.704981
2 2   -0.0468261
2 3   -0.700612
3 1    0.595172
3 2   -0.566612
3 3    0.571422
;

