solve_message = ' \
Ipopt 3.9.1: Optimal Solution Found'

Solve time:
_solve_time = 0.702004

Objective:
p :=
1 1    0.00296269
1 2   -0.00178047
1 3    0.0650258
2 1    0.0079895
2 2    0.0340919
2 3   -0.0121768
3 1   -0.0109522
3 2   -0.0323114
3 3   -0.0528489
;

phi :=
1 1   0.0523857
1 2   0.109411
1 3   0.102493
2 1   0.0548363
2 2   0.0681392
2 3   0.0745751
3 1   0.0627565
3 2   0.0749025
3 3   0.108052
4 1   0.060013
4 2   0.119886
4 3   0.148267
;

l [*,1,*]
:       1           2          3        :=
1   1.19564     -0.317915   0.347801
2   0.850472     0.733585   0.630768
3   0.0251101    0.296047   1.2536
4   0.368958    -0.75615    0.971622

 [*,2,*]
:        1           2           3        :=
1   -0.552205     1.13828     0.231097
2    0.414473     0.925259    0.791946
3    0.963856     0.832706   -0.188521
4   -0.00194686   1.04558    -0.750933

 [*,3,*]
:       1           2           3        :=
1    0.336393   -0.979468   -0.755747
2    0.145694   -1.23635     0.306282
3   -0.937672   -0.851395    0.205535
4   -0.748698   -0.593898   -0.856655
;

np :=
1 1    7.85307e-08
1 2   -4.71943e-08
1 3    1.00278
2 1    0.228881
2 2    0.976653
2 3   -8.0975e-06
3 1   -0.268447
3 2   -0.791978
3 3   -0.234887
;

vp :=
1 1    0.610181
1 2   -0.0115272
1 3    0.800835
2 1    0.205659
2 2    0.985543
2 3    0.0206734
3 1   -0.300995
3 2   -0.915176
3 3   -0.27557
;

