solve_message = ' \
Ipopt 3.9.1: Optimal Solution Found'

Solve time:
_solve_time = 0.795605

Objective:
p :=
1 1    0.0274796
1 2   -0.0174256
1 3    0.0583977
2 1    0.000170108
2 2    0.0347582
2 3   -0.000986813
3 1   -0.0276497
3 2   -0.0173328
3 3   -0.0574109
;

phi :=
1 1   0.0912793
1 2   0.103397
1 3   0.0748674
2 1   0.0883548
2 2   0.0907386
2 3   0.0866124
3 1   0.0788091
3 2   0.0815232
3 3   0.0886338
4 1   0.0808842
4 2   0.0926712
4 3   0.07882
;

l [*,1,*]
:      1           2           3         :=
1   0.161169   -1.14853     0.492202
2   0.987762   -0.789883   -0.0860537
3   1.09507     0.135896    0.642757
4   0.268651   -0.221282    1.22217

 [*,2,*]
:       1          2           3        :=
1   -0.237069   0.991947   -0.771557
2   -0.828193   0.963647    0.118825
3    0.163332   1.00281     0.778744
4    0.756034   1.03117    -0.110587

 [*,3,*]
:       1            2            3        :=
1   -1.18346     -0.439362     0.047465
2   -0.990309     0.0418145   -0.811004
3   -0.0263268   -0.70232     -1.01987
4   -0.21794     -1.18468     -0.161738
;

np :=
1 1    0.506937
1 2   -0.321462
1 3    0.472473
2 1    0.0046625
2 2    0.952699
2 3   -1.85847e-13
3 1   -0.519012
3 2   -0.325354
3 3   -0.41934
;

vp :=
1 1    0.627834
1 2   -0.506094
1 3    0.568001
2 1   -0.0362382
2 2    0.997404
2 3    0.00350146
3 1   -0.604585
3 2   -0.571329
3 3   -0.485946
;

