solve_message = ' \
Ipopt 3.9.1: Optimal Solution Found'

Solve time:
_solve_time = 0.639604

Objective:
p :=
1 1   -0.00102928
1 2   -0.000576568
1 3    0.0651799
2 1   -0.00316938
2 2   -0.0342035
2 3   -0.0510445
3 1    0.00419866
3 2    0.03478
3 3   -0.0141354
;

phi :=
1 1   0.0540766
1 2   0.0670734
1 3   0.0647908
2 1   0.0637603
2 2   0.0896078
2 3   0.109306
3 1   0.05974
3 2   0.152729
3 3   0.131418
4 1   0.0510184
4 2   0.113525
4 3   0.0786825
;

l [*,1,*]
:       1           2          3        :=
1    0.527215    0.796392   0.851354
2   -0.383544    0.359615   1.16726
3    0.100165   -0.735832   1.04891
4    1.01169    -0.3008     0.732808

 [*,2,*]
:       1           2           3        :=
1    0.284351   -1.16451     0.463468
2   -0.6766     -1.03166     0.360592
3   -0.507905   -0.779088   -0.882548
4    0.453315   -0.911534   -0.781651

 [*,3,*]
:       1          2           3        :=
1    0.7552     0.926069    0.467749
2    0.506736   0.952047   -0.694849
3   -0.536786   1.065      -0.470717
4   -0.289985   1.0392      0.692238
;

np :=
1 1   -4.10051e-11
1 2   -2.31495e-11
1 3    1.01954
2 1   -0.0809126
2 2   -0.873262
2 3   -0.184183
3 1    0.120632
3 2    0.999271
3 3   -2.3002e-05
;

vp :=
1 1    0.314246
1 2    0.0300175
1 3    0.949956
2 1   -0.111327
2 2   -0.971752
2 3   -0.209994
3 1    0.10889
3 2    0.99557
3 3   -0.000931301
;

