solve_message = ' \
Ipopt 3.9.1: Optimal Solution Found'

Solve time:
_solve_time = 0.374402

Objective:
p :=
1 1   -0.0310998
1 2   -0.00288987
1 3   -0.0621759
2 1    0.035022
2 2    8.75359e-05
2 3   -0.00311856
3 1   -0.00392215
3 2    0.00280233
3 3    0.0652944
;

phi :=
1 1   0.117614
1 2   0.0502061
1 3   0.0596951
2 1   0.0852843
2 2   0.0698463
2 3   0.0717205
3 1   0.120519
3 2   0.0751277
3 3   0.0650391
4 1   0.190645
4 2   0.0756424
4 3   0.0545214
;

l [*,1,*]
:       1           2             3         :=
1   -0.626104   -0.817759    -0.756357
2   -1.27769    -0.0691798   -0.00872019
3   -0.916361    0.739584    -0.504325
4   -0.264196   -0.0077073   -1.25275

 [*,2,*]
:      1           2          3        :=
1   0.166715    0.213117   1.25236
2   0.54       -0.757418   0.880996
3   1.25427    -0.207097   0.157589
4   0.88212     0.764315   0.527796

 [*,3,*]
:       1           2          3        :=
1    1.23789     0.173822   0.44089
2    0.428064    0.791114   0.952742
3   -0.116006   -0.169872   1.30434
4    0.69295    -0.788694   0.793047
;

np :=
1 1   -0.448777
1 2   -0.0417015
1 3   -0.732757
2 1    1.00442
2 2    0.00251051
2 3   -5.85172e-10
3 1   -7.64798e-07
3 2    5.4644e-07
3 3    1.03214
;

vp :=
1 1   -0.770829
1 2   -0.0390636
1 3   -0.630836
2 1    0.710627
2 2    0.00361648
2 3    0.704832
3 1    0.561046
3 2    0.00134635
3 3    0.872551
;

