solve_message = ' \
Ipopt 3.9.1: Optimal Solution Found'

Solve time:
_solve_time = 0.577204

Objective:
p :=
1 1   -0.0178175
1 2   -0.0276896
1 3   -0.0555109
2 1   -0.0161338
2 2    0.0212939
2 3    0.0644126
3 1    0.0339515
3 2    0.00639548
3 3   -0.0089017
;

phi :=
1 1   0.00676924
1 2   0.00834773
1 3   0.00778969
2 1   0.0817934
2 2   0.0156304
2 3   0.0323341
3 1   0.311718
3 2   0.143183
3 3   0.188515
4 1   0.0466602
4 2   0.105851
4 3   0.0810536
;

l [*,1,*]
:       1           2           3        :=
1   -0.449563   -1.02871     0.467743
2   -1.08652    -0.657526   -0.179585
3   -0.192864   -0.63937    -1.06578
4    0.445518   -1.01052    -0.419868

 [*,2,*]
:       1           2          3        :=
1   -0.302299   -0.75618    0.98075
2    0.457037   -0.157213   1.18373
3   -0.267423    0.85001    0.923258
4   -1.02791     0.252647   0.719865

 [*,3,*]
:      1           2          3        :=
1   0.341261   -0.518488   1.11211
2   1.03666    -0.62529    0.400281
3   1.0906      0.622408   0.264039
4   0.395291    0.731197   0.975655
;

np :=
1 1   -0.352915
1 2   -0.548455
1 3   -0.331323
2 1   -0.0911715
2 2    0.120331
2 3    0.938426
3 1    0.897358
3 2    0.169036
3 3   -9.03477e-07
;

vp :=
1 1   -0.320604
1 2   -0.834178
1 3   -0.299116
2 1   -0.285453
2 2    0.0470775
2 3    0.951819
3 1    0.715674
3 2    0.0524997
3 3    0.688306
;

