solve_message = ' \
Ipopt 3.9.1: Optimal Solution Found'

Solve time:
_solve_time = 2.32441

Objective:
p :=
1 1   -0.0125924
1 2   -0.0156093
1 3    0.0655683
2 1    0.012278
2 2   -0.0198919
2 3   -0.0649234
3 1    0.000313541
3 2    0.0355007
3 3   -0.000644869
;

phi :=
1 1   0.197633
1 2   0.0863377
1 3   0.0542893
2 1   0.052445
2 2   0.0728028
2 3   0.0749985
3 1   0.0156439
3 2   0.111208
3 3   0.0653167
4 1   0.137226
4 2   0.124888
4 3   0.0437584
;

l [*,1,*]
:       1            2          3        :=
1    0.926654    -0.669904   0.658321
2    1.02014      0.563816   0.606295
3    0.0486009    0.661366   1.148
4   -0.0464332   -0.572199   1.20089

 [*,2,*]
:       1            2           3        :=
1   -1.26365      0.135118   -0.214786
2   -0.952211     0.703663   -0.524453
3   -0.0135988   -0.215121   -1.26194
4   -0.323541    -0.785129   -0.953448

 [*,3,*]
:       1           2          3         :=
1    0.7942      1.01042    0.074761
2    0.0249007   1.07737   -0.771195
3   -0.86404     1.08144    0.0372894
4   -0.0961568   1.0145     0.884533
;

np :=
1 1   -0.0126457
1 2   -0.0157173
1 3    1.06283
2 1    0.0310515
2 2   -0.0503772
2 3   -0.991781
3 1    0.00975759
3 2    1.1048
3 3   -9.46038e-15
;

vp :=
1 1    0.487203
1 2   -0.00472193
1 3    0.903395
2 1   -0.638373
2 2   -0.0405942
2 3   -0.738533
3 1   -0.0349678
3 2    1.04591
3 3    0.0566845
;

