solve_message = ' \
Ipopt 3.9.1: Optimal Solution Found'

Solve time:
_solve_time = 0.670804

Objective:
p :=
1 1    0.00976859
1 2   -0.0336407
1 3   -0.0175878
2 1    0.00659567
2 2    0.0340493
2 3   -0.0475185
3 1   -0.016364
3 2   -0.000408582
3 3    0.0651062
;

phi :=
1 1   0.0800574
1 2   0.142567
1 3   0.0490322
2 1   0.051914
2 2   0.161849
2 3   0.0703964
3 1   0.105156
3 2   0.0646971
3 3   0.0537859
4 1   0.161454
4 2   0.0581029
4 3   0.0355575
;

l [*,1,*]
:       1           2           3        :=
1    0.898378   -0.83273    -0.377117
2    0.592655   -0.882386    0.716296
3   -0.465195   -1.12346     0.410303
4   -0.161158   -1.07419    -0.683597

 [*,2,*]
:       1           2           3        :=
1    0.188       0.880931   -0.912966
2   -0.69331     1.01756    -0.356983
3   -0.0399828   1.09961     0.658893
4    0.842367    0.96311     0.104529

 [*,3,*]
:       1           2          3        :=
1    0.288314    0.781429   0.978779
2   -0.544266   -0.147088   1.14859
3    0.168784   -0.823138   0.968395
4    1.0025      0.104303   0.798292
;

np :=
1 1    0.280554
1 2   -0.966161
1 3   -0.000106189
2 1    0.178404
2 2    0.920993
2 3   -0.111595
3 1   -0.00489222
3 2   -0.000122271
3 3    1.0115
;

vp :=
1 1    0.216291
1 2   -0.978171
1 3    0.0160353
2 1    0.0746201
2 2    0.990249
2 3   -0.126853
3 1    0.229165
3 2   -0.0207537
3 3    0.973447
;

