solve_message = ' \
Ipopt 3.9.1: Optimal Solution Found'

Solve time:
_solve_time = 1.68481

Objective:
p :=
1 1   -0.00713362
1 2   -0.0306741
1 3   -0.0605897
2 1    0.0130373
2 2   -0.00376995
2 3    0.0650834
3 1   -0.00590368
3 2    0.034444
3 3   -0.00449374
;

phi :=
1 1   0.129893
1 2   0.0286417
1 3   0.0364396
2 1   0.147302
2 2   0.103467
2 3   0.0693913
3 1   0.060146
3 2   0.121236
3 3   0.169052
4 1   0.0509547
4 2   0.0336648
4 3   0.0839617
;

l [*,1,*]
:       1           2            3        :=
1    0.103482   -1.22171     -0.389352
2   -0.99459    -0.636094    -0.496545
3   -0.580579    0.0257594   -1.13668
4    0.518152   -0.558804    -1.03051

 [*,2,*]
:      1           2           3        :=
1   1.06764     0.671606   -0.249799
2   0.877638    0.22142     0.91098
3   0.909834   -0.711783    0.556169
4   1.09989    -0.263082   -0.605174

 [*,3,*]
:       1          2           3        :=
1    0.325825   1.0579     -0.608546
2   -0.67572    0.885174   -0.590816
3   -0.656996   0.885564    0.647714
4    0.344578   1.05829     0.631957
;

np :=
1 1   -0.108166
1 2   -0.465106
1 3   -0.611502
2 1    0.00126608
2 2   -0.000366109
2 3    1.00902
3 1   -0.16713
3 2    0.975094
3 3   -7.54853e-09
;

vp :=
1 1   -0.237946
1 2   -0.597946
1 3   -0.76323
2 1    0.988825
2 2   -0.0202805
2 3    0.152581
3 1   -0.165179
3 2    0.9718
3 3    0.0200705
;

