solve_message = ' \
Ipopt 3.9.1: Optimal Solution Found'

Solve time:
_solve_time = 1.20121

Objective:
p :=
1 1   -0.0166296
1 2    0.000878638
1 3    0.064707
2 1    0.0113831
2 2   -0.0335494
2 3   -0.00722058
3 1    0.00525363
3 2    0.0326695
3 3   -0.0574864
;

phi :=
1 1   0.0501357
1 2   0.104941
1 3   0.134537
2 1   0.0584866
2 2   0.0626666
2 3   0.0933512
3 1   0.08858
3 2   0.0696567
3 3   0.0830104
4 1   0.0779165
4 2   0.10007
4 3   0.112659
;

l [*,1,*]
:       1           2          3        :=
1    0.726723   -0.481439   0.863793
2    0.522905    0.561307   1.02602
3   -0.61594     0.337992   1.0516
4   -0.413936   -0.70511    0.889415

 [*,2,*]
:       1           2           3         :=
1    0.263293   -0.981713   -0.768162
2    1.03354    -0.769053   -0.0289751
3    0.254825   -0.930995    0.830839
4   -0.516664   -1.14391     0.0930211

 [*,3,*]
:       1           2           3        :=
1   -0.771509    0.89063    -0.496254
2    0.062904    1.27902     0.10852
3    0.821787    0.777667   -0.615224
4   -0.0114172   0.38848    -1.22115
;

np :=
1 1   -0.00550486
1 2    0.000289948
1 3    0.96887
2 1    0.349828
2 2   -1.03105
2 3   -2.08742e-07
3 1    0.107178
3 2    0.666484
3 3   -0.423218
;

vp :=
1 1    0.055019
1 2   -0.0722281
1 3    0.95764
2 1    0.258442
2 2   -0.956503
2 3    0.0313864
3 1    0.025109
3 2    0.833794
3 3   -0.556268
;

