solve_message = ' \
Ipopt 3.9.1: Optimal Solution Found'

Solve time:
_solve_time = 0.499203

Objective:
p :=
1 1   -0.00496399
1 2    0.0346768
1 3   -0.0286593
2 1    0.00363756
2 2    0.000590796
2 3    0.0654026
3 1    0.00132673
3 2   -0.0352695
3 3   -0.0367191
;

phi :=
1 1   0.096601
1 2   0.0594087
1 3   0.0708071
2 1   0.153427
2 2   0.0576205
2 3   0.162926
3 1   0.104064
3 2   0.0502276
3 3   0.120198
4 1   0.0660843
4 2   0.0504979
4 3   0.042742
;

l [*,1,*]
:       1          2           3        :=
1    0.424574   1.06525    -0.575932
2   -0.632647   0.91025    -0.645008
3   -0.71331    0.916454    0.546229
4    0.343782   1.07147     0.617203

 [*,2,*]
:      1          2          3        :=
1   0.34438    0.592281   1.1017
2   0.31553   -0.549067   1.13232
3   1.10603   -0.591583   0.328432
4   1.13614    0.549697   0.296528

 [*,3,*]
:       1           2           3        :=
1   -0.437225   -1.05844     0.591398
2   -0.666978   -1.06983    -0.426242
3    0.57211    -0.994538   -0.703546
4    0.803836   -0.983026    0.313652
;

np :=
1 1   -0.142568
1 2    0.995931
1 3   -0.00323896
2 1    1.41616e-07
2 2    2.30006e-08
2 3    1.04418
3 1    0.0398609
3 2   -1.05966
3 3   -0.0183591
;

vp :=
1 1   -0.143979
1 2    0.990918
1 3   -0.0143489
2 1    0.725531
2 2    0.000786927
2 3    0.714732
3 1    0.0680278
3 2   -1.02645
3 3   -0.0557791
;

