solve_message = ' \
Ipopt 3.9.1: Optimal Solution Found'

Solve time:
_solve_time = 1.34161

Objective:
p :=
1 1   -0.0185111
1 2    0.000344335
1 3    0.0649682
2 1    0.0120556
2 2   -0.0328056
2 3   -0.0078724
3 1    0.00645576
3 2    0.0324613
3 3   -0.0570958
;

phi :=
1 1   0.0471573
1 2   0.0913079
1 3   0.115408
2 1   0.0702466
2 2   0.121006
2 3   0.0693908
3 1   0.0901087
3 2   0.0774038
3 3   0.0883078
4 1   0.062004
4 2   0.0573351
4 3   0.146191
;

l [*,1,*]
:       1           2          3        :=
1    0.790617    0.178308   0.993606
2   -0.125739    0.798257   0.99482
3   -0.774883   -0.159388   1.01132
4    0.140439   -0.780861   1.01013

 [*,2,*]
:       1           2           3        :=
1   -0.319679   -1.10976     0.545175
2   -0.177349   -1.12022    -0.583363
3    0.891326   -0.797686   -0.452501
4    0.750698   -0.786714    0.676246

 [*,3,*]
:       1          2           3         :=
1   -0.628658   1.09169    -0.205785
2    0.535602   1.16059     0.0791985
3    0.783692   0.623292   -0.799663
4   -0.380174   0.553544   -1.08605
;

np :=
1 1   -0.0115864
1 2    0.000215544
1 3    0.99658
2 1    0.341537
2 2   -0.929388
2 3   -3.82201e-07
3 1    0.131879
3 2    0.663135
3 3   -0.403493
;

vp :=
1 1    0.0079736
1 2    0.00883179
1 3    1.00247
2 1    0.286193
2 2   -0.953591
2 3    0.0468389
3 1    0.0771517
3 2    0.857251
3 3   -0.503188
;

