solve_message = ' \
Ipopt 3.9.1: Optimal Solution Found'

Solve time:
_solve_time = 0.936006

Objective:
p :=
1 1   -0.0171385
1 2   -0.0198993
1 3    0.0646567
2 1   -0.00930241
2 2    0.0341139
2 3   -0.00384011
3 1    0.0264424
3 2   -0.0142126
3 3   -0.0608166
;

phi :=
1 1   0
1 2   0.09215
1 3   0.0829596
2 1   0
2 2   0.413923
2 3   0
3 1   0.186611
3 2   0
3 3   0
4 1   0.164216
4 2   0
4 3   0.155615
;

l [*,1,*]
:      1           2           3         :=
1   1.04832     0.729997    0.0609033
2   0.746211    0.257434    1.00832
3   0.85624    -0.792155    0.521289
4   1.15852    -0.321264   -0.426903

 [*,2,*]
:       1           2           3        :=
1   -0.324465    1.00475    -0.77401
2   -0.992753    0.836648   -0.114092
3   -0.0969905   0.974623    0.825176
4    0.572725    1.14295     0.166755

 [*,3,*]
:      1           2           3         :=
1   1.18399    -0.435841   -0.0233955
2   1.08847     0.612677    0.180187
3   0.429229    0.367321    1.13197
4   0.523704   -0.681589    0.929906
;

np :=
1 1   -0.0873954
1 2   -0.101473
1 3    0.963607
2 1   -0.282586
2 2    1.0363
2 3   -2.51197e-09
3 1    0.300809
3 2   -0.161683
3 3   -0.627711
;

vp :=
1 1    0.952442
1 2   -0.0313091
1 3    0.290525
2 1   -0.210104
2 2    0.989811
2 3    0.0256946
3 1    0.806385
3 2   -0.0347758
3 3    0.554586
;

