solve_message = ' \
Ipopt 3.9.1: Optimal Solution Found'

Solve time:
_solve_time = 0.421203

Objective:
p :=
1 1   -0.0127923
1 2   -0.0183781
1 3    0.0649344
2 1   -0.00911074
2 2    0.0337536
2 3   -0.00153478
3 1    0.0219032
3 2   -0.0153755
3 3   -0.0633996
;

phi :=
1 1   0.0142841
1 2   0.0473456
1 3   0.221278
2 1   0.0681749
2 2   0.143074
2 3   0.0363567
3 1   0.174435
3 2   0.0707821
3 3   0.0673542
4 1   0.0705137
4 2   0.011069
4 3   0.108499
;

l [*,1,*]
:       1           2           3        :=
1   -0.451351    0.47475    1.10091
2   -1.16449     0.515985   0.129584
3   -1.15851    -0.538522   0.0780236
4   -0.445365   -0.581436   1.04926

 [*,2,*]
:       1          2           3        :=
1    0.513446   1.16406    -0.156045
2   -0.374599   0.921098   -0.813401
3   -1.01686    0.776378    0.109691
4   -0.129839   1.01911     0.768517

 [*,3,*]
:      1           2           3         :=
1   1.11041    -0.510447   -0.413718
2   1.05498     0.735909    0.0458032
3   0.790289    0.428065    0.880971
4   0.845302   -0.818781    0.42278
;

np :=
1 1   -0.0250565
1 2   -0.0360007
1 3    0.992958
2 1   -0.258598
2 2    0.95806
2 3   -4.09023e-12
3 1    0.125027
3 2   -0.0877688
3 3   -0.839873
;

vp :=
1 1   -0.804644
1 2   -0.0323225
1 3    0.589831
2 1   -0.25161
2 2    0.970258
2 3   -0.0225474
3 1    0.950268
3 2   -0.0418102
3 3    0.233776
;

