solve_message = ' \
Ipopt 3.9.1: Optimal Solution Found'

Solve time:
_solve_time = 0.780005

Objective:
p :=
1 1   -0.0305648
1 2   -0.0126803
1 3   -0.0575622
2 1   -0.00448693
2 2    0.0132965
2 3    0.0650585
3 1    0.0350518
3 2   -0.000616268
3 3   -0.00749637
;

phi :=
1 1   0.125256
1 2   0.0695243
1 3   0.142826
2 1   0.0475913
2 2   0.0587267
2 3   0.167419
3 1   0.0630185
3 2   0.0314421
3 3   0.0644552
4 1   0.16996
4 2   0.0374233
4 3   0.0565852
;

l [*,1,*]
:       1            2           3        :=
1   -0.0402826   -0.682665   -1.07272
2   -0.785325    -0.995839   -0.103004
3   -1.26102     -0.1285     -0.188784
4   -0.516739     0.186054   -1.15863

 [*,2,*]
:       1           2           3         :=
1   -0.674217    0.785742    0.755482
2   -1.24061     0.32166    -0.0037388
3   -0.937882   -0.762013    0.432088
4   -0.371002   -0.299657    1.192

 [*,3,*]
:      1           2          3        :=
1   1.2385     -0.287487   0.174141
2   0.858675    0.77271    0.560102
3   0.185097    0.285926   1.23773
4   0.563853   -0.775046   0.852846
;

np :=
1 1   -0.623715
1 2   -0.258759
1 3   -0.427135
2 1   -0.000532596
2 2    0.00157832
2 3    1.00632
3 1    1.01134
3 2   -0.017781
3 3   -2.71371e-07
;

vp :=
1 1   -0.650546
1 2   -0.405112
1 3   -0.631171
2 1   -0.805703
2 2    0.0116175
2 3    0.594261
3 1    0.711683
3 2   -0.0013969
3 3    0.706051
;

