solve_message = ' \
Ipopt 3.9.1: Optimal Solution Found'

Solve time:
_solve_time = 0.452403

Objective:
p :=
1 1    0.00341594
1 2    0.00547803
1 3    0.0650788
2 1   -0.000686031
2 2    0.0291315
2 3   -0.0628915
3 1   -0.00272991
3 2   -0.0346095
3 3   -0.00218735
;

phi :=
1 1   0.123477
1 2   0.105901
1 3   0.0644614
2 1   0.110448
2 2   0.0887196
2 3   0.0574958
3 1   0.0656998
3 2   0.105905
3 3   0.0507196
4 1   0.0760953
4 2   0.12947
4 3   0.0582758
;

l [*,1,*]
:       1           2          3        :=
1    0.558989    0.562151   1.00561
2   -0.558489    0.562623   1.00551
3   -0.55987    -0.582341   0.990983
4    0.557606   -0.584637   0.991065

 [*,2,*]
:       1           2            3        :=
1    0.613335   -0.0354259   -1.1296
2   -0.548989   -0.246822    -1.13572
3   -0.732805    0.738482    -0.736284
4    0.429226    0.951447    -0.729531

 [*,3,*]
:       1           2           3        :=
1    0.468147   -0.989087    0.6763
2   -0.643594   -0.91513     0.596786
3   -0.616942   -1.01774    -0.598218
4    0.494842   -1.09186    -0.520607
;

np :=
1 1    3.8436e-06
1 2    6.16387e-06
1 3    1.00852
2 1   -0.00652774
2 2    0.277192
2 3   -0.79387
3 1   -0.0742889
3 2   -0.941827
3 3   -4.8869e-11
;

vp :=
1 1    4.16496e-06
1 2   -0.0105514
1 3    0.998292
2 1   -0.0593451
2 2    0.352005
2 3   -0.93278
3 1   -0.0739437
3 2   -1.00348
3 3    0.0385964
;

