solve_message = ' \
Ipopt 3.9.1: Optimal Solution Found'

Solve time:
_solve_time = 1.41961

Objective:
p :=
1 1    0.00673067
1 2    0.0322422
1 3   -0.0573052
2 1   -0.0164362
2 2    0.00139768
2 3    0.0644549
3 1    0.00970567
3 2   -0.0336399
3 3   -0.00714972
;

phi :=
1 1   0.173135
1 2   0.0286355
1 3   0.050765
2 1   0.0656737
2 2   0.0657568
2 3   0.14851
3 1   0.0501092
3 2   0.102997
3 3   0.125313
4 1   0.130903
4 2   0.0496958
4 3   0.0427302
;

l [*,1,*]
:       1          2           3         :=
1   -0.599593   1.09535    -0.278754
2    0.603977   1.1241      0.0619041
3    0.849165   0.587092   -0.751534
4   -0.354014   0.557487   -1.09349

 [*,2,*]
:       1           2           3        :=
1   1.25608      0.0818925   0.236867
2   0.606561     0.809818    0.788596
3   0.0517853   -0.058231    1.2827
4   0.700425    -0.787539    0.731758

 [*,3,*]
:       1           2           3        :=
1    0.785502   -0.853279    0.53161
2   -0.440482   -1.1161      0.413262
3   -0.35475    -1.06953    -0.572026
4    0.87137    -0.806635   -0.455247
;

np :=
1 1    0.13357
1 2    0.639845
1 3   -0.413966
2 1   -0.00514577
2 2    0.000437503
2 3    0.942755
3 1    0.27788
3 2   -0.963133
3 3   -1.94818e-07
;

vp :=
1 1    0.124404
1 2    0.840995
1 3   -0.515604
2 1    0.653973
2 2    0.0111948
2 3    0.759761
3 1    0.215899
3 2   -0.961283
3 3   -0.0205535
;

