solve_message = ' \
Ipopt 3.9.1: Optimal Solution Found'

Solve time:
_solve_time = 0.561604

Objective:
p :=
1 1   -0.0182278
1 2    0.02883
1 3   -0.0469135
2 1    0.03445
2 2    0.00101411
2 3   -0.00162334
3 1   -0.01621
3 2   -0.029844
3 3    0.0485369
;

phi :=
1 1   0.111985
1 2   0.0548738
1 3   0.0896815
2 1   0.0553416
2 2   0.0819114
2 3   0.0539948
3 1   0.0805511
3 2   0.0946212
3 3   0.0718339
4 1   0.144221
4 2   0.0675691
4 3   0.130319
;

l [*,1,*]
:       1          2           3         :=
1   -1.11792    0.625395   -0.225151
2   -0.531228   0.868411    0.676489
3    0.370018   1.09212     0.0134298
4   -0.215238   0.84946    -0.889266

 [*,2,*]
:      1           2          3        :=
1   0.220146   -0.396844   1.2121
2   0.921348   -0.807198   0.422867
3   1.26594     0.252146   0.176403
4   0.565286    0.664187   0.965243

 [*,3,*]
:       1           2           3        :=
1    0.422263   -1.07317    -0.250398
2   -0.170874   -0.862577    0.781909
3   -1.04877    -0.697822    0.243413
4   -0.457027   -0.908155   -0.789751
;

np :=
1 1   -0.446121
1 2    0.705566
1 3   -0.102
2 1    0.897368
2 2    0.0264173
2 3    1.1453e-12
3 1   -0.38661
3 2   -0.711786
3 3    0.129429
;

vp :=
1 1   -0.373825
1 2    0.858749
1 3   -0.106484
2 1    0.742901
2 2   -0.0717635
2 3    0.694468
3 1   -0.313365
3 2   -0.885515
3 3   -0.00411813
;

