solve_message = ' \
Ipopt 3.9.1: Optimal Solution Found'

Solve time:
_solve_time = 0.873606

Objective:
p :=
1 1   -0.0185044
1 2    0.0127597
1 3    0.064178
2 1    0.0344418
2 2   -0.00181931
2 3    0.00129999
3 1   -0.0159374
3 2   -0.0109404
3 3   -0.065478
;

phi :=
1 1   0.0966289
1 2   0.0701498
1 3   0.0943944
2 1   0.0757173
2 2   0.0646534
2 3   0.113562
3 1   0.0668855
3 2   0.0669015
3 3   0.125463
4 1   0.0849866
4 2   0.0725972
4 3   0.104006
;

l [*,1,*]
:       1           2           3        :=
1   -1.19744    -0.0191592   0.454638
2   -0.401987   -0.746103    0.957249
3    0.179842    0.101221    1.26491
4   -0.61468     0.829514    0.762792

 [*,2,*]
:      1           2           3        :=
1   0.774984    0.805208   0.623525
2   0.222513   -0.116728   1.25083
3   0.720088   -0.799938   0.695327
4   1.27335     0.12091    0.0671426

 [*,3,*]
:       1           2           3        :=
1    0.762185   -0.348068   -0.977951
2   -0.240977   -0.819516   -0.964632
3   -0.733636    0.224624   -1.02377
4    0.268741    0.697736   -1.03718
;

np :=
1 1   -0.0370889
1 2    0.0255746
1 3    0.914767
2 1    0.901067
2 2   -0.0475969
2 3    1.27994e-12
3 1   -0.0129267
3 2   -0.00887363
3 3   -1.05263
;

vp :=
1 1   -0.508882
1 2    0.0416581
1 3    0.859698
2 1    0.747955
2 2    0.0027299
2 3    0.658955
3 1    0.0144777
3 2   -0.0611178
3 3   -1.00089
;

