solve_message = ' \
Ipopt 3.9.1: Optimal Solution Found'

Solve time:
_solve_time = 0.686404

Objective:
p :=
1 1    0.00740406
1 2    0.0318797
1 3   -0.0583347
2 1   -0.0175183
2 2    0.00181476
2 3    0.0644182
3 1    0.0101338
3 2   -0.0336962
3 3   -0.0060836
;

phi :=
1 1   0.10578
1 2   0.0813928
1 3   0.0677071
2 1   0.121199
2 2   0.0641701
2 3   0.0799212
3 1   0.0976048
3 2   0.0704222
3 3   0.0926768
4 1   0.0854095
4 2   0.0910994
4 3   0.0794018
;

l [*,1,*]
:       1          2            3         :=
1    0.251342   0.321846   -1.21575
2   -0.697839   0.636595   -0.863393
3   -0.165197   1.27071     0.00738189
4    0.784833   0.956975   -0.343591

 [*,2,*]
:       1           2          3        :=
1   -0.592952   -0.65496    0.86075
2    0.453325   -0.702052   0.908736
3    0.497678    0.488293   1.1205
4   -0.548528    0.537281   1.07285

 [*,3,*]
:       1           2           3        :=
1    0.837358   -0.864539    0.372305
2   -0.167396   -1.10522     0.596962
3   -0.446292   -1.0013     -0.559553
4    0.558018   -0.760454   -0.786052
;

np :=
1 1    0.141425
1 2    0.608933
1 3   -0.468914
2 1   -0.0080891
2 2    0.000838693
2 3    0.939007
3 1    0.298946
3 2   -0.994031
3 3   -6.29117e-08
;

vp :=
1 1    0.0436633
1 2    0.796407
1 3   -0.603979
2 1   -0.0480362
2 2   -0.0828403
2 3    0.99069
3 1    0.195822
3 2   -0.932783
3 3   -0.0941747
;

