solve_message = ' \
Ipopt 3.9.1: Optimal Solution Found'

Solve time:
_solve_time = 0.546003

Objective:
p :=
1 1   -0.00104393
1 2    0.0350114
1 3    0.00932884
2 1    0.0107768
2 2   -0.0319433
2 3    0.0550658
3 1   -0.00973289
3 2   -0.00306806
3 3   -0.0643947
;

phi :=
1 1   0.0785401
1 2   0.0685464
1 3   0.0727714
2 1   0.061152
2 2   0.0906149
2 3   0.077047
3 1   0.0989543
3 2   0.146399
3 3   0.0540025
4 1   0.126041
4 2   0.111246
4 3   0.0506211
;

l [*,1,*]
:       1          2           3        :=
1    0.716494   1.02143     0.293694
2    0.352569   1.01548    -0.699018
3   -0.777453   0.979038   -0.284933
4   -0.415328   0.984937    0.708438

 [*,2,*]
:       1            2           3        :=
1    0.657661    -1.05616    -0.312438
2    0.973938    -0.533481    0.641263
3   -0.0576841   -0.697489    1.07451
4   -0.375604    -1.22043     0.121501

 [*,3,*]
:       1           2           3        :=
1   -0.272794   -0.740987   -1.01536
2   -0.763451    0.272573   -0.995945
3    0.260781    0.7691     -0.994666
4    0.753069   -0.243669   -1.01408
;

np :=
1 1   -0.0299647
1 2    1.00495
1 3    1.2543e-06
2 1    0.24589
2 2   -0.728837
2 3    0.31317
3 1   -0.000170862
3 2   -5.386e-05
3 3   -0.936602
;

vp :=
1 1   -0.0307848
1 2    1.00022
1 3    0.00494125
2 1    0.299451
2 2   -0.877098
2 3    0.380829
3 1   -0.00540276
3 2    0.0138506
3 3   -1.00502
;

