solve_message = ' \
Ipopt 3.9.1: Optimal Solution Found'

Solve time:
_solve_time = 0.561604

Objective:
p :=
1 1    0.00307073
1 2   -0.0347717
1 3   -0.041001
2 1    0.00299232
2 2    0.000280887
2 3    0.0643987
3 1   -0.0060877
3 2    0.0344981
3 3   -0.0233978
;

phi :=
1 1   0.0631425
1 2   0.0499075
1 3   0.159913
2 1   0.0731533
2 2   0.0492058
2 3   0.0964098
3 1   0.145138
3 2   0.0526022
3 3   0.0627419
4 1   0.125907
4 2   0.053323
4 3   0.103899
;

l [*,1,*]
:       1           2           3        :=
1    0.632878   -0.980431    0.532459
2   -0.438978   -1.06499     0.563596
3   -0.478067   -1.01446    -0.62143
4    0.593728   -0.929821   -0.654454

 [*,2,*]
:       1            2          3        :=
1    0.724206     0.69722    0.8071
2   -0.212427     0.425046   1.19598
3    0.0619829   -0.743682   1.03532
4    0.999052    -0.473368   0.646181

 [*,3,*]
:       1           2           3        :=
1   -0.362312    0.944448   -0.788024
2   -0.932158    0.83673     0.262895
3   -0.0220991   1.01943     0.776776
4    0.549197    1.12744    -0.273325
;

np :=
1 1    0.086346
1 2   -0.977746
1 3   -0.0397347
2 1    2.47297e-08
2 2    3.13953e-09
2 3    0.93701
3 1   -0.174864
3 2    0.990932
3 3   -0.000783124
;

vp :=
1 1    0.0778172
1 2   -0.997393
1 3   -0.0449701
2 1    0.393577
2 2   -0.0235879
2 3    0.920991
3 1   -0.191616
3 2    0.982055
3 3   -0.0058382
;

