solve_message = ' \
Ipopt 3.9.1: Optimal Solution Found'

Solve time:
_solve_time = 0.436803

Objective:
p :=
1 1   -0.0178545
1 2   -0.02862
1 3   -0.0509391
2 1   -0.0158598
2 2    0.0213832
2 3    0.0642472
3 1    0.0337153
3 2    0.00723597
3 3   -0.013308
;

phi :=
1 1   0.0144637
1 2   0.104479
1 3   0.189614
2 1   0.0424548
2 2   0.163
2 3   0.0244622
3 1   0.187385
3 2   0.0202333
3 3   0.0281795
4 1   0.0691079
4 2   0.0125852
4 3   0.175967
;

l [*,1,*]
:       1           2           3         :=
1   -0.293961   -0.893684    0.729138
2   -1.10816    -0.643497   -0.215935
3   -0.429073   -0.840751   -0.864668
4    0.386212   -1.09125     0.0793711

 [*,2,*]
:       1           2           3        :=
1   -0.818848    0.827671    0.487358
2   -1.19804     0.293739   -0.271323
3   -0.93852    -0.761964    0.342398
4   -0.558914   -0.229714    1.10206

 [*,3,*]
:      1           2            3        :=
1   0.827499    0.835036    0.454944
2   0.182298    0.0871703   1.21388
3   0.616654   -0.712541    0.797593
4   1.26255     0.0340513   0.0379906
;

np :=
1 1   -0.408858
1 2   -0.655378
1 3   -0.181537
2 1   -0.0877703
2 2    0.118337
2 3    0.921688
3 1    0.881009
3 2    0.189082
3 3   -1.50795e-05
;

vp :=
1 1   -0.360922
1 2   -0.867396
1 3   -0.0676471
2 1   -0.878429
2 2    0.0326456
2 3    0.415425
3 1    0.722507
3 2    0.061227
3 3    0.6258
;

