solve_message = ' \
Ipopt 3.9.1: Optimal Solution Found'

Solve time:
_solve_time = 1.74721

Objective:
p :=
1 1    0.0340175
1 2   -0.00639506
1 3   -0.00945154
2 1   -0.0188149
2 2    0.0280086
2 3   -0.0542134
3 1   -0.0152026
3 2   -0.0216135
3 3    0.0636649
;

phi :=
1 1   0.0127019
1 2   0.106436
1 3   0.006146
2 1   0.0117718
2 2   0.193537
2 3   0.161606
3 1   0.178041
3 2   0.0527809
3 3   0.135173
4 1   0.16133
4 2   0.0178841
4 3   0
;

l [*,1,*]
:      1            2             3         :=
1   0.699587    0.738383      0.731026
2   0.248846    0.00153385    1.26157
3   0.782074   -0.849076      0.530094
4   1.23366    -0.113582     -0.00161978

 [*,2,*]
:        1           2           3        :=
1    0.213133     1.12683     0.147936
2    0.00551289   0.903569   -0.883899
3   -1.03601      0.52427    -0.524449
4   -0.830047     0.74693     0.507958

 [*,3,*]
:       1           2           3         :=
1   -0.886073    0.792734    0.430572
2   -1.24555    -0.31114    -0.0770912
3   -0.774775   -0.814103    0.679671
4   -0.414548    0.28897     1.18854
;

np :=
1 1    0.909274
1 2   -0.170937
1 3   -1.37424e-06
2 1   -0.431524
2 2    0.642384
2 3   -0.280771
3 1   -0.0804431
3 2   -0.114366
3 3    0.864787
;

vp :=
1 1    0.741222
1 2   -0.0553921
1 3    0.630057
2 1   -0.41177
2 2    0.825489
2 3   -0.187702
3 1   -0.830093
3 2   -0.0104449
3 3    0.555626
;

