solve_message = ' \
Ipopt 3.9.1: Optimal Solution Found'

Solve time:
_solve_time = 0.780005

Objective:
p :=
1 1    0.015618
1 2    0.000602741
1 3   -0.0651432
2 1   -0.00607665
2 2   -0.0340543
2 3    0.0501043
3 1   -0.00954786
3 2    0.0334519
3 3    0.0150389
;

phi :=
1 1   0.0828604
1 2   0.154265
1 3   0.0584137
2 1   0.0507149
2 2   0.154132
2 3   0.0721221
3 1   0.0340529
3 2   0.0576722
3 3   0.1297
4 1   0.0649732
4 2   0.0653668
4 3   0.108815
;

l [*,1,*]
:       1           2            3        :=
1    0.685342    0.0692112   -1.03435
2    0.131552   -0.642086    -1.10561
3   -0.88422     0.105896    -0.864408
4   -0.332048    0.818385    -0.792765

 [*,2,*]
:       1           2            3         :=
1    0.665512   -0.965497    0.462379
2   -0.250035   -0.770278    0.991088
3   -0.866628   -0.964572   -0.00399579
4    0.047937   -1.1601     -0.53429

 [*,3,*]
:       1           2           3        :=
1   -0.373286    0.851523   -0.853717
2   -0.985296    0.826961    0.158849
3   -0.0916278   1.04116     0.706901
4    0.521805    1.06607    -0.304793
;

np :=
1 1    0.00353618
1 2    0.000136659
1 3   -1.01552
2 1   -0.16183
2 2   -0.906914
2 3    0.161709
3 1   -0.263022
3 2    0.921525
3 3    3.54911e-05
;

vp :=
1 1   -0.0996231
1 2    0.0881351
1 3   -0.949257
2 1   -0.100439
2 2   -0.96519
2 3    0.228584
3 1   -0.231857
3 2    0.946439
3 3   -0.0735934
;

