solve_message = ' \
Ipopt 3.9.1: Optimal Solution Found'

Solve time:
_solve_time = 0.904806

Objective:
p :=
1 1    0.00618909
1 2    0.0345264
1 3   -0.0117044
2 1   -0.00301553
2 2   -0.000686626
2 3    0.0651541
3 1   -0.00317355
3 2   -0.0338398
3 3   -0.0534497
;

phi :=
1 1   0.0697264
1 2   0.073668
1 3   0.13773
2 1   0.128937
2 2   0.0618707
2 3   0.0697724
3 1   0.118979
3 2   0.0441988
3 3   0.0713966
4 1   0.0647145
4 2   0.053652
4 3   0.141589
;

l [*,1,*]
:       1          2           3         :=
1    1.01401    0.775425    0.0299264
2    0.364767   0.970028   -0.760261
3   -0.539862   1.16769     0.0316139
4    0.107938   0.973406    0.823063

 [*,2,*]
:       1           2          3        :=
1   -0.676632    0.213189   1.06037
2   -0.261214   -0.716893   1.02694
3    0.86842    -0.213241   0.919965
4    0.454801    0.717643   0.953224

 [*,3,*]
:       1           2           3        :=
1    0.232736   -0.734544   -1.02465
2    0.744938   -1.0322     -0.133788
3   -0.301001   -1.17577     0.420273
4   -0.814869   -0.878348   -0.469705
;

np :=
1 1    0.179171
1 2    0.99952
1 3   -6.13832e-06
2 1   -4.06926e-08
2 2   -9.29969e-09
2 3    1.01671
3 1   -0.0760399
3 2   -0.81082
3 3   -0.254228
;

vp :=
1 1    0.236971
1 2    0.971561
1 3    0.0314005
2 1    0.0961785
2 2    0.000545279
2 3    0.990139
3 1   -0.0347534
3 2   -0.955098
3 3   -0.302322
;

