solve_message = ' \
Ipopt 3.9.1: Optimal Solution Found'

Solve time:
_solve_time = 0.358802

Objective:
p :=
1 1   -0.00280382
1 2   -0.000388889
1 3   -0.0650002
2 1   -0.00213187
2 2    0.0350362
2 3    0.0301075
3 1    0.00494271
3 2   -0.0346796
3 3    0.0348827
;

phi :=
1 1   0.091363
1 2   0.15377
1 3   0.167571
2 1   0.0303498
2 2   0.109194
2 3   0.0921591
3 1   0.0427306
3 2   0.0565724
3 3   0.0528722
4 1   0.0510371
4 2   0.08876
4 3   0.0990731
;

l [*,1,*]
:       1           2           3        :=
1   -1.16461    -0.158031    0.500115
2   -1.07002     0.671542    0.194754
3   -0.745019    0.180869   -1.03212
4   -0.839098   -0.649486   -0.728712

 [*,2,*]
:       1          2           3        :=
1    0.71678    1.05001     0.195264
2    0.208415   1.01749    -0.758128
3   -0.834223   0.957231   -0.200947
4   -0.32752    0.989653    0.753332

 [*,3,*]
:       1            2           3        :=
1    0.89413     -0.885331    0.254572
2   -0.0105436   -1.00918     0.793443
3   -0.615482    -1.09888    -0.240937
4    0.288229    -0.975174   -0.781455
;

np :=
1 1   -2.10176e-08
1 2   -3.16705e-09
1 3   -1.00003
2 1   -0.0619728
2 2    1.01849
2 3    0.0045737
3 1    0.141949
3 2   -0.995962
3 3    0.0128194
;

vp :=
1 1   -0.954725
1 2    0.0108927
1 3   -0.266369
2 1   -0.0589348
2 2    1.00361
2 3   -0.00223991
3 1    0.139444
3 2   -0.992091
3 3    0.00619063
;

