solve_message = ' \
Ipopt 3.9.1: Optimal Solution Found'

Solve time:
_solve_time = 0.452403

Objective:
p :=
1 1   -0.0159142
1 2    0.0234159
1 3    0.0626995
2 1   -0.0140788
2 2   -0.0319201
2 3   -0.00214221
3 1    0.0299929
3 2    0.00850414
3 3   -0.0605573
;

phi :=
1 1   0.115241
1 2   0.000947984
1 3   0.174323
2 1   0.176725
2 2   0.059673
2 3   0.0404645
3 1   0.0178235
3 2   0.312104
3 3   0
4 1   0.00473492
4 2   0.0829216
4 3   0.0454017
;

l [*,1,*]
:       1           2          3        :=
1    0.754654    0.741909   0.673793
2   -0.433302    0.902229   0.739176
3   -0.542797   -0.061785   1.14511
4    0.644984   -0.223641   1.08038

 [*,2,*]
:       1            2           3        :=
1    0.0864989   -1.15286     0.540388
2   -1.02167     -0.717749    0.252446
3   -0.75633     -0.696488   -0.748159
4    0.352267    -1.13157    -0.461811

 [*,3,*]
:      1           2           3        :=
1   1.16627     0.496969   0.0609065
2   0.430803    0.564934   1.05404
3   0.416365   -0.451199   1.11616
4   1.15181    -0.520782   0.123127
;

np :=
1 1   -0.127385
1 2    0.187433
1 3    0.777063
2 1   -0.394524
2 2   -0.894486
2 3   -4.21793e-11
3 1    0.42795
3 2    0.121344
3 3   -0.609216
;

vp :=
1 1    0.106358
1 2    0.339614
1 3    0.909589
2 1   -0.334368
2 2   -0.92484
2 3   -0.104169
3 1    0.791604
3 2    0.022453
3 3    0.588164
;

