solve_message = ' \
Ipopt 3.9.1: Optimal Solution Found'

Solve time:
_solve_time = 0.951606

Objective:
p :=
1 1   -0.0180009
1 2    0.00532938
1 3    0.0650101
2 1   -0.0169591
2 2   -0.00569454
2 3   -0.0654085
3 1    0.0350044
3 2    0.000366172
3 3    0.000398363
;

phi :=
1 1   0.100671
1 2   0.117984
1 3   0.062203
2 1   0.137813
2 2   0.0589973
2 3   0.0533606
3 1   0.120967
3 2   0.0603591
3 3   0.0537706
4 1   0.0848923
4 2   0.120217
4 3   0.0612385
;

l [*,1,*]
:       1           2           3         :=
1   -0.817039    0.728354    0.669719
2   -1.20052     0.26614    -0.364054
3   -1.06357    -0.718018    0.0249531
4   -0.67987    -0.257371    1.05935

 [*,2,*]
:      1           2            3         :=
1   0.552075    0.515316   -1.05623
2   1.2132      0.472134    0.00344566
3   1.17531    -0.548145   -0.0202726
4   0.514124   -0.506588   -1.07999

 [*,3,*]
:      1           2          3        :=
1   1.06574     0.620493   0.331327
2   0.250055    0.475783   1.16438
3   0.35213    -0.600308   1.07922
4   1.16798    -0.457313   0.246039
;

np :=
1 1   -0.0122346
1 2    0.00362665
1 3    1.00108
2 1   -0.00862333
2 2   -0.00290168
2 3   -1.04483
3 1    1.00121
3 2    0.0104734
3 3    3.24393e-16
;

vp :=
1 1   -0.940099
1 2    0.00496046
1 3    0.347903
2 1    0.863414
2 2   -0.0168041
2 3   -0.538684
3 1    0.709302
3 2    0.00972104
3 3    0.70491
;

