solve_message = ' \
Ipopt 3.9.1: Optimal Solution Found'

Solve time:
_solve_time = 1.29481

Objective:
p :=
1 1    0.0301761
1 2   -0.00861677
1 3   -0.0601711
2 1   -0.0143614
2 2    0.0317204
2 3   -0.0034214
3 1   -0.0158147
3 2   -0.0231036
3 3    0.0635925
;

phi :=
1 1   0.121533
1 2   0.218092
1 3   0.00376491
2 1   0.00182007
2 2   0.254003
2 3   0.00354093
3 1   0.00282015
3 2   0.0114784
3 3   0.136706
4 1   0.126528
4 2   0.00764486
4 3   0.138362
;

l [*,1,*]
:      1           2           3        :=
1   1.24152    -0.268526   0.0137202
2   0.824533    0.781417   0.571862
3   0.301046    0.234122   1.21374
4   0.7172     -0.816693   0.656617

 [*,2,*]
:       1          2           3        :=
1   -0.178321   0.897356   -0.881064
2   -1.00388    0.63683    -0.448203
3   -0.501277   0.941852    0.692718
4    0.325087   1.20286     0.261674

 [*,3,*]
:       1           2          3        :=
1    0.800154    0.405229   0.910368
2   -0.165046    0.432888   1.19133
3   -0.266626   -0.79295    0.963521
4    0.698412   -0.822562   0.682195
;

np :=
1 1    0.448017
1 2   -0.127931
1 3   -0.582532
2 1   -0.397828
2 2    0.878693
2 3   -1.11936e-09
3 1   -0.118397
3 2   -0.172966
3 3    0.857918
;

vp :=
1 1    0.771241
1 2   -0.0178386
1 3    0.613761
2 1   -0.33927
2 2    0.919829
2 3   -0.0938907
3 1    0.267108
3 2   -0.19436
3 3    0.936742
;

