solve_message = ' \
Ipopt 3.9.1: Optimal Solution Found'

Solve time:
_solve_time = 0.795605

Objective:
p :=
1 1   -0.0159729
1 2   -0.0192616
1 3    0.0645371
2 1    0.0349929
2 2    0.00129092
2 3   -0.00030462
3 1   -0.0190191
3 2    0.0179699
3 3   -0.0642325
;

phi :=
1 1   0.0584953
1 2   0.0625576
1 3   0.131381
2 1   0.0794107
2 2   0.0730675
2 3   0.113481
3 1   0.0714468
3 2   0.06877
3 3   0.123237
4 1   0.0522174
4 2   0.0587195
4 3   0.142904
;

l [*,1,*]
:       1           2           3        :=
1    0.491843    0.739344    0.922836
2   -0.221359   -0.154457    1.25207
3    0.465478   -0.859951    0.828948
4    1.17977     0.0327255   0.499041

 [*,2,*]
:      1           2          3        :=
1   0.580494    0.807977   0.808751
2   0.167199   -0.175925   1.25871
3   0.838666   -0.758952   0.603265
4   1.25303     0.224022   0.152264

 [*,3,*]
:       1            2           3        :=
1   -0.94578      0.676242   -0.541952
2    0.0199507    0.62136    -1.12203
3   -0.0748455   -0.508934   -1.1746
4   -1.04073     -0.455853   -0.594603
;

np :=
1 1   -0.0609396
1 2   -0.073481
1 3    0.9512
2 1    1.00266
2 2    0.0369891
2 3   -4.94848e-17
3 1   -0.0948656
3 2    0.0896324
3 3   -0.920214
;

vp :=
1 1    0.479219
1 2   -0.0602288
1 3    0.875592
2 1    0.710013
2 2    0.0246725
2 3    0.705567
3 1   -0.510736
3 2    0.0832253
3 3   -0.858064
;

