solve_message = ' \
Ipopt 3.9.1: Optimal Solution Found'

Solve time:
_solve_time = 0.748805

Objective:
p :=
1 1   -0.0158965
1 2    0.0157449
1 3    0.0649413
2 1    0.0206694
2 2    0.018985
2 3   -0.0631438
3 1   -0.00477283
3 2   -0.0347299
3 3   -0.00179752
;

phi :=
1 1   0.131727
1 2   0.1831
1 3   0.0412033
2 1   0.171876
2 2   0.101513
2 3   0.0359885
3 1   0.0666313
3 2   0.0400377
3 3   0.0637469
4 1   0.0507452
4 2   0.0749032
4 3   0.0713989
;

l [*,1,*]
:       1            2           3        :=
1    1.14098     0.0308181    0.584361
2    0.479606    0.814718     0.867777
3   -0.320203    0.00505377   1.24183
4    0.3399     -0.780135     0.959013

 [*,2,*]
:       1           2           3        :=
1   -0.41834     0.702212   -0.967125
2   -0.257434   -0.372221   -1.18079
3   -1.0208     -0.64938    -0.368109
4   -1.18292     0.424612   -0.153148

 [*,3,*]
:       1            2           3        :=
1    0.0779945   -1.02219     0.771856
2   -0.863255    -0.903802    0.292334
3   -0.326382    -0.965212   -0.777816
4    0.615723    -1.0837     -0.299999
;

np :=
1 1   -0.0309952
1 2    0.0306995
1 3    0.993701
2 1    0.156985
2 2    0.144192
2 3   -0.816437
3 1   -0.137689
3 2   -1.0019
3 3   -1.23687e-11
;

vp :=
1 1    0.410335
1 2    0.0173009
1 3    0.913133
2 1   -0.719938
2 2    0.0267338
2 3   -0.667208
3 1   -0.123605
3 2   -0.993774
3 3   -0.00321552
;

