solve_message = ' \
Ipopt 3.9.1: Optimal Solution Found'

Solve time:
_solve_time = 0.826805

Objective:
p :=
1 1    0.0053491
1 2   -0.0331888
1 3   -0.0548542
2 1    0.00438346
2 2    0.0345737
2 3   -0.0104516
3 1   -0.00973255
3 2   -0.00138486
3 3    0.0653059
;

phi :=
1 1   0.123206
1 2   0.0590929
1 3   0.0493831
2 1   0.135889
2 2   0.0833412
2 3   0.087394
3 1   0.0806509
3 2   0.136819
3 3   0.0671215
4 1   0.065922
4 2   0.108291
4 3   0.0385494
;

l [*,1,*]
:       1           2           3        :=
1   -0.470456   -1.16434    -0.255263
2    0.184917   -0.671708   -1.00876
3    1.03141    -0.639465   -0.243998
4    0.37739    -1.13204     0.510716

 [*,2,*]
:       1          2           3         :=
1    0.479735   1.03499     0.605733
2    0.85097    0.892074   -0.25369
3   -0.339244   0.884916   -0.772399
4   -0.712374   1.02782     0.0861981

 [*,3,*]
:       1           2           3        :=
1    0.146476    0.799481    0.991981
2   -0.808663    0.0925094   0.992887
3   -0.170535   -0.771532    1.01431
4    0.785621   -0.0659366   1.01344
;

np :=
1 1    0.119996
1 2   -0.744522
1 3   -0.304844
2 1    0.122065
2 2    0.962763
2 3   -2.77898e-06
3 1   -0.000136529
3 2   -1.94269e-05
3 3    1.03341
;

vp :=
1 1    0.280556
1 2   -0.902084
1 3   -0.249025
2 1    0.0696233
2 2    0.960007
2 3   -0.0831971
3 1   -0.0113945
3 2    0.0139119
3 3    1.00315
;

