solve_message = ' \
Ipopt 3.9.1: Optimal Solution Found'

Solve time:
_solve_time = 0.920406

Objective:
p :=
1 1   -0.0160293
1 2   -0.0307744
1 3    0.0136979
2 1   -0.0155463
2 2    0.0304153
2 3    0.0460568
3 1    0.0315756
3 2    0.000359106
3 3   -0.0597547
;

phi :=
1 1   0.142121
1 2   0.0908732
1 3   0.0862585
2 1   0.101365
2 2   0.0610678
2 3   0.0635396
3 1   0.0626187
3 2   0.0867823
3 3   0.058017
4 1   0.0804087
4 2   0.12188
4 3   0.0806558
;

l [*,1,*]
:       1           2           3        :=
1   -0.449131   -0.775631   -0.896959
2    0.352962   -1.13204    -0.411177
3   -0.254638   -1.02475     0.670229
4   -1.0577     -0.668177    0.186169

 [*,2,*]
:       1           2           3         :=
1   -1.07192     0.67216    -0.147134
2   -0.578352    0.822051    0.727518
3    0.42504     1.1455      0.0968769
4   -0.0669265   0.996127   -0.778779

 [*,3,*]
:      1           2          3        :=
1   1.08103     0.628026   0.286111
2   0.354671    0.551129   1.09748
3   0.41351    -0.616126   1.04038
4   1.13997    -0.541088   0.22892
;

np :=
1 1   -0.434832
1 2   -0.834829
1 3    1.84514e-05
2 1   -0.383811
2 2    0.750902
2 3    0.0896699
3 1    0.486581
3 2    0.00553383
3 3   -0.554895
;

vp :=
1 1   -0.352447
1 2   -0.900007
1 3   -0.113127
2 1   -0.323235
2 2    0.908901
2 3   -0.0257284
3 1    0.747585
3 2    0.00551544
3 3    0.662898
;

