solve_message = ' \
Ipopt 3.9.1: Optimal Solution Found'

Solve time:
_solve_time = 0.655204

Objective:
p :=
1 1    0.00479766
1 2   -0.00197955
1 3    0.0652154
2 1   -0.00895563
2 2   -0.0328028
2 3   -0.05356
3 1    0.00415798
3 2    0.0347824
3 3   -0.0116554
;

phi :=
1 1   0.0669629
1 2   0.111343
1 3   0.123809
2 1   0.0498754
2 2   0.0735584
2 3   0.0974102
3 1   0.0486161
3 2   0.102199
3 3   0.0710169
4 1   0.0613046
4 2   0.138512
4 3   0.0911228
;

l [*,1,*]
:       1           2          3        :=
1    0.365607    0.691847   0.99497
2   -0.759429    0.144296   0.998945
3   -0.323962   -0.754799   0.955966
4    0.801767   -0.20868    0.951923

 [*,2,*]
:       1            2           3         :=
1    0.441448    -1.20502    -0.0204893
2   -0.545461    -1.0821      0.423164
3   -0.945243    -0.637838   -0.588044
4    0.0410296   -0.760043   -1.03331

 [*,3,*]
:       1          2           3        :=
1    0.457285   0.953704   -0.725766
2   -0.593249   1.07945    -0.35743
3   -0.220668   1.03627     0.722777
4    0.830459   0.91046     0.356161
;

np :=
1 1    1.45733e-06
1 2   -6.01303e-07
1 3    1.02342
2 1   -0.215155
2 2   -0.788072
2 3   -0.257925
3 1    0.119412
3 2    0.998908
3 3   -5.95962e-06
;

vp :=
1 1    0.0214445
1 2   -0.0316164
1 3    0.975449
2 1   -0.251663
2 2   -0.921299
2 3   -0.304846
3 1    0.118875
3 2    0.994921
3 3   -0.00121084
;

