solve_message = ' \
Ipopt 3.9.1: Optimal Solution Found'

Solve time:
_solve_time = 0.951606

Objective:
p :=
1 1    0.033432
1 2    0.0083076
1 3    0.00161472
2 1   -0.0100684
2 2   -0.00160979
2 3    0.0639775
3 1   -0.0233661
3 2   -0.00669947
3 3   -0.0655259
;

phi :=
1 1   0.082519
1 2   0.071438
1 3   0.144584
2 1   0.071313
2 2   0.0769906
2 3   0.146667
3 1   0.0630863
3 2   0.0653553
3 3   0.0827737
4 1   0.0799278
4 2   0.0670541
4 3   0.0855335
;

l [*,1,*]
:      1           2           3         :=
1   0.978063    0.727552   -0.0678845
2   0.291482    0.99922     0.49927
3   0.407266   -0.106118    1.178
4   1.09403    -0.379547    0.611929

 [*,2,*]
:       1           2          3        :=
1   -0.474197   -0.714675   0.963979
2    0.741828   -0.49536    0.933953
3    0.56483     0.511558   1.05321
4   -0.651477    0.293847   1.08343

 [*,3,*]
:       1           2           3        :=
1   -0.125825    0.331167   -1.31341
2   -0.15079    -0.732475   -1.1306
3   -1.08695    -0.581565   -0.376807
4   -1.06348     0.482318   -0.558417
;

np :=
1 1    0.868406
1 2    0.215793
1 3   -1.84093e-10
2 1   -0.000175827
2 2   -2.811e-05
2 3    0.894943
3 1   -0.0749123
3 2   -0.0214787
3 3   -1.05803
;

vp :=
1 1    0.692984
1 2    0.310168
1 3    0.555103
2 1    0.0447613
2 2   -0.101244
2 3    1.00865
3 1   -0.606751
3 2   -0.124715
3 3   -0.84488
;

