solve_message = ' \
Ipopt 3.9.1: Optimal Solution Found'

Solve time:
_solve_time = 1.99681

Objective:
p :=
1 1   -0.00206084
1 2    0.0176964
1 3   -0.0658681
2 1    0.00819597
2 2   -0.0345415
2 3    5.53141e-05
3 1   -0.00612473
3 2    0.0168005
3 3    0.0658121
;

phi :=
1 1   0.175537
1 2   0
1 3   0.0689642
2 1   0.176261
2 2   0
2 3   0.141694
3 1   0.0627408
3 2   0.0578875
3 3   0.158183
4 1   0.0573533
4 2   0.0639532
4 3   0.097751
;

l [*,1,*]
:       1           2           3         :=
1   -0.90697     0.851355   -0.46199
2   -0.414079    0.464728   -1.24345
3   -0.742284   -0.729153   -0.860655
4   -1.2357     -0.344427   -0.0785865

 [*,2,*]
:       1            2           3        :=
1    0.0192767   -1.02493     0.864781
2   -0.562666    -1.21019    -0.170091
3    0.422392    -1.00955    -0.760322
4    1.0059      -0.823974    0.27361

 [*,3,*]
:       1            2          3        :=
1   -0.397993     0.124306   1.21526
2    0.0231843   -0.853714   1.05275
3    1.10823     -0.306722   0.570381
4    0.688785     0.672169   0.732124
;

np :=
1 1   -0.00102115
1 2    0.00878561
1 3   -1.09732
2 1    0.254998
2 2   -1.07468
2 3    1.66696e-22
3 1   -0.00311041
3 2    0.00852704
3 3    1.09081
;

vp :=
1 1   -0.824954
1 2    0.0607793
1 3   -0.660859
2 1    0.221459
2 2   -1.01709
2 3    0.0524068
3 1    0.355385
3 2   -0.0906
3 3    0.892691
;

