solve_message = ' \
Ipopt 3.9.1: Optimal Solution Found'

Solve time:
_solve_time = 1.46641

Objective:
p :=
1 1    0.00393079
1 2    0.000450852
1 3    0.065158
2 1   -0.0351521
2 2   -0.000736951
2 3   -0.00561533
3 1    0.0312213
3 2    0.000286101
3 3   -0.0595427
;

phi :=
1 1   0.0777295
1 2   0.0864348
1 3   0.0534784
2 1   0.064287
2 2   0.173024
2 3   0.0630657
3 1   0.0639206
3 2   0.146245
3 3   0.08208
4 1   0.0730321
4 2   0.0866448
4 3   0.0659918
;

l [*,1,*]
:       1           2          3       :=
1    0.691127    0.601895   0.89533
2   -0.47813     0.40518    1.11617
3   -0.314696   -0.636095   1.0643
4    0.854821   -0.441039   0.84338

 [*,2,*]
:       1           2           3        :=
1   -1.11839     0.537479   -0.273082
2   -0.218654    0.321728   -1.23191
3   -0.293188   -0.572873   -1.10284
4   -1.19304    -0.358547   -0.143812

 [*,3,*]
:      1           2           3         :=
1   0.266509    0.252025   1.21058
2   0.868345   -0.739925   0.572181
3   1.27136    -0.134877   0.00808675
4   0.670164    0.858037   0.645584
;

np :=
1 1    2.34372e-07
1 2    2.68819e-08
1 3    1.01714
2 1   -1.03218
2 2   -0.0216393
2 3   -3.59077e-08
3 1    0.449565
3 2    0.00411965
3 3   -0.541263
;

vp :=
1 1    0.188747
1 2   -0.0174368
1 3    0.979708
2 1   -0.706175
2 2   -0.0179677
2 3   -0.68753
3 1    0.768854
3 2    0.0592106
3 3    0.609361
;

