solve_message = ' \
Ipopt 3.9.1: Optimal Solution Found'

Solve time:
_solve_time = 0.608404

Objective:
p :=
1 1   -0.00399741
1 2   -0.00126696
1 3   -0.0644121
2 1   -0.0307068
2 2    0.00227721
2 3    0.0620726
3 1    0.0347046
3 2   -0.00101034
3 3    0.00234931
;

phi :=
1 1   0.0427513
1 2   0.0881458
1 3   0.0897209
2 1   0.164701
2 2   0.0380797
2 3   0.0350076
3 1   0.219622
3 2   0.0237698
3 3   0.0598524
4 1   0.0714227
4 2   0.0618118
4 3   0.137722
;

l [*,1,*]
:       1           2           3        :=
1   -1.12694     0.11324     0.590895
2   -0.947462    0.684263   -0.533342
3   -0.827536   -0.190962   -0.961083
4   -1.00682    -0.763378    0.162473

 [*,2,*]
:       1           2          3        :=
1   1.14965      0.429168   0.319136
2   0.371405     0.76714    0.943708
3   0.0922152   -0.37011    1.21231
4   0.870017    -0.709894   0.588168

 [*,3,*]
:      1           2          3        :=
1   0.894959    0.72323    0.526342
2   0.296946    0.360023   1.19476
3   0.55753    -0.825332   0.783994
4   1.15596    -0.464013   0.114926
;

np :=
1 1   -3.37807e-07
1 2   -1.07069e-07
1 3   -0.938381
2 1   -0.406737
2 2    0.0301635
2 3    0.724279
3 1    0.944794
3 2   -0.0275053
3 3    5.79801e-11
;

vp :=
1 1   -0.97726
1 2   -0.039437
1 3   -0.184816
2 1    0.621132
2 2    0.0289409
2 3    0.765582
3 1    0.726587
3 2   -0.0513788
3 3    0.654738
;

