solve_message = ' \
Ipopt 3.9.1: Optimal Solution Found'

Solve time:
_solve_time = 0.982806

Objective:
p :=
1 1    0.00368661
1 2   -0.0348503
1 3   -0.00638188
2 1   -0.0254116
2 2    0.0208457
2 3   -0.0578959
3 1    0.0217252
3 2    0.014005
3 3    0.0642778
;

phi :=
1 1   0.108075
1 2   0.0971109
1 3   0.0836465
2 1   0.0848958
2 2   0.0628099
2 3   0.0517801
3 1   0.0503606
3 2   0.0954164
3 3   0.0722496
4 1   0.0649522
4 2   0.149406
4 3   0.115333
;

l [*,1,*]
:       1           2           3        :=
1    0.591449   -0.94673    -0.631394
2    0.700149   -0.936105    0.527532
3   -0.388231   -1.04588     0.6318
4   -0.498664   -1.05668    -0.52696

 [*,2,*]
:       1            2            3         :=
1   -0.653821    -0.0542099   -1.10329
2   -1.23443      0.306194    -0.165142
3   -0.542654     1.15832     -0.0634972
4    0.0390536    0.799273    -1.00148

 [*,3,*]
:       1           2          3        :=
1   -0.102981    0.829221   0.969212
2   -0.5274     -0.18705    1.1522
3    0.507183   -0.650397   0.982085
4    0.93325     0.365135   0.798828
;

np :=
1 1    0.106143
1 2   -1.00339
1 3   -8.79517e-08
2 1   -0.497931
2 2    0.408469
2 3   -0.444777
3 1    0.100701
3 2    0.0649144
3 3    0.924771
;

vp :=
1 1    0.101132
1 2   -0.996351
1 3   -0.000217205
2 1   -0.59773
2 2    0.552251
2 3   -0.583725
3 1    0.202682
3 2    0.0896322
3 3    0.975508
;

