solve_message = ' \
Ipopt 3.9.1: Optimal Solution Found'

Solve time:
_solve_time = 1.96561

Objective:
p :=
1 1    0.00022702
1 2    0.0292075
1 3   -0.0629072
2 1   -0.0022688
2 2   -0.0349628
2 3   -0.00181293
3 1    0.00204183
3 2    0.0057553
3 3    0.0647202
;

phi :=
1 1   0.109723
1 2   0.0475573
1 3   0.136242
2 1   0.145632
2 2   0.0729265
2 3   0.0959873
3 1   0.0866366
3 2   0.0801382
3 3   0.0592242
4 1   0.0655628
4 2   0.0527669
4 3   0.0840784
;

l [*,1,*]
:       1           2           3        :=
1   -0.338337    1.02988    -0.681358
2    0.643869    0.768796   -0.796893
3    0.299903   -0.349356   -1.19547
4   -0.68285    -0.090054   -1.08057

 [*,2,*]
:       1           2           3        :=
1   -0.701951   -0.960385   -0.478662
2    0.394579   -1.02878    -0.657423
3    0.579744   -1.04022     0.477786
4   -0.51649    -0.971848    0.658354

 [*,3,*]
:       1            2          3        :=
1    0.404302     0.423465   1.12225
2   -0.658757     0.753204   0.773207
3   -0.979106    -0.288203   0.740233
4    0.0834421   -0.619602   1.08922
;

np :=
1 1    0.00221651
1 2    0.281809
1 3   -0.795262
2 1   -0.065228
2 2   -1.00518
2 3   -1.31279e-11
3 1    1.63852e-06
3 2    4.62314e-06
3 3    0.97025
;

vp :=
1 1   -0.019745
1 2    0.33992
1 3   -0.938529
2 1   -0.0614665
2 2   -1.00028
2 3    8.55233e-05
3 1   -0.287106
3 2    0.0670842
3 3    0.931368
;

solve_message = ' \
Ipopt 3.9.1: Optimal Solution Found'

Solve time:
_solve_time = 0.795605

Objective:
p :=
1 1   -0.034512
1 2    0.00492698
1 3   -0.00114461
2 1    0.0227419
2 2    0.0148089
2 3   -0.0638704
3 1    0.0117688
3 2   -0.0197336
3 3    0.065015
;

phi :=
1 1   0.0640026
1 2   0.0684747
1 3   0.105488
2 1   0.0636299
2 2   0.0736099
2 3   0.129361
3 1   0.0694613
3 2   0.059966
3 3   0.152156
4 1   0.0699626
4 2   0.0559642
4 3   0.123396
;

l [*,1,*]
:       1           2           3        :=
1   -1.25183     0.246619   -0.105228
2   -0.602579    0.963695   -0.567851
3   -0.15554     0.109939   -1.26481
4   -0.804083   -0.608497   -0.803292

 [*,2,*]
:       1           2           3        :=
1    0.182671    0.252414   -1.24691
2   -0.259225   -0.685754   -1.0508
3   -1.17553    -0.137611   -0.48974
4   -0.735094    0.80143    -0.684958

 [*,3,*]
:       1           2          3        :=
1   0.952341     0.666232   0.539276
2   0.0500643    0.27716    1.25076
3   0.296706    -0.71535    1.02315
4   1.19938     -0.327859   0.311302
;

np :=
1 1   -0.962936
1 2    0.13747
1 3   -5.25042e-13
2 1    0.141209
2 2    0.0919517
2 3   -0.884514
3 1    0.0269128
3 2   -0.0451268
3 3    1.00162
;

vp :=
1 1   -0.703767
1 2    0.177653
1 3   -0.68511
2 1   -0.496619
2 2    0.0579938
2 3   -0.868179
3 1    0.624982
3 2   -0.0247992
3 3    0.780838
;

