solve_message = ' \
Ipopt 3.9.1: Optimal Solution Found'

Solve time:
_solve_time = 1.06081

Objective:
p :=
1 1    0.00319136
1 2    0.000342566
1 3   -0.065907
2 1   -0.00335084
2 2   -0.0353206
2 3    0.0177116
3 1    0.000195668
3 2    0.0351282
3 3    0.0481607
;

phi :=
1 1   0.0281731
1 2   0.104778
1 3   0.113603
2 1   0.0709778
2 2   0.190463
2 3   0.0809411
3 1   0.0297482
3 2   0.0762944
3 3   0.0869934
4 1   0.0490652
4 2   0.0654302
4 3   0.136469
;

l [*,1,*]
:       1           2          3        :=
1    0.275677   -0.80029    -1.08793
2   -0.814141   -0.104244   -1.07562
3   -0.228212    0.815044   -1.02448
4    0.86254     0.120462   -1.03671

 [*,2,*]
:       1            2           3         :=
1    0.719726    -0.977407   -0.152134
2    0.0600336   -1.12039     0.650046
3   -0.893628    -0.894279   -0.0623856
4   -0.235454    -0.750935   -0.8657

 [*,3,*]
:       1          2           3         :=
1    0.72067    1.18416    -0.0298367
2   -0.353909   1.10129    -0.561402
3   -0.859197   0.876661    0.49261
4    0.214579   0.95917     1.02585
;

np :=
1 1   -2.67233e-08
1 2   -5.71016e-08
1 3   -1.10186
2 1   -0.103877
2 2   -1.09495
2 3    0.000110928
3 1    0.005715
3 2    1.02601
3 3    0.122589
;

vp :=
1 1    0.0244004
1 2    0.00746597
1 3   -1.05619
2 1   -0.0870678
2 2   -0.935696
2 3   -0.107863
3 1   -0.0690362
3 2    1.03035
3 3    0.232019
;

