solve_message = ' \
Ipopt 3.9.1: Optimal Solution Found'

Solve time:
_solve_time = 0.795605

Objective:
p :=
1 1   -0.00272114
1 2    0.0349236
1 3   -0.0125025
2 1   -0.0096171
2 2   -0.0327833
2 3   -0.0525439
3 1    0.0123382
3 2   -0.00214025
3 3    0.0650464
;

phi :=
1 1   0.111305
1 2   0.0812384
1 3   0.0671484
2 1   0.109042
2 2   0.125306
2 3   0.0656832
3 1   0.0736335
3 2   0.12287
3 3   0.0611767
4 1   0.0755701
4 2   0.0808511
4 3   0.0622364
;

l [*,1,*]
:       1          2           3        :=
1    0.270771   1.02437    -0.722549
2   -0.775365   0.94316    -0.392444
3   -0.428309   0.972931    0.717202
4    0.61838    1.05419     0.388863

 [*,2,*]
:       1           2           3        :=
1   -0.752825   -0.967802    0.376237
2   -0.833725   -0.625912   -0.746928
3    0.208715   -0.88699    -0.902698
4    0.291275   -1.2293      0.220219

 [*,3,*]
:       1            2          3        :=
1   0.888555     -0.713361   0.591701
2   1.19319       0.306883   0.36128
3   0.310852      0.719231   1.01661
4   0.00480757   -0.300356   1.24807
;

np :=
1 1   -0.0781401
1 2    1.00286
1 3   -9.74076e-06
2 1   -0.237707
2 2   -0.810311
2 3   -0.225561
3 1    0.000739475
3 2   -0.000128273
3 3    1.00501
;

vp :=
1 1   -0.0782141
1 2    0.998695
1 3   -0.00236316
2 1   -0.271607
2 2   -0.927636
2 3   -0.262845
3 1    0.599231
3 2    0.00269296
3 3    0.804508
;

