solve_message = ' \
Ipopt 3.9.1: Optimal Solution Found'

Solve time:
_solve_time = 0.982806

Objective:
p :=
1 1   -0.0293756
1 2   -0.0123888
1 3   -0.0599956
2 1    0.0246019
2 2   -0.0222096
2 3    0.0570178
3 1    0.00477362
3 2    0.0345985
3 3    0.00297784
;

phi :=
1 1   0.0774212
1 2   0.0627569
1 3   0.084859
2 1   0.107407
2 2   0.133392
2 3   0.114077
3 1   0.0615461
3 2   0.0862285
3 3   0.107153
4 1   0.04484
4 2   0.0728736
4 3   0.0867304
;

l [*,1,*]
:       1           2           3        :=
1   -0.159705   -0.801099   -0.987635
2   -0.867588   -0.912272   -0.240694
3   -1.19701     0.259481   -0.378357
4   -0.489657    0.372521   -1.12552

 [*,2,*]
:       1           2            3        :=
1   0.237827    -0.36802      1.2046
2   0.0068915   -1.19193      0.451342
3   0.902782    -0.891184    -0.153374
4   1.13514     -0.0667984    0.598924

 [*,3,*]
:       1           2           3        :=
1    0.0146212   0.980796   -0.845292
2   -0.648207    1.10287     0.190536
3    0.212213    1.0323      0.755988
4    0.876412    0.91011    -0.27894
;

np :=
1 1   -0.479415
1 2   -0.202188
1 3   -0.570746
2 1    0.506887
2 2   -0.457595
2 3    0.399648
3 1    0.134674
3 2    0.976093
3 3    4.23556e-10
;

vp :=
1 1   -0.678209
1 2   -0.270298
1 3   -0.683348
2 1    0.570753
2 2   -0.629154
2 3    0.525674
3 1    0.114024
3 2    1.00647
3 3   -0.0448394
;

