solve_message = ' \
Ipopt 3.9.1: Optimal Solution Found'

Solve time:
_solve_time = 1.84081

Objective:
p :=
1 1   -0.0219783
1 2    0.0141226
1 3    0.0631874
2 1    0.0351732
2 2   -0.00468266
2 3    0.00263639
3 1   -0.013195
3 2   -0.00943995
3 3   -0.0658238
;

phi :=
1 1   0.0801318
1 2   0.0235678
1 3   0.246295
2 1   0.0290726
2 2   0.0367427
2 3   0.122077
3 1   0.0789923
3 2   0.0566818
3 3   0.0390201
4 1   0.200492
4 2   0.0389242
4 3   0.0805438
;

l [*,1,*]
:       1            2           3       :=
1   -0.108114    -0.779787    1.01694
2    0.793267    -0.0102848   1.01498
3    0.0927407    0.810912    0.99938
4   -0.809756     0.042718    1.00132

 [*,2,*]
:      1           2          3        :=
1   1.21076    -0.404122   0.160282
2   0.875522    0.742949   0.563206
3   0.244397    0.328549   1.21897
4   0.57863    -0.819181   0.817088

 [*,3,*]
:       1           2           3        :=
1   -0.259197   -0.238123   -1.22942
2    0.328043    0.79326    -0.946512
3    1.12123     0.239807   -0.565476
4    0.535258   -0.792458   -0.847781
;

np :=
1 1   -0.108595
1 2    0.0697803
1 3    0.820392
2 1    1.09119
2 2   -0.145272
2 3    1.80579e-10
3 1   -0.00374013
3 2   -0.00267576
3 3   -1.09216
;

vp :=
1 1   -0.008325
1 2    0.0155833
1 3    1.00816
2 1    0.72746
2 2   -0.0384085
2 3    0.689726
3 1    0.431101
3 2    0.000210255
3 3   -0.897411
;

