solve_message = ' \
Ipopt 3.9.1: Optimal Solution Found'

Solve time:
_solve_time = 1.98121

Objective:
p :=
1 1    0.026375
1 2   -0.0135357
1 3   -0.0616003
2 1   -0.0173281
2 2   -0.0202793
2 3    0.0640464
3 1   -0.00904669
3 2    0.0338152
3 3   -0.00244616
;

phi :=
1 1   0
1 2   0
1 3   0.14002
2 1   0.0478396
2 2   0.128567
2 3   0.338955
3 1   0.231147
3 2   0.128335
3 3   0.0118556
4 1   0.0247813
4 2   0
4 3   0
;

l [*,1,*]
:      1           2           3         :=
1   0.674099    0.65306     0.834336
2   0.508494   -0.564688    0.985495
3   1.00882    -0.743881    0.125309
4   1.17522     0.473581   -0.0272206

 [*,2,*]
:       1           2          3        :=
1   -0.126295    0.529326   1.16051
2   -0.298026   -0.692764   1.03317
3    0.671422   -0.79994    0.738883
4    0.844697    0.42198    0.865756

 [*,3,*]
:       1           2           3        :=
1    0.0438544   1.02735    -0.764299
2   -0.893373    0.80404    -0.45039
3   -0.519657    0.911339    0.734764
4    0.418166    1.13482     0.422743
;

np :=
1 1    0.278273
1 2   -0.14281
1 3   -0.68657
2 1   -0.0970117
2 2   -0.113533
2 3    0.901719
3 1   -0.258672
3 2    0.966878
3 3   -1.06906e-10
;

vp :=
1 1    0.841722
1 2   -0.0449968
1 3    0.479419
2 1    0.273018
2 2   -0.134863
2 3    0.949632
3 1   -0.237379
3 2    0.969478
3 3   -0.01442
;

