solve_message = ' \
Ipopt 3.9.1: Optimal Solution Found'

Solve time:
_solve_time = 1.26361

Objective:
p :=
1 1   -0.00230418
1 2    0.0352878
1 3    0.0399271
2 1    0.00635781
2 2   -0.000493507
2 3   -0.0650548
3 1   -0.00405363
3 2   -0.0347943
3 3    0.0251277
;

phi :=
1 1   0.153797
1 2   0.0387617
1 3   0.114744
2 1   0.128735
2 2   0.0548117
2 3   0.162
3 1   0.0574315
3 2   0.0636814
3 3   0.0855031
4 1   0.0680538
4 2   0.0465708
4 3   0.0608479
;

l [*,1,*]
:       1          2           3        :=
1   -0.57007    0.982489    0.615751
2    0.50638    1.10503     0.435094
3    0.321005   1.04138    -0.719711
4   -0.75574    0.918738   -0.540893

 [*,2,*]
:       1           2           3        :=
1   -0.137576    0.137819   -1.26795
2    0.728484    0.766808   -0.724846
3    1.20086    -0.136526   -0.428494
4    0.335552   -0.766953   -0.97113

 [*,3,*]
:       1           2           3        :=
1    0.621542   -1.08389     0.29407
2   -0.531044   -0.948093    0.682023
3   -0.857911   -0.903768   -0.301619
4    0.294154   -1.03949    -0.691139
;

np :=
1 1   -0.0700313
1 2    1.07256
1 3    0.0329977
2 1    6.557e-06
2 2   -5.10744e-07
2 3   -1.00591
3 1   -0.116406
3 2   -0.999173
3 3    0.00129024
;

vp :=
1 1   -0.125035
1 2    1.01186
1 3   -0.0523684
2 1    0.531485
2 2    3.59034e-05
2 3   -0.848322
3 1   -0.117856
3 2   -0.993865
3 3   -0.00432115
;

