solve_message = ' \
Ipopt 3.9.1: Optimal Solution Found'

Solve time:
_solve_time = 0.405603

Objective:
p :=
1 1   -0.0162254
1 2    0.0159298
1 3   -0.0648227
2 1    0.0348083
2 2    0.00322994
2 3    0.00155613
3 1   -0.0185827
3 2   -0.01916
3 3    0.0632665
;

phi :=
1 1   0.0154573
1 2   0.116856
1 3   0.0512997
2 1   0.0723083
2 2   0.0179204
2 3   0.0320477
3 1   0.311508
3 2   0.0450251
3 3   0.0170545
4 1   0.0765554
4 2   0.242186
4 3   0.0317659
;

l [*,1,*]
:       1           2           3         :=
1   -1.03797     0.150477    0.728496
2   -0.997678    0.803202   -0.0204586
3   -0.94883    -0.147947   -0.849507
4   -0.989044   -0.802187   -0.101872

 [*,2,*]
:       1           2           3        :=
1   0.839388     0.854467    0.452749
2   0.0593645    0.181595    1.24475
3   0.480313    -0.624337    0.971542
4   1.26101      0.0472513   0.179103

 [*,3,*]
:       1            2           3        :=
1    0.737084   -0.483412     0.916749
2    0.154134    0.515847     1.12414
3   -0.783544    0.00293095   0.97813
4   -0.202088   -0.997145     0.770506
;

np :=
1 1   -0.0348529
1 2    0.0342179
1 3   -0.981058
2 1    0.987357
2 2    0.0916192
2 3    4.50744e-12
3 1   -0.104435
3 2   -0.107679
3 3    0.827608
;

vp :=
1 1   -0.993396
1 2    0.000625554
1 3   -0.0605373
2 1    0.660329
2 2    0.115012
2 3    0.711721
3 1   -0.0233715
3 2   -0.240843
3 3    0.947299
;

