solve_message = ' \
Ipopt 3.9.1: Optimal Solution Found'

Solve time:
_solve_time = 1.32601

Objective:
p :=
1 1   -0.0177107
1 2   -0.0296725
1 3    0.0235295
2 1    0.0312563
2 2   -0.00237429
2 3   -0.0597038
3 1   -0.0135428
3 2    0.0320467
3 3    0.0361742
;

phi :=
1 1   0.0857603
1 2   0.0935335
1 3   0.100019
2 1   0.128773
2 2   0.0747113
2 3   0.123273
3 1   0.101944
3 2   0.0483423
3 3   0.0841795
4 1   0.0653572
4 2   0.0632435
4 3   0.0661863
;

l [*,1,*]
:       1           2           3         :=
1   -1.11962    -0.59288    -0.0137134
2   -0.587832   -0.647365   -0.881453
3    0.350862   -1.16238    -0.272796
4   -0.179435   -1.10871     0.595914

 [*,2,*]
:      1           2           3        :=
1   1.26252    -0.266688   0.0218878
2   0.906769    0.685558   0.629439
3   0.287895    0.053167   1.2659
4   0.642663   -0.900086   0.659359

 [*,3,*]
:       1          2           3         :=
1    0.499428   1.13306     0.0641271
2   -0.38253    0.919195   -0.777136
3   -1.04845    0.741867   -0.0350943
4   -0.16755    0.955451    0.80735
;

np :=
1 1   -0.468715
1 2   -0.785287
1 3    0.000814462
2 1    0.460871
2 2   -0.0350079
2 3   -0.551591
3 1   -0.373261
3 2    0.883254
3 3    0.0165341
;

vp :=
1 1   -0.384219
1 2   -0.877812
1 3   -0.142666
2 1    0.775104
2 2   -0.107392
2 3    0.643904
3 1   -0.274423
3 2    0.937479
3 3    0.0151473
;

