solve_message = ' \
Ipopt 3.9.1: Optimal Solution Found'

Solve time:
_solve_time = 0.795605

Objective:
p :=
1 1   -0.00277883
1 2   -0.00320163
1 3    0.0653931
2 1   -0.00105086
2 2   -0.0315499
2 3   -0.0606569
3 1    0.00382969
3 2    0.0347515
3 3   -0.00473621
;

phi :=
1 1   0.070619
1 2   0.10386
1 3   0.0729411
2 1   0.11265
2 2   0.10469
2 3   0.0927642
3 1   0.0995272
3 2   0.115672
3 3   0.0640111
4 1   0.058994
4 2   0.0869059
4 3   0.0560152
;

l [*,1,*]
:       1            2           3        :=
1    0.510031     0.780667    0.969183
2   -0.497306     0.0572411   1.25951
3    0.0775982   -0.826824    0.992904
4    1.08585     -0.104805    0.702154

 [*,2,*]
:       1           2            3        :=
1    0.284799   -1.20232     -0.347503
2   -0.826208   -0.805177    -0.564147
3   -0.435659   -0.0525045   -1.20634
4    0.67597    -0.448445    -0.990717

 [*,3,*]
:       1          2           3        :=
1    0.410226   0.945313   -0.76064
2   -0.640918   1.06126    -0.341988
3   -0.220076   1.05086     0.705636
4    0.831738   0.934902    0.288653
;

np :=
1 1   -2.50725e-07
1 2   -2.88872e-07
1 3    1.04311
2 1   -0.0161623
2 2   -0.485239
2 3   -0.616264
3 1    0.108708
3 2    0.986438
3 3   -1.0905e-08
;

vp :=
1 1    0.294445
1 2   -0.0231422
1 3    0.980821
2 1   -0.0748315
2 2   -0.627269
2 3   -0.77709
3 1    0.0956616
3 2    0.998038
3 3   -0.0272514
;

