solve_message = ' \
Ipopt 3.9.1: Optimal Solution Found'

Solve time:
_solve_time = 0.795605

Objective:
p :=
1 1   -0.0193559
1 2    0.0271154
1 3   -0.0568277
2 1   -0.0142161
2 2   -0.0319361
2 3    0.00313194
3 1    0.0335726
3 2    0.00482067
3 3    0.0536957
;

phi :=
1 1   0.080785
1 2   0.0932491
1 3   0.0744956
2 1   0.0959655
2 2   0.0893041
2 3   0.0879574
3 1   0.093302
3 2   0.0668132
3 3   0.111287
4 1   0.0799295
4 2   0.071786
4 3   0.0921974
;

l [*,1,*]
:       1          2           3        :=
1   -0.730642   1.03831     0.197653
2    0.14979    1.16475    -0.529107
3   -0.288338   0.380171   -1.19676
4   -1.16947    0.25248    -0.47106

 [*,2,*]
:       1           2           3        :=
1   -0.556339   -0.774574   -0.867986
2    0.359071   -1.19602    -0.353654
3   -0.16498    -1.11063     0.66045
4   -1.08123    -0.689044    0.147733

 [*,3,*]
:      1           2          3        :=
1   0.376795   -0.552998   1.086
2   1.14507    -0.477938   0.302563
3   1.04369     0.680984   0.313251
4   0.275251    0.60777    1.09671
;

np :=
1 1   -0.411326
1 2    0.576221
1 3   -0.390414
2 1   -0.403208
2 2   -0.905798
2 3    6.02971e-10
3 1    0.794308
3 2    0.114067
3 3    0.262534
;

vp :=
1 1   -0.510016
1 2    0.708876
1 3   -0.499528
2 1   -0.361233
2 2   -0.9424
2 3   -0.103569
3 1    0.709895
3 2    0.0644246
3 3    0.699944
;

