solve_message = ' \
Ipopt 3.9.1: Optimal Solution Found'

Solve time:
_solve_time = 0.624004

Objective:
p :=
1 1    0.034085
1 2   -0.00629973
1 3   -0.0117756
2 1   -0.0149598
2 2   -0.0215704
2 3    0.0641938
3 1   -0.0191233
3 2    0.0278724
3 3   -0.0524182
;

phi :=
1 1   0.252441
1 2   0.0108834
1 3   0.196048
2 1   0.0516379
2 2   0.038628
2 3   0.0741929
3 1   0.017007
3 2   0.186747
3 3   0.0154149
4 1   0.0891791
4 2   0.0538074
4 3   0.0456813
;

l [*,1,*]
:      1           2          3        :=
1   1.19752    -0.44753    0.196382
2   0.849631    0.751428   0.487608
3   0.238368    0.417679   1.15821
4   0.585284   -0.78181    0.868056

 [*,2,*]
:       1           2           3         :=
1   -0.598975    0.519779    0.994905
2   -1.13313     0.572112    0.0494859
3   -1.12533    -0.598073   -0.0215601
4   -0.591163   -0.65227     0.923746

 [*,3,*]
:       1          2            3         :=
1   -0.1891     0.81405    -0.963008
2   -1.11842    0.52149    -0.409379
3   -0.671939   0.920382    0.558548
4    0.258087   1.21358     0.00646025
;

np :=
1 1    0.918824
1 2   -0.169821
1 3   -6.40423e-06
2 1   -0.0760774
2 2   -0.109695
2 3    0.916344
3 1   -0.443331
3 2    0.646142
3 3   -0.221808
;

vp :=
1 1    0.717839
1 2   -0.015536
1 3    0.677449
2 1   -0.861935
2 2   -0.039634
2 3    0.487021
3 1   -0.429971
3 2    0.867492
3 3   -0.202065
;

