solve_message = ' \
Ipopt 3.9.1: Optimal Solution Found'

Solve time:
_solve_time = 0.639604

Objective:
p :=
1 1   -0.0232672
1 2    0.0239458
1 3   -0.056082
2 1    0.0349216
2 2    0.00173186
2 3   -0.00730784
3 1   -0.0116542
3 2   -0.0256775
3 3    0.0633898
;

phi :=
1 1   0.110604
1 2   0.0903328
1 3   0.0276149
2 1   0.255046
2 2   0.0208987
2 3   0.0454067
3 1   0.0762619
3 2   0.035717
3 3   0.136488
4 1   0.0319416
4 2   0.113811
4 3   0.0893392
;

l [*,1,*]
:       1           2           3         :=
1    0.0914267   0.94121    -0.846474
2   -0.527774    0.279105   -1.13405
3   -1.19972     0.431057   -0.0354672
4   -0.581586    1.0934      0.253861

 [*,2,*]
:      1           2          3        :=
1   1.2649      0.140137   0.129399
2   0.530826    0.766159   0.880184
3   0.162833   -0.123712   1.26439
4   0.896324   -0.751151   0.514218

 [*,3,*]
:       1            2           3        :=
1    0.416318    0.402244     1.13522
2   -0.712043    0.00151833   1.05852
3   -0.35249    -0.948918     0.766198
4    0.776444   -0.549706     0.842431
;

np :=
1 1   -0.500966
1 2    0.515581
1 3   -0.355933
2 1    0.991687
2 2    0.0491775
2 3   -2.27037e-07
3 1   -0.0910655
3 2   -0.200638
3 3    0.838964
;

vp :=
1 1   -0.554166
1 2    0.686458
1 3   -0.440418
2 1    0.714014
2 2    0.00760832
2 3    0.696749
3 1    0.0325068
3 2   -0.273556
3 3    0.950623
;

