solve_message = ' \
Ipopt 3.9.1: Optimal Solution Found'

Solve time:
_solve_time = 0.421203

Objective:
p :=
1 1   -0.011747
1 2   -0.0299434
1 3    0.0574532
2 1    0.0339741
2 2    0.00610315
2 3   -0.000819473
3 1   -0.022218
3 2    0.0238379
3 3   -0.0566338
;

phi :=
1 1   0.0861228
1 2   0.0883283
1 3   0.111109
2 1   0.0668127
2 2   0.0386608
2 3   0.168768
3 1   0.0944798
3 2   0.0248419
3 3   0.086677
4 1   0.116745
4 2   0.075674
4 3   0.0776842
;

l [*,1,*]
:       1            2           3        :=
1    0.692875    -0.866114    0.556696
2   -0.0720826   -0.441168    1.18809
3   -0.900886    -0.811792    0.414502
4   -0.137249    -1.23733    -0.218127

 [*,2,*]
:      1           2          3        :=
1   1.19355     0.484883   0.219132
2   0.372323    0.685918   1.03717
3   0.259703   -0.407212   1.1959
4   1.08075    -0.609987   0.378118

 [*,3,*]
:       1          2           3        :=
1    0.304372   1.02982    -0.520609
2   -0.376342   0.419412   -1.13554
3   -1.15982    0.461536   -0.300347
4   -0.480356   1.07201     0.315913
;

np :=
1 1   -0.202193
1 2   -0.515394
1 3    0.421509
2 1    0.893168
2 2    0.160452
2 3   -5.01917e-14
3 1   -0.413478
3 2    0.443623
3 3   -0.381183
;

vp :=
1 1   -0.104031
1 2   -0.83927
1 3    0.485039
2 1    0.726911
2 2    0.0383202
2 3    0.707256
3 1   -0.427766
3 2    0.745937
3 3   -0.4099
;

