solve_message = ' \
Ipopt 3.9.1: Optimal Solution Found'

Solve time:
_solve_time = 0.686404

Objective:
p :=
1 1   -0.0122591
1 2   -0.0325106
1 3   -0.00330536
2 1   -0.0156162
2 2    0.0205231
2 3    0.0643291
3 1    0.0278759
3 2    0.0119866
3 3   -0.0610238
;

phi :=
1 1   0.0214452
1 2   0.228489
1 3   0.145607
2 1   0
2 2   0.0268202
2 3   0.105768
3 1   0.10022
3 2   0
3 3   0
4 1   0.394498
4 2   0.0369325
4 3   0
;

l [*,1,*]
:       1           2           3        :=
1    0.273506   -1.12179    -0.549746
2    0.313957   -1.11457     0.526239
3   -0.825153   -0.787311    0.563703
4   -0.867418   -0.794014   -0.512222

 [*,2,*]
:      1           2            3        :=
1   0.980657    0.801452     0.141308
2   0.578845    0.0967876    1.13433
3   0.827031   -0.714994     0.663194
4   1.22924    -0.0116221   -0.330581

 [*,3,*]
:      1           2           3        :=
1   0.967918    0.764802   0.266482
2   0.439191    0.529939   1.05016
3   0.644689   -0.705099   0.819453
4   1.17374    -0.472202   0.0354033
;

np :=
1 1   -0.335233
1 2   -0.889023
1 3   -8.7929e-10
2 1   -0.0713979
2 2    0.0938326
2 3    0.929952
3 1    0.338188
3 2    0.145423
3 3   -0.642835
;

vp :=
1 1   -0.276293
1 2   -0.954425
1 3    0.00656467
2 1    0.904103
2 2    0.0431865
2 3    0.401668
3 1    0.806596
3 2    0.029453
3 3    0.542563
;

