solve_message = ' \
Ipopt 3.9.1: Optimal Solution Found'

Solve time:
_solve_time = 1.29481

Objective:
p :=
1 1    0.0244925
1 2   -0.0217625
1 3    0.057857
2 1    0.0105965
2 2    0.0211177
2 3   -0.0646645
3 1   -0.035091
3 2    0.000639677
3 3    0.00680744
;

phi :=
1 1   0.244304
1 2   0.0408776
1 3   0.050389
2 1   0.0894876
2 2   0.104221
2 3   0.103046
3 1   0.0469654
3 2   0.0859826
3 3   0.0927235
4 1   0.130551
4 2   0.0128849
4 3   0.037075
;

l [*,1,*]
:       1            2            3        :=
1    0.61999     -0.0164069   1.14617
2   -0.0957049   -0.804659    1.00245
3    0.509043    -1.18586     0.0396183
4    1.2257      -0.39821     0.18181

 [*,2,*]
:       1            2           3        :=
1   -1.01954     -0.420754   -0.67155
2   -0.896374     0.68202    -0.628354
3    0.161044     0.578932   -1.14161
4    0.0395618   -0.524006   -1.18563

 [*,3,*]
:       1           2           3        :=
1   -1.12018    -0.540031   -0.322551
2   -1.04225     0.665091   -0.341862
3   -0.301084    0.606973   -1.08952
4   -0.37783    -0.598242   -1.0714
;

np :=
1 1    0.470892
1 2   -0.418383
1 3    0.442629
2 1    0.0286188
2 2    0.0570214
2 3   -0.964419
3 1   -1.01934
3 2    0.0185825
3 3    1.36895e-07
;

vp :=
1 1    0.565042
1 2   -0.600969
1 3    0.592569
2 1   -0.428876
2 2    0.0786089
2 3   -0.906803
3 1   -0.710366
3 2    0.0329674
3 3   -0.706327
;

