solve_message = ' \
Ipopt 3.9.1: Optimal Solution Found'

Solve time:
_solve_time = 0.530403

Objective:
p :=
1 1   -0.0214881
1 2    0.0252491
1 3   -0.0574137
2 1    0.0352043
2 2   -0.00139501
2 3   -0.00627467
3 1   -0.0137151
3 2   -0.0238522
3 3    0.0636884
;

phi :=
1 1   0.171766
1 2   0.0453178
1 3   0.0289158
2 1   0.193373
2 2   0.0064569
2 3   0.00490816
3 1   0.109433
3 2   0.0543432
3 3   0.0662376
4 1   0.0452403
4 2   0.181364
4 3   0.128086
;

l [*,1,*]
:       1           2           3         :=
1    0.0600147   0.770629   -1.0752
2   -0.694763    0.247044   -1.12226
3   -1.08888     0.724437    0.0925083
4   -0.334728    1.24878     0.141501

 [*,2,*]
:      1           2          3        :=
1   1.19369     0.456376   0.356099
2   0.551506    0.764905   0.924492
3   0.158324   -0.494352   1.16248
4   0.799878   -0.804886   0.594466

 [*,3,*]
:       1           2          3        :=
1    0.912142    0.284896   0.8883
2    0.11061     0.62109    1.14382
3   -0.435084   -0.62489    1.07265
4    0.365579   -0.963068   0.817018
;

np :=
1 1   -0.443626
1 2    0.521271
1 3   -0.419478
2 1    1.0465
2 2   -0.0414695
2 3   -7.78106e-08
3 1   -0.092464
3 2   -0.160797
3 3    0.867006
;

vp :=
1 1   -0.514288
1 2    0.747932
1 3   -0.490844
2 1    0.676105
2 2   -0.0196124
2 3    0.759158
3 1    0.238631
3 2   -0.170627
3 3    0.980347
;

