solve_message = ' \
Ipopt 3.9.1: Optimal Solution Found'

Solve time:
_solve_time = 0.405603

Objective:
p :=
1 1   -0.0260151
1 2    0.0207487
1 3   -0.0568787
2 1    0.0347317
2 2    0.00521012
2 3   -0.00707342
3 1   -0.0087166
3 2   -0.025959
3 3    0.0639521
;

phi :=
1 1   0.179134
1 2   0.0320206
1 3   0.0350371
2 1   0.192444
2 2   0.0395335
2 3   0.0318342
3 1   0.0565597
3 2   0.119304
3 3   0.0854888
4 1   0.0464187
4 2   0.11302
4 3   0.102532
;

l [*,1,*]
:       1           2            3         :=
1   -0.10823     0.547292    -1.16214
2   -0.877479   -0.0636268   -0.926672
3   -1.10953     0.615758     0.0951511
4   -0.340649    1.22776     -0.138691

 [*,2,*]
:      1           2          3        :=
1   0.548317    0.863739   0.772656
2   0.140139    0.021555   1.27347
3   0.852786   -0.702745   0.638422
4   1.2621      0.138286   0.136598

 [*,3,*]
:       1           2          3        :=
1    0.451011    0.389866   1.13686
2   -0.599238    0.373144   1.07582
3   -0.566203   -0.808309   0.820235
4    0.484098   -0.793468   0.880872
;

np :=
1 1   -0.548953
1 2    0.437827
1 3   -0.392875
2 1    1.01296
2 2    0.151953
2 3   -1.80723e-07
3 1   -0.0571202
3 2   -0.170106
3 3    0.892465
;

vp :=
1 1   -0.608665
1 2    0.582039
1 3   -0.533182
2 1    0.700998
2 2    0.080544
2 3    0.705087
3 1   -0.0571645
3 2   -0.209685
3 3    0.978472
;

