solve_message = ' \
Ipopt 3.9.1: Optimal Solution Found'

Solve time:
_solve_time = 1.60681

Objective:
p :=
1 1   -0.00301021
1 2    0.00205322
1 3    0.0650715
2 1    0.0350217
2 2   -0.000343291
2 3   -0.00529091
3 1   -0.0320115
3 2   -0.00170993
3 3   -0.0597806
;

phi :=
1 1   0.0613199
1 2   0.0584278
1 3   0.152845
2 1   0.0720993
2 2   0.0734577
2 3   0.107844
3 1   0.0626632
3 2   0.0843142
3 3   0.104988
4 1   0.0571335
4 2   0.0572094
4 3   0.14343
;

l [*,1,*]
:       1           2          3        :=
1    0.689666   -0.749334   0.779026
2    1.09708     0.278048   0.601018
3    0.145204    0.73269    1.04368
4   -0.263725   -0.293969   1.22239

 [*,2,*]
:      1           2          3        :=
1   0.281235   -0.531244   1.13246
2   1.06951    -0.621452   0.33701
3   1.14107     0.514399   0.277811
4   0.352909    0.606416   1.07316

 [*,3,*]
:       1           2           3        :=
1   -0.165664   -0.310266   -1.23383
2   -0.905991   -0.774608   -0.473713
3   -1.2472      0.236524   -0.186742
4   -0.507419    0.702476   -0.946406
;

np :=
1 1   -1.09502e-07
1 2    7.46891e-08
1 3    1.00772
2 1    1.00464
2 2   -0.00984774
2 3   -2.36763e-08
3 1   -0.53998
3 2   -0.0288437
3 3   -0.556578
;

vp :=
1 1    0.416894
1 2   -0.00855027
1 3    0.9116
2 1    0.710867
2 2   -0.00793383
2 3    0.705427
3 1   -0.706274
3 2   -0.0362831
3 3   -0.710477
;

