solve_message = ' \
Ipopt 3.9.1: Optimal Solution Found'

Solve time:
_solve_time = 0.967206

Objective:
p :=
1 1   -0.0136604
1 2   -0.000235437
1 3    0.0650772
2 1   -0.0218384
2 2    0.000209516
2 3   -0.0656835
3 1    0.0354988
3 2    2.59213e-05
3 3    0.000606215
;

phi :=
1 1   0.0730993
1 2   0.170771
1 3   0.0441797
2 1   0.113823
2 2   0.0268944
2 3   0.115733
3 1   0.0396873
3 2   0.0403887
3 3   0.0910946
4 1   0.0226156
4 2   0.260621
4 3   0.0328877
;

l [*,1,*]
:      1           2           3         :=
1   1.04875    -0.694093    0.246449
2   1.24085     0.319457   -0.0241027
3   0.587647    0.691717    0.905441
4   0.394505   -0.321241    1.17747

 [*,2,*]
:       1           2           3        :=
1   -1.0564     -0.588873   -0.457551
2   -0.892468   -0.249079    0.873786
3   -0.919889    0.590125    0.664145
4   -1.08387     0.251668   -0.667526

 [*,3,*]
:      1           2          3        :=
1   0.590996   -0.754383   0.906761
2   1.29117    -0.303972   0.149928
3   0.97536     0.755205   0.490541
4   0.274679    0.306482   1.24792
;

np :=
1 1   -0.0013809
1 2   -2.37998e-05
1 3    1.00835
2 1   -0.036829
2 2    0.000353334
2 3   -1.07597
3 1    1.10414
3 2    0.000806243
3 3    6.13756e-15
;

vp :=
1 1    0.817861
1 2   -0.00144392
1 3    0.576423
2 1   -0.988221
2 2    0.000825096
2 3    0.102683
3 1    0.782773
3 2    0.0006539
3 3    0.699088
;

