solve_message = ' \
Ipopt 3.9.1: Optimal Solution Found'

Solve time:
_solve_time = 1.88761

Objective:
p :=
1 1   -0.0334963
1 2   -0.00807185
1 3   -0.00212726
2 1    0.0224196
2 2    0.00623413
2 3   -0.0637621
3 1    0.0110757
3 2    0.00183788
3 3    0.065882
;

phi :=
1 1   0.0719036
1 2   0.101399
1 3   0.13602
2 1   0.0743479
2 2   0.0957324
2 3   0.0942923
3 1   0.0622166
3 2   0.0673501
3 3   0.0856999
4 1   0.0611573
4 2   0.068911
4 3   0.117674
;

l [*,1,*]
:       1           2            3         :=
1   -1.23903    -0.151397   -0.00123332
2   -0.898778    0.423521   -0.8199
3   -0.152693   -0.455808   -1.11775
4   -0.491755   -1.03213    -0.29956

 [*,2,*]
:       1           2           3        :=
1    0.41038     0.811244   -0.908252
2    1.16216     0.128662   -0.529085
3    0.506435   -0.787691   -0.876779
4   -0.246385   -0.106568   -1.2565

 [*,3,*]
:       1            2           3        :=
1   -0.0174058    0.791282    1.00886
2   -0.786195    -0.0523887   1.01064
3    0.0421887   -0.808605    0.991813
4    0.812297     0.0338619   0.990009
;

np :=
1 1   -0.871061
1 2   -0.209906
1 3   -3.41391e-11
2 1    0.0553296
2 2    0.0153853
2 3   -0.874064
3 1    0.000344755
3 2    5.7209e-05
3 3    1.09894
;

vp :=
1 1   -0.695699
1 2   -0.304182
1 3   -0.559285
2 1    0.457847
2 2    0.0116834
2 3   -0.892805
3 1    0.0130279
3 2   -0.00862636
3 3    1.00033
;

