solve_message = ' \
Ipopt 3.9.1: Optimal Solution Found'

Solve time:
_solve_time = 0.499203

Objective:
p :=
1 1   -0.00474926
1 2    0.0347125
1 3   -0.0232739
2 1   -0.00450386
2 2   -0.0345982
2 3   -0.0417395
3 1    0.00925311
3 2   -0.000114313
3 3    0.0650134
;

phi :=
1 1   0.119446
1 2   0.0645341
1 3   0.0589759
2 1   0.140361
2 2   0.0791093
2 3   0.0488172
3 1   0.0768681
3 2   0.147551
3 3   0.0519317
4 1   0.0659056
4 2   0.119539
4 3   0.06267
;

l [*,1,*]
:       1          2           3        :=
1    0.420013   1.08194    -0.549645
2   -0.627081   0.915681   -0.643749
3   -0.731583   0.896634    0.549327
4    0.315345   1.06287     0.645331

 [*,2,*]
:       1           2           3        :=
1    0.254253   -1.08462     0.636899
2   -0.788819   -0.919476    0.42112
3   -0.545292   -0.896071   -0.739514
4    0.498168   -1.06118    -0.525584

 [*,3,*]
:       1           2          3        :=
1    0.834953    0.757425   0.634333
2   -0.050886    0.205155   1.27703
3    0.347186   -0.733563   1.03106
4    1.23366    -0.182789   0.387965
;

np :=
1 1   -0.136529
1 2    0.997896
1 3   -0.000754555
2 1   -0.126276
2 2   -0.970036
2 3   -0.0450235
3 1    9.031e-05
3 2   -1.1157e-06
3 3    1.00145
;

vp :=
1 1   -0.155409
1 2    0.989347
1 3    0.000353916
2 1   -0.145007
2 2   -0.990402
2 3   -0.0516842
3 1    0.591581
3 2    0.0117769
3 3    0.832341
;

