solve_message = ' \
Ipopt 3.9.1: Optimal Solution Found'

Solve time:
_solve_time = 0.577204

Objective:
p :=
1 1   -0.0111483
1 2   -0.00672029
1 3    0.0651835
2 1    0.0350251
2 2   -0.000509207
2 3   -0.00071516
3 1   -0.0238768
3 2    0.0072295
3 3   -0.0644684
;

phi :=
1 1   0.0793525
1 2   0.0973587
1 3   0.0598429
2 1   0.0427328
2 2   0.0522417
2 3   0.133019
3 1   0.0407597
3 2   0.0475321
3 3   0.220997
4 1   0.0758578
4 2   0.0894042
4 3   0.0950657
;

l [*,1,*]
:      1           2          3        :=
1   1.15943     0.464668   0.292873
2   0.270824    0.576816   1.11375
3   0.198256   -0.464136   1.17943
4   1.08675    -0.577941   0.358656

 [*,2,*]
:      1           2          3        :=
1   1.18099     0.435162   0.24108
2   0.395519    0.637108   1.03952
3   0.240295   -0.469619   1.16813
4   1.02552    -0.673328   0.369895

 [*,3,*]
:       1           2           3        :=
1   -1.2061      0.106481    0.412702
2   -0.875012    0.765602   -0.542544
3   -0.677243   -0.116596   -1.08492
4   -1.00801    -0.777122   -0.130533
;

np :=
1 1   -0.000842892
1 2   -0.000508116
1 3    1.01993
2 1    1.00566
2 2   -0.0146207
2 3   -1.95177e-14
3 1   -0.0894584
3 2    0.0270871
3 3   -0.944133
;

vp :=
1 1    0.67917
1 2   -0.0001932
1 3    0.735849
2 1    0.710892
2 2   -0.0177502
2 3    0.70434
3 1   -0.941722
3 2   -0.00567177
3 3   -0.335942
;

