solve_message = ' \
Ipopt 3.9.1: Optimal Solution Found'

Solve time:
_solve_time = 0.873606

Objective:
p :=
1 1   -0.0165693
1 2   -0.0227525
1 3    0.0636157
2 1   -0.0144739
2 2    0.0315765
2 3   -0.00572499
3 1    0.0310434
3 2   -0.00882379
3 3   -0.0578907
;

phi :=
1 1   0.00662611
1 2   0.335131
1 3   0.0666013
2 1   0.00326409
2 2   0.0207708
2 3   0
3 1   0.1382
3 2   0.0011216
3 3   0.0184544
4 1   0.160858
4 2   0.133571
4 3   0.144571
;

l [*,1,*]
:       1            2          3        :=
1    0.913595     0.429114   0.778979
2    0.0278601    0.473468   1.18722
3   -0.120519    -0.781082   1.00015
4    0.764979    -0.827435   0.591605

 [*,2,*]
:        1           2           3        :=
1   -0.886173     0.680033   -0.624493
2   -0.671251     0.869733    0.642746
3    0.215362     1.16761     0.448774
4    0.00185249   0.978382   -0.818774

 [*,3,*]
:      1           2            3        :=
1   1.26756     0.0144399   0.0367243
2   0.616325    0.755261    0.814867
3   0.209983   -0.0461723   1.23935
4   0.860568   -0.78827     0.461881
;

np :=
1 1   -0.128042
1 2   -0.175823
1 3    0.860114
2 1   -0.395153
2 2    0.862071
2 3   -4.11119e-08
3 1    0.545155
3 2   -0.154961
3 3   -0.444496
;

vp :=
1 1    0.396832
1 2   -0.176502
1 3    0.889326
2 1   -0.335138
2 2    0.923863
2 3   -0.0884418
3 1    0.738868
3 2   -0.0164807
3 3    0.637895
;

