solve_message = ' \
Ipopt 3.9.1: Optimal Solution Found'

Solve time:
_solve_time = 2.52722

Objective:
p :=
1 1   -0.00294207
1 2   -0.0348184
1 3    0.0400928
2 1   -0.0137895
2 2    0.0319504
2 3    0.0241892
3 1    0.0167312
3 2    0.00286826
3 3   -0.0642821
;

phi :=
1 1   0.144172
1 2   0.108391
1 3   0.0232949
2 1   0.217274
2 2   0.173816
2 3   0.0798975
3 1   0.0596762
3 2   0.0734818
3 3   0.0618048
4 1   0.0365104
4 2   0.0350566
4 3   0.019545
;

l [*,1,*]
:        1            2           3        :=
1    0.744398     -1.02062    -0.13648
2    0.00772572   -0.972024    0.834972
3   -0.821809     -0.975966    0.207027
4   -0.0864581    -1.02457    -0.765426

 [*,2,*]
:       1          2           3        :=
1   -0.849102   0.771484    0.526614
2    0.326248   1.22439     0.123427
3    0.112945   1.01197    -0.741841
4   -1.06274    0.558728   -0.340032

 [*,3,*]
:       1            2           3        :=
1   -0.973201     0.346071   -0.726497
2   -0.0961014    0.894081   -0.82384
3    0.491185    -0.110667   -1.14807
4   -0.384979    -0.660277   -1.05124
;

np :=
1 1   -0.0832332
1 2   -0.985038
1 3    0.0339679
2 1   -0.380613
2 2    0.881881
2 3    0.000988444
3 1    0.00622075
3 2    0.00106625
3 3   -0.925202
;

vp :=
1 1   -0.0387426
1 2   -0.998316
1 3    0.0346358
2 1   -0.368632
2 2    0.891461
2 3   -0.107798
3 1   -0.241124
3 2    0.117083
3 3   -0.937373
;

