solve_message = ' \
Ipopt 3.9.1: Optimal Solution Found'

Solve time:
_solve_time = 0.296402

Objective:
p :=
1 1   -0.00797569
1 2    0.0262449
1 3    0.063794
2 1    0.0108346
2 2    0.00868713
2 3   -0.0648933
3 1   -0.00286109
3 2   -0.034934
3 3    0.00109936
;

phi :=
1 1   0.0975694
1 2   0.0728286
1 3   0.0578351
2 1   0.131027
2 2   0.10807
2 3   0.0577745
3 1   0.111137
3 2   0.125609
3 3   0.051205
4 1   0.0724437
4 2   0.0861507
4 3   0.0642799
;

l [*,1,*]
:       1            2          3        :=
1    0.809513     0.270793   0.958149
2   -0.0472847    1.01263    0.776523
3   -0.79018      0.207271   0.987179
4    0.0654342   -0.535849   1.16914

 [*,2,*]
:       1           2           3        :=
1   -0.314716   -0.623269   -1.08484
2   -0.723425    0.358535   -0.979719
3    0.375243    0.806937   -0.891366
4    0.785702   -0.174153   -0.996344

 [*,3,*]
:       1           2           3        :=
1    0.623211   -1.03796     0.423363
2   -0.406563   -1.00107     0.693414
3   -0.710573   -0.963873   -0.466328
4    0.318717   -1.0007     -0.738226
;

np :=
1 1   -0.0528016
1 2    0.173751
1 3    0.877129
2 1    0.00120204
2 2    0.000963598
2 3   -0.988565
3 1   -0.0824624
3 2   -1.00687
3 3    3.95891e-13
;

vp :=
1 1    0.00971173
1 2    0.238415
1 3    0.97282
2 1    0.0308641
2 2    0.0916213
2 3   -0.988108
3 1   -0.0433918
3 2   -1.00092
3 3   -0.0220519
;

