solve_message = ' \
Ipopt 3.9.1: Optimal Solution Found'

Solve time:
_solve_time = 0.514803

Objective:
p :=
1 1    0.00411022
1 2    0.0348871
1 3    0.00273927
2 1    0.00216694
2 2   -0.0300394
2 3    0.062322
3 1   -0.00627717
3 2   -0.00484777
3 3   -0.0650612
;

phi :=
1 1   0.0446538
1 2   0.0658021
1 3   0.043338
2 1   0.0945881
2 2   0.138742
2 3   0.067719
3 1   0.0974653
3 2   0.133834
3 3   0.144501
4 1   0.0466266
4 2   0.0633619
4 3   0.0950323
;

l [*,1,*]
:       1          2           3        :=
1   -0.289666   1.04391     0.688084
2    0.815743   0.922765    0.366855
3    0.510833   0.950706   -0.696283
4   -0.595062   1.07189    -0.376747

 [*,2,*]
:       1            2          3        :=
1   -0.773165    -0.522833   0.879398
2    0.0619339   -1.14286    0.581339
3    0.812833    -0.30681    0.943851
4   -0.0210706    0.314553   1.24249

 [*,3,*]
:       1            2           3        :=
1   -1.18265      0.350795   -0.353891
2   -0.430375     0.773048   -0.930406
3   -0.0379233   -0.344676   -1.23757
4   -0.789577    -0.768709   -0.661542
;

np :=
1 1    0.120044
1 2    1.01892
1 3    2.36074e-10
2 1    0.0251349
2 2   -0.348435
2 3    0.744893
3 1   -2.42823e-05
3 2   -1.87535e-05
3 3   -1.00661
;

vp :=
1 1    0.110022
1 2    0.997365
1 3   -0.0043954
2 1    0.0198001
2 2   -0.414241
2 3    0.911887
3 1   -0.610432
3 2    0.00244588
3 3   -0.795622
;

