solve_message = ' \
Ipopt 3.9.1: Optimal Solution Found'

Solve time:
_solve_time = 0.327602

Objective:
p :=
1 1   -0.018878
1 2   -0.0275777
1 3   -0.0565728
2 1    0.00306072
2 2    0.0349104
2 3   -0.00845729
3 1    0.015776
3 2   -0.0073119
3 3    0.0650299
;

phi :=
1 1   0.148186
1 2   0.113242
1 3   0.0563577
2 1   0.0950993
2 2   0.0980247
2 3   0.052107
3 1   0.0647877
3 2   0.0597157
3 3   0.086633
4 1   0.10006
4 2   0.0691409
4 3   0.0925879
;

l [*,1,*]
:       1            2           3         :=
1    0.14901     -0.816238   -0.964679
2   -0.0875832   -1.28127    -0.0194009
3   -1.12803     -0.68038     0.0204759
4   -0.893096    -0.214392   -0.924739

 [*,2,*]
:       1           2           3        :=
1    0.841312    0.932843   -0.260505
2   -0.0547476   1.01357    -0.785214
3   -0.666769    1.06235     0.266617
4    0.228316    0.981704    0.793001

 [*,3,*]
:       1            2           3        :=
1   -0.0712089    0.777358    1.01405
2   -0.662647     0.0375368   1.09465
3    0.340462    -0.778902    0.956891
4    0.933498    -0.0403803   0.876071
;

np :=
1 1   -0.408819
1 2   -0.597221
1 3   -0.378319
2 1    0.0881156
2 2    1.00504
2 3   -6.31286e-07
3 1    0.00676532
3 2   -0.00313513
3 3    1.00322
;

vp :=
1 1   -0.489832
1 2   -0.747884
1 3   -0.472462
2 1    0.0873847
2 2    0.997585
2 3    0.00368413
3 1    0.135262
3 2   -0.000802145
3 3    0.985386
;

