solve_message = ' \
Ipopt 3.9.1: Optimal Solution Found'

Solve time:
_solve_time = 0.530403

Objective:
p :=
1 1   -0.0216605
1 2   -0.0213754
1 3   -0.0625655
2 1   -0.0125424
2 2    0.0274813
2 3    0.0606176
3 1    0.0342054
3 2   -0.00610367
3 3    0.00194787
;

phi :=
1 1   0.113867
1 2   0.081869
1 3   0.0817192
2 1   0.16558
2 2   0.0718558
2 3   0.0551087
3 1   0.110111
3 2   0.0519648
3 3   0.067538
4 1   0.0770743
4 2   0.0595558
4 3   0.0996499
;

l [*,1,*]
:       1            2           3        :=
1   -0.922652     0.44288    -0.765543
2   -0.0702764   -0.260005   -1.25459
3   -0.365818    -1.0542     -0.630298
4   -1.21866     -0.35258    -0.140252

 [*,2,*]
:       1          2          3        :=
1    0.498879   1.09474    0.438492
2   -0.584468   1.03326    0.474048
3   -0.508698   0.088743   1.17108
4    0.574769   0.148723   1.13663

 [*,3,*]
:      1           2          3        :=
1   0.963513    0.619972   0.582373
2   0.216234    0.148346   1.25629
3   0.460342   -0.884028   0.805708
4   1.20801    -0.414046   0.131078
;

np :=
1 1   -0.267392
1 2   -0.263873
1 3   -0.76551
2 1   -0.148131
2 2    0.324563
2 3    0.613478
3 1    0.935455
3 2   -0.166925
3 3    2.1693e-11
;

vp :=
1 1   -0.644692
1 2   -0.305696
1 3   -0.697477
2 1   -0.0044476
2 2    0.591392
2 3    0.805048
3 1    0.712322
3 2   -0.132251
3 3    0.693593
;

