solve_message = ' \
Ipopt 3.9.1: Optimal Solution Found'

Solve time:
_solve_time = 0.780005

Objective:
p :=
1 1   -0.0111365
1 2   -0.0300388
1 3    0.0580585
2 1    0.0341198
2 2    0.00545823
2 3   -0.00302191
3 1   -0.0229815
3 2    0.02458
3 3   -0.0550366
;

phi :=
1 1   0.0458261
1 2   0.0964603
1 3   0.179712
2 1   0.0401218
2 2   0.0472712
2 3   0.13537
3 1   0.128109
3 2   0.0468222
3 3   0.0368813
4 1   0.0980373
4 2   0.105608
4 3   0.0741506
;

l [*,1,*]
:       1           2            3         :=
1    0.436685   -0.493385    1.04709
2   -0.667388   -0.506577    0.951439
3   -0.578178   -1.13633    -0.00200902
4    0.526037   -1.12414     0.0921208

 [*,2,*]
:      1           2          3        :=
1   1.02548     0.678594   0.322987
2   0.338713    0.750373   0.961471
3   0.323146   -0.546893   1.08994
4   1.00989    -0.620738   0.451658

 [*,3,*]
:       1          2           3        :=
1   -0.193347   0.679379   -1.05969
2   -1.16831    0.355726   -0.502907
3   -0.831868   0.862247    0.391716
4    0.143627   1.18671    -0.163646
;

np :=
1 1   -0.187136
1 2   -0.504765
1 3    0.453592
2 1    0.902598
2 2    0.144391
2 3   -4.69418e-10
3 1   -0.518584
3 2    0.554655
3 3   -0.312008
;

vp :=
1 1   -0.0702708
1 2   -0.815102
1 3    0.522198
2 1    0.67458
2 2    0.0653049
2 3    0.706259
3 1   -0.512085
3 2    0.771144
3 3   -0.333854
;

