solve_message = ' \
Ipopt 3.9.1: Optimal Solution Found'

Solve time:
_solve_time = 0.546004

Objective:
p :=
1 1    0.0344094
1 2   -0.00524633
1 3   -0.000576432
2 1   -0.0145105
2 2    0.0216446
2 3   -0.0634927
3 1   -0.0198989
3 2   -0.0163983
3 3    0.0640691
;

phi :=
1 1   0.0702159
1 2   0.0798446
1 3   0.102551
2 1   0.0626815
2 2   0.0590948
2 3   0.124232
3 1   0.0644913
3 2   0.0578419
3 3   0.146907
4 1   0.0736063
4 2   0.0790157
4 3   0.112442
;

l [*,1,*]
:      1           2          3        :=
1   1.17142     0.424814   0.274021
2   0.346775    0.488095   1.12689
3   0.24982    -0.579504   1.114
4   1.07431    -0.644486   0.261102

 [*,2,*]
:      1           2           3        :=
1   0.884046    0.519067   -0.796459
2   1.00283     0.635704    0.480721
3   1.105      -0.325278    0.565544
4   0.98638    -0.443445   -0.711501

 [*,3,*]
:       1           2           3        :=
1   -1.08924     0.36819     0.548319
2   -0.875015    0.638856   -0.661931
3   -0.85299    -0.332893   -0.876859
4   -1.06718    -0.605106    0.33305
;

np :=
1 1    0.951055
1 2   -0.145005
1 3   -4.31045e-15
2 1   -0.070615
2 2    0.105332
2 3   -0.848541
3 1   -0.0908988
3 2   -0.0749078
3 3    0.903958
;

vp :=
1 1    0.710912
1 2   -0.0777958
1 3    0.693663
2 1    0.994516
2 2    0.0964649
2 3   -0.115933
3 1   -0.971191
3 2    0.0171537
3 3   -0.163873
;

