solve_message = ' \
Ipopt 3.9.1: Optimal Solution Found'

Solve time:
_solve_time = 1.06081

Objective:
p :=
1 1    0.0349162
1 2   -0.000385981
1 3   -0.0058055
2 1   -0.0084143
2 2    0.0203134
2 3    0.0641898
3 1   -0.0265006
3 2   -0.0199304
3 3   -0.0583843
;

phi :=
1 1   0.0417211
1 2   0.103086
1 3   0.0594145
2 1   0.0935929
2 2   0.0566056
2 3   0.158667
3 1   0.0942816
3 2   0.0331755
3 3   0.19814
4 1   0.043914
4 2   0.0681799
4 3   0.0820969
;

l [*,1,*]
:      1           2          3        :=
1   1.0899     -0.567494   0.371806
2   1.11133     0.583446   0.251908
3   0.33213     0.680013   1.03019
4   0.309462   -0.470773   1.15133

 [*,2,*]
:       1            2          3        :=
1    0.44619      0.883104   0.803727
2   -0.0340211   -0.11909    1.27292
3    0.711381    -0.697406   0.804277
4    1.19278      0.303867   0.334338

 [*,3,*]
:       1           2            3        :=
1   -0.560533   -1.1835      -0.147455
2   -1.24117    -0.179354    -0.407739
3   -0.565504    0.0469725   -1.19059
4    0.116214   -0.95681     -0.93155
;

np :=
1 1    0.983709
1 2   -0.0108735
1 3   -4.53327e-08
2 1   -0.0147683
2 2    0.0356576
2 3    0.915943
3 1   -0.547476
3 2   -0.411739
3 3   -0.471713
;

vp :=
1 1    0.710695
1 2    0.0558393
1 3    0.701357
2 1    0.579274
2 2    0.093018
2 3    0.803629
3 1   -0.562478
3 2   -0.568572
3 3   -0.66923
;

