solve_message = ' \
Ipopt 3.9.1: Optimal Solution Found'

Solve time:
_solve_time = 0.608404

Objective:
p :=
1 1   -0.0143902
1 2   -0.0088433
1 3   -0.0653318
2 1    0.0352142
2 2   -0.00162145
2 3    0.000834227
3 1   -0.0208223
3 2    0.0104656
3 3    0.0644976
;

phi :=
1 1   0.024865
1 2   0.047899
1 3   0.0678631
2 1   0.200737
2 2   0.0274214
2 3   0.0357099
3 1   0.200925
3 2   0.107837
3 3   0.0159863
4 1   0.0687373
4 2   0.201273
4 3   0.0329909
;

l [*,1,*]
:       1           2           3         :=
1   -1.19302     0.190392    0.398646
2   -0.881986    0.701442   -0.610244
3   -0.685479   -0.275057   -1.04649
4   -0.996203   -0.787663   -0.0382932

 [*,2,*]
:       1           2          3        :=
1   0.564699     0.769203   0.849853
2   0.0992771   -0.292359   1.22834
3   0.779815    -0.805345   0.628408
4   1.24632      0.2554     0.248967

 [*,3,*]
:       1           2          3        :=
1    0.664208   -0.497905   0.982706
2    0.456088    0.650582   1.02399
3   -0.625717    0.455265   1.03719
4   -0.419319   -0.693533   0.995931
;

np :=
1 1   -0.00518728
1 2   -0.00318566
1 3   -1.03629
2 1    1.0503
2 2   -0.0483612
2 3    5.73577e-14
3 1   -0.0518342
3 2    0.0260492
3 3    0.947135
;

vp :=
1 1   -0.939297
1 2   -0.0429255
1 3   -0.323693
2 1    0.672714
2 2   -0.0178526
2 3    0.738741
3 1    0.0188977
3 2   -0.0218555
3 3    1.00994
;

