solve_message = ' \
Ipopt 3.9.1: Optimal Solution Found'

Solve time:
_solve_time = 0.780005

Objective:
p :=
1 1    0.000143988
1 2   -0.0344804
1 3   -0.00174417
2 1    0.0248785
2 2    0.0167319
2 3    0.0627278
3 1   -0.0250236
3 2    0.0177465
3 3   -0.0609836
;

phi :=
1 1   0.0639047
1 2   0.152038
1 3   0.0859305
2 1   0.0619145
2 2   0.0944275
2 3   0.138295
3 1   0.0559883
3 2   0.065141
3 3   0.098298
4 1   0.057584
4 2   0.0988332
4 3   0.0638308
;

l [*,1,*]
:       1           2           3        :=
1   -0.739155   -1.00378     0.148191
2   -0.266376   -0.959407   -0.869275
3    0.740117   -0.972092   -0.400909
4    0.268942   -1.01649     0.617303

 [*,2,*]
:      1           2          3        :=
1   0.310085    0.76855    0.984141
2   0.294645   -0.373283   1.1874
3   1.08397    -0.519839   0.431186
4   1.10067     0.62176    0.226721

 [*,3,*]
:       1            2           3        :=
1   -1.20171     -0.223661   -0.357153
2   -0.787551     0.89527    -0.506846
3   -0.0482516    0.533962   -1.17203
4   -0.461231    -0.585545   -1.0234
;

np :=
1 1    0.00376102
1 2   -0.90064
1 3   -1.00167e-11
2 1    0.280852
2 2    0.188884
2 3    0.779516
3 1   -0.324193
3 2    0.229916
3 3   -0.639879
;

vp :=
1 1    0.00069385
1 2   -0.98796
1 3   -0.125767
2 1    0.69735
2 2    0.124752
2 3    0.707281
3 1   -0.62485
3 2    0.15456
3 3   -0.764799
;

