solve_message = ' \
Ipopt 3.9.1: Optimal Solution Found'

Solve time:
_solve_time = 0.608404

Objective:
p :=
1 1    0.00379151
1 2   -0.0308912
1 3   -0.0606909
2 1    0.0137436
2 2    0.0318625
2 3   -0.00343416
3 1   -0.0175326
3 2   -0.000971093
3 3    0.0641251
;

phi :=
1 1   0.0854963
1 2   0.0344837
1 3   0.0580167
2 1   0.216745
2 2   0.112524
2 3   0.140363
3 1   0.103756
3 2   0.116918
3 3   0.0676621
4 1   0.0407192
4 2   0.0339434
4 3   0.0229308
;

l [*,1,*]
:       1           2            3        :=
1    0.405223   -1.16961     -0.313434
2   -0.709761   -0.83187     -0.666327
3   -0.29685    -0.0679088   -1.2428
4    0.818792   -0.404432    -0.890825

 [*,2,*]
:        1           2           3        :=
1    0.660244     0.892426   -0.656147
2   -0.347326     1.2201     -0.258525
3    0.00114079   0.997366    0.800057
4    1.00926      0.669337    0.404121

 [*,3,*]
:       1           2           3        :=
1   0.557353     0.801741    0.813511
2   0.0392286    0.0535119   1.26612
3   0.738615    -0.785082    0.679939
4   1.25785     -0.0381882   0.226392
;

np :=
1 1    0.0535407
1 2   -0.436326
1 3   -0.618688
2 1    0.372921
2 2    0.864567
2 3   -1.14897e-09
3 1   -0.00798623
3 2   -0.000442095
3 3    0.909497
;

vp :=
1 1    0.0547956
1 2   -0.618589
1 3   -0.778206
2 1    0.331233
2 2    0.944677
2 3    0.0722182
3 1    0.648469
3 2    0.0082936
3 3    0.746311
;

