solve_message = ' \
Ipopt 3.9.1: Optimal Solution Found'

Solve time:
_solve_time = 0.577204

Objective:
p :=
1 1   -0.00531948
1 2    0.0340623
1 3    0.00908686
2 1    0.0267171
2 2   -0.0189468
2 3    0.0559983
3 1   -0.0213954
3 2   -0.0151141
3 3   -0.0650852
;

phi :=
1 1   0.139115
1 2   0.0644344
1 3   0.0236022
2 1   0.040991
2 2   0.0455503
2 3   0.0179386
3 1   0.0266667
3 2   0.053946
3 3   0.217928
4 1   0.0787865
4 2   0.193755
4 3   0.137826
;

l [*,1,*]
:       1          2           3        :=
1    0.697129   1.03326    -0.139934
2   -0.33483    1.12655    -0.54584
3   -0.730606   0.864285    0.399465
4    0.300722   0.77058     0.806877

 [*,2,*]
:       1            2          3        :=
1    0.958532     0.256754   0.752044
2   -0.114943    -0.180519   1.14735
3    0.0528433   -1.04087    0.654549
4    1.12659     -0.604964   0.25846

 [*,3,*]
:       1           2            3        :=
1   -1.0847     -0.0841489    0.711162
2   -1.06662     0.715595     0.158411
3   -0.917451   -0.018749    -0.900699
4   -0.935288   -0.819663    -0.349635
;

np :=
1 1   -0.138813
1 2    0.888866
1 3    1.04348e-06
2 1    0.512682
2 2   -0.363577
2 3    0.352233
3 1   -0.107446
3 2   -0.075902
3 3   -1.00921
;

vp :=
1 1   -0.0164849
1 2    0.948633
1 3    0.130304
2 1    0.506183
2 2   -0.392225
2 3    0.702943
3 1   -1.00102
3 2   -0.0520602
3 3   -0.0949703
;

