solve_message = ' \
Ipopt 3.9.1: Optimal Solution Found'

Solve time:
_solve_time = 1.07641

Objective:
p :=
1 1   -0.0316558
1 2   -0.00889651
1 3    0.0552646
2 1    0.0134331
2 2   -0.011926
2 3   -0.0659066
3 1    0.0176101
3 2    0.0213664
3 3    0.0624562
;

phi :=
1 1   0.0602457
1 2   0.115087
1 3   0.192337
2 1   0.0810845
2 2   0.0504914
2 3   0.141353
3 1   0.0678747
3 2   0.0386878
3 3   0.0580995
4 1   0.0482229
4 2   0.0985562
4 3   0.0823685
;

l [*,1,*]
:       1           2          3        :=
1   1.07674     -0.488555   0.344938
2   1.08772      0.436873   0.381763
3   0.0427217    0.417789   1.15899
4   0.0300789   -0.50767    1.1234

 [*,2,*]
:      1           2           3        :=
1   1.008       0.565896   -0.559425
2   0.991803    0.390376    0.701867
3   0.983153   -0.581565    0.567627
4   0.999339   -0.407594   -0.693879

 [*,3,*]
:       1           2           3        :=
1   -1.04581     0.301528   -0.599125
2   -0.92546    -0.647734   -0.574713
3   -0.803986   -0.600657    0.694369
4   -0.924141    0.34868     0.671978
;

np :=
1 1   -0.62193
1 2   -0.174787
1 3    0.321169
2 1    0.00701467
2 2   -0.0062277
2 3   -1.10182
3 1    0.123328
3 2    0.149634
3 3    0.756195
;

vp :=
1 1    0.559311
1 2   -0.0357595
1 3    0.752258
2 1    0.995581
2 2   -0.00815213
2 3    0.00354461
3 1   -0.924897
3 2   -0.149167
3 3    0.0481177
;

