solve_message = ' \
Ipopt 3.9.1: Optimal Solution Found'

Solve time:
_solve_time = 1.20121

Objective:
p :=
1 1    0.0347033
1 2    0.00506083
1 3   -0.010924
2 1   -0.0147581
2 2    0.0217884
2 3    0.0642248
3 1   -0.0199449
3 2   -0.0268495
3 3   -0.0533007
;

phi :=
1 1   0.261418
1 2   0.152097
1 3   0.0303788
2 1   0.0441681
2 2   0.0699711
2 3   0.0224542
3 1   0.0203825
3 2   0.0132845
3 3   0.154672
4 1   0.103154
4 2   0.0308598
4 3   0.128984
;

l [*,1,*]
:      1           2          3        :=
1   1.04655     0.701958   0.194181
2   0.208106    0.563897   1.119
3   0.375891   -0.420343   1.131
4   1.2146     -0.28385    0.206197

 [*,2,*]
:       1           2           3        :=
1   -1.10386     0.615639   0.171968
2   -1.20753    -0.387225   0.0374676
3   -0.476969   -0.594581   1.0156
4   -0.372136    0.407952   1.15166

 [*,3,*]
:       1            2           3        :=
1    0.0387183   -1.1125      0.399645
2   -0.871066    -0.764621    0.477617
3   -0.883858    -0.553825   -0.758322
4    0.0259057   -0.901367   -0.838263
;

np :=
1 1    1.00354
1 2    0.146348
1 3   -3.78693e-06
2 1   -0.0761845
2 2    0.112475
2 3    0.919443
3 1   -0.434002
3 2   -0.584244
3 3   -0.24931
;

vp :=
1 1    0.711622
1 2    0.14047
1 3    0.662226
2 1   -0.790081
2 2    0.0108458
2 3    0.594227
3 1   -0.422213
3 2   -0.833216
3 3   -0.179862
;

