solve_message = ' \
Ipopt 3.9.1: Optimal Solution Found'

Solve time:
_solve_time = 0.920406

Objective:
p :=
1 1   -0.0119612
1 2   -0.0161406
1 3    0.0649319
2 1    0.0348314
2 2   -0.000659622
2 3   -0.00166636
3 1   -0.0228452
3 2    0.0168343
3 3   -0.0632654
;

phi :=
1 1   0.0647674
1 2   0.0921456
1 3   0.120881
2 1   0.053355
2 2   0.0810496
2 3   0.156197
3 1   0.0581938
3 2   0.056108
3 3   0.123367
4 1   0.0702926
4 2   0.0646201
4 3   0.0949382
;

l [*,1,*]
:       1            2           3        :=
1    0.838236     0.0591088   0.968212
2    0.098879     0.745159    1.04258
3   -0.750164    -0.167622    1.02411
4   -0.0121584   -0.855127    0.949718

 [*,2,*]
:      1           2          3        :=
1   1.03479    -0.673266   0.376555
2   1.11354     0.54656    0.368224
3   0.358059    0.601616   1.08295
4   0.278105   -0.618122   1.09242

 [*,3,*]
:       1            2           3        :=
1   -0.26491      0.911562   -0.863863
2   -0.0156147   -0.251931   -1.25928
3   -0.829916    -0.591013   -0.779459
4   -1.08051      0.57194    -0.383279
;

np :=
1 1   -0.0122155
1 2   -0.0164835
1 3    0.992685
2 1    0.96781
2 2   -0.018328
2 3   -7.27728e-12
3 1   -0.18542
3 2    0.136634
3 3   -0.827508
;

vp :=
1 1    0.0439927
1 2   -0.0548939
1 3    0.996126
2 1    0.696093
2 2   -0.0362893
2 3    0.730039
3 1   -0.547837
3 2    0.160603
3 3   -0.821312
;

