solve_message = ' \
Ipopt 3.9.1: Optimal Solution Found'

Solve time:
_solve_time = 0.639604

Objective:
p :=
1 1    0.00840363
1 2   -0.0259
1 3    0.06369
2 1    0.00191991
2 2    0.0349719
2 3    0.00137647
3 1   -0.0103235
3 2   -0.00907187
3 3   -0.0650665
;

phi :=
1 1   0.037336
1 2   0.0922354
1 3   0.030827
2 1   0.133161
2 2   0.0975085
2 3   0.0850227
3 1   0.18207
3 2   0.0300209
3 3   0.195508
4 1   0.0504301
4 2   0.0278702
4 3   0.0717424
;

l [*,1,*]
:      1           2           3        :=
1   0.923852    0.561371    0.66584
2   0.132973    0.0638746   1.27299
3   0.393942   -0.944264    0.788796
4   1.18524    -0.448373    0.180875

 [*,2,*]
:       1          2           3        :=
1   -0.710049   1.00905    -0.336211
2   -0.384314   1.0036      0.695597
3    0.741443   0.992298    0.340755
4    0.417501   0.99773    -0.691619

 [*,3,*]
:       1           2           3        :=
1    0.753877    0.332717   -0.970278
2    0.470213   -0.684633   -0.962511
3   -0.685135   -0.364058   -1.00329
4   -0.403311    0.653801   -1.01112
;

np :=
1 1    0.0532354
1 2   -0.164072
1 3    0.867172
2 1    0.0550863
2 2    1.00342
2 3    1.90971e-12
3 1   -0.0010811
3 2   -0.000950022
3 3   -1.00718
;

vp :=
1 1    0.659316
1 2   -0.19165
1 3    0.726883
2 1    0.0160158
2 2    1.00067
2 3    0.00171932
3 1    0.0340236
3 2   -0.0151377
3 3   -0.986802
;

