solve_message = ' \
Ipopt 3.9.1: Optimal Solution Found'

Solve time:
_solve_time = 0.468003

Objective:
p :=
1 1    0.025857
1 2    0.0142343
1 3   -0.0614817
2 1   -0.00928212
2 2   -0.0333999
2 3   -0.00304976
3 1   -0.0165717
3 2    0.0191619
3 3    0.0645314
;

phi :=
1 1   0.0679267
1 2   0.0563442
1 3   0.190907
2 1   0.203512
2 2   0.0244862
2 3   0.0518597
3 1   0.114374
3 2   0.0476469
3 3   0.0367798
4 1   0.0361807
4 2   0.0854068
4 3   0.115545
;

l [*,1,*]
:      1           2           3        :=
1   1.0701     -0.638461    0.11801
2   1.19842     0.319374   -0.183123
3   0.613987    0.715472    0.830445
4   0.484736   -0.241732    1.13319

 [*,2,*]
:       1           2           3         :=
1    0.61141    -1.12345     0.0125499
2   -0.483544   -0.953745    0.709807
3   -0.97164    -0.841103   -0.0927957
4    0.122536   -1.01063    -0.791331

 [*,3,*]
:       1           2           3        :=
1   -1.07185     0.282567   -0.627605
2   -1.07893    -0.642913   -0.24062
3   -0.889696   -0.167247    0.902102
4   -0.882319    0.758991    0.516936
;

np :=
1 1    0.265738
1 2    0.146291
1 3   -0.67737
2 1   -0.250363
2 2   -0.900881
2 3   -5.00565e-10
3 1   -0.068089
3 2    0.0787309
3 3    0.950616
;

vp :=
1 1    0.841758
1 2    0.0382818
1 3    0.474751
2 1   -0.179873
2 2   -0.9823
2 3   -0.0407206
3 1   -0.980697
3 2    0.0582183
3 3    0.13755
;

