solve_message = ' \
Ipopt 3.9.1: Optimal Solution Found'

Solve time:
_solve_time = 1.15441

Objective:
p :=
1 1   -0.0172408
1 2   -0.0189785
1 3   -0.0644048
2 1    0.034874
2 2    0.00179909
2 3    0.000151353
3 1   -0.0176337
3 2    0.0171807
3 3    0.0642534
;

phi :=
1 1   0
1 2   0.0183531
1 3   0.568944
2 1   0.0696905
2 2   0
2 3   0
3 1   0.501179
3 2   0
3 3   0
4 1   0
4 2   0
4 3   0.100473
;

l [*,1,*]
:       1           2           3        :=
1   -1.12396     0.404417    0.386155
2   -1.03022     0.703256   -0.301877
3   -0.727803   -0.630111   -0.839169
4   -0.821065   -0.931074   -0.151993

 [*,2,*]
:      1           2          3        :=
1   1.15155     0.571203   0.142238
2   0.159746    0.471227   1.13347
3   0.264188   -0.361082   1.15973
4   1.25616    -0.262431   0.168536

 [*,3,*]
:       1            2          3        :=
1    0.616946     0.532394   0.955101
2   -0.0868546    0.930433   0.885638
3   -0.794392    -0.307018   0.951675
4   -0.091718    -0.707027   1.02124
;

np :=
1 1   -0.076143
1 2   -0.0838172
1 3   -0.937634
2 1    0.98288
2 2    0.0507051
2 3    3.7113e-19
3 1   -0.061031
3 2    0.0594629
3 3    0.922318
;

vp :=
1 1   -0.925799
1 2   -0.113497
1 3   -0.226447
2 1    0.708305
2 2    0.104769
2 3    0.6506
3 1   -0.0887244
3 2    0.112037
3 3    0.953442
;

