solve_message = ' \
Ipopt 3.9.1: Optimal Solution Found'

Solve time:
_solve_time = 0.546004

Objective:
p :=
1 1   -0.0017149
1 2    0.0331937
1 3   -0.0582499
2 1    0.0103368
2 2   -0.0335222
2 3   -0.00600838
3 1   -0.00862191
3 2    0.000328457
3 3    0.0642584
;

phi :=
1 1   0.0737445
1 2   0.0666437
1 3   0.0761754
2 1   0.199071
2 2   0.0464666
2 3   0.0889738
3 1   0.0644761
3 2   0.168352
3 3   0.0707027
4 1   0.070597
4 2   0.0558813
4 3   0.059473
;

l [*,1,*]
:       1           2           3        :=
1    0.628044    0.855166   -0.715291
2   -0.274762    0.525836   -1.15121
3   -0.878877    0.805508   -0.181974
4    0.0229664   1.13528     0.255485

 [*,2,*]
:       1            2           3        :=
1    0.0888982   -0.745259    0.881851
2   -0.537346    -1.16227    -0.132346
3    0.263833    -1.11426    -0.636527
4    0.891353    -0.697167    0.376867

 [*,3,*]
:       1           2          3        :=
1    0.762844    0.161643   1.01826
2   -0.291591    0.755687   0.994295
3   -0.808221   -0.159154   0.983149
4    0.245391   -0.754655   1.0071
;

np :=
1 1   -0.0359393
1 2    0.695643
1 3   -0.464166
2 1    0.299394
2 2   -0.970933
2 3   -5.766e-08
3 1   -5.52888e-05
3 2    2.10626e-06
3 3    0.922817
;

vp :=
1 1   -0.125297
1 2    0.830579
1 3   -0.448073
2 1    0.176934
2 2   -0.929573
2 3    0.122865
3 1   -0.0224745
3 2    0.000643324
3 3    1.00071
;

