solve_message = ' \
Ipopt 3.9.1: Optimal Solution Found'

Solve time:
_solve_time = 0.780005

Objective:
p :=
1 1   -0.011914
1 2    0.0281691
1 3    0.0605743
2 1    0.034476
2 2   -0.0053337
2 3   -0.000298176
3 1   -0.0225618
3 2   -0.0228351
3 3   -0.0602761
;

phi :=
1 1   0.0816014
1 2   0.0836069
1 3   0.10014
2 1   0.0575013
2 2   0.0524115
2 3   0.0844114
3 1   0.0509676
3 2   0.0621024
3 3   0.128704
4 1   0.0739769
4 2   0.0999524
4 3   0.160533
;

l [*,1,*]
:       1           2           3        :=
1   -0.107293   1.217        0.25331
2   -0.765487   0.489924     0.870354
3    0.134778   0.00732478   1.26308
4    0.794406   0.733634     0.646664

 [*,2,*]
:      1           2          3        :=
1   0.911269    0.725515   0.489467
2   0.14001     0.227734   1.23686
3   0.474724   -0.748991   0.933655
4   1.24652    -0.252765   0.185775

 [*,3,*]
:        1            2           3        :=
1   -0.474388     -1.13101    -0.384909
2   -1.24311      -0.123353   -0.232605
3   -0.771135      0.346576   -0.947022
4   -0.00166015   -0.660334   -1.10046
;

np :=
1 1   -0.151577
1 2    0.358385
1 3    0.610412
2 1    0.965963
2 2   -0.149442
2 3   -4.24628e-17
3 1   -0.383717
3 2   -0.388364
3 3   -0.589687
;

vp :=
1 1    0.0143636
1 2    0.612261
1 3    0.758107
2 1    0.693437
2 2   -0.0119286
2 3    0.711143
3 1   -0.622267
3 2   -0.392432
3 3   -0.666311
;

