solve_message = ' \
Ipopt 3.9.1: Optimal Solution Found'

Solve time:
_solve_time = 0.499203

Objective:
p :=
1 1   -0.0230767
1 2    0.0143248
1 3   -0.0647716
2 1   -0.0123817
2 2   -0.0141681
2 3    0.0651691
3 1    0.0354778
3 2   -0.000138274
3 3   -0.00039745
;

phi :=
1 1   0.0538377
1 2   0.0539586
1 3   0.124928
2 1   0.136307
2 2   0.0387562
2 3   0.0564463
3 1   0.214002
3 2   0.0421357
3 3   0.0554698
4 1   0.0798626
4 2   0.0578765
4 3   0.12088
;

l [*,1,*]
:       1           2           3         :=
1   -1.22818     0.358863    0.0550439
2   -0.584077    0.745642   -0.869156
3   -0.424168   -0.266254   -1.18312
4   -1.06801    -0.654644   -0.259421

 [*,2,*]
:       1           2          3        :=
1    0.449633    0.580103   1.05237
2   -0.64906     0.588047   0.937315
3   -0.658793   -0.571029   0.943662
4    0.439885   -0.580818   1.05873

 [*,3,*]
:      1           2          3        :=
1   1.17132     0.530392   0.293042
2   0.420232    0.648225   1.06421
3   0.324685   -0.539579   1.15353
4   1.07562    -0.659304   0.382508
;

np :=
1 1   -0.144002
1 2    0.0893883
1 3   -0.975664
2 1   -0.00852946
2 2   -0.0097636
2 3    1.01836
3 1    1.0996
3 2   -0.00428568
3 3   -3.18547e-16
;

vp :=
1 1   -0.826364
1 2    0.0457476
1 3   -0.563795
2 1   -0.104146
2 2    0.00407224
2 3    0.998067
3 1    0.748265
3 2   -0.00511376
3 3    0.723014
;

