solve_message = ' \
Ipopt 3.9.1: Optimal Solution Found'

Solve time:
_solve_time = 1.21681

Objective:
p :=
1 1    0.0092737
1 2   -0.0334637
1 3   -0.000866453
2 1    0.0123183
2 2    0.0234097
2 3   -0.0631173
3 1   -0.0215914
3 2    0.0100537
3 3    0.0639837
;

phi :=
1 1   0.189845
1 2   0.120979
1 3   0
2 1   0
2 2   0.0445323
2 3   0.495714
3 1   0
3 2   0
3 3   0.0040775
4 1   0.321587
4 2   0
4 3   0
;

l [*,1,*]
:       1           2           3        :=
1    0.969892   -0.681799   -0.371283
2    0.35424    -0.806249    0.887619
3   -0.322055   -1.13025     0.526317
4    0.29252    -1.00631    -0.733159

 [*,2,*]
:      1           2           3        :=
1   1.08035     0.558762   -0.398751
2   0.715468    0.713543    0.631275
3   0.767695   -0.374972    0.811886
4   1.13266    -0.531486   -0.217852

 [*,3,*]
:       1           2          3        :=
1    0.741582    0.503908   0.913029
2   -0.563025    0.423979   1.03201
3   -0.497529   -0.510606   1.01179
4    0.807183   -0.432167   0.892776
;

np :=
1 1    0.252712
1 2   -0.911898
1 3   -7.47859e-14
2 1    0.0655952
2 2    0.124663
2 3   -0.814037
3 1   -0.0612511
3 2    0.0285216
3 3    0.895557
;

vp :=
1 1    0.323894
1 2   -0.906102
1 3    0.0768717
2 1    0.924187
2 2    0.0914
2 3    0.206229
3 1    0.122573
3 2   -0.00368987
3 3    0.962354
;

