solve_message = ' \
Ipopt 3.9.1: Optimal Solution Found'

Solve time:
_solve_time = 0.686404

Objective:
p :=
1 1   -0.00563489
1 2    0.0345921
1 3   -0.0150339
2 1    0.00357548
2 2   -0.0342682
2 3   -0.0501288
3 1    0.00205942
3 2   -0.000323899
3 3    0.0651628
;

phi :=
1 1   0.135987
1 2   0.137096
1 3   0.0584137
2 1   0.121545
2 2   0.0796046
2 3   0.0515081
3 1   0.0694974
3 2   0.0719912
3 3   0.050594
4 1   0.0775114
4 2   0.124159
4 3   0.0575358
;

l [*,1,*]
:       1           2           3         :=
1   -0.302726    0.961712   -0.791937
2   -0.964926    0.843288    0.0413516
3   -0.0536498   1.00946     0.79033
4    0.610001    1.12815    -0.0417654

 [*,2,*]
:       1            2           3        :=
1    0.0565805   -0.832986   -0.971832
2    0.894258    -0.891065   -0.216402
3    0.14411     -1.12292     0.600654
4   -0.694763    -1.06521    -0.153475

 [*,3,*]
:       1           2           3        :=
1    0.527195   -0.733405    0.904619
2    1.21926    -0.0642854   0.395289
3    0.590494    0.860218    0.753884
4   -0.102574    0.192571    1.26379
;

np :=
1 1   -0.162328
1 2    0.996518
1 3   -3.54092e-05
2 1    0.0929638
2 2   -0.890987
2 3   -0.162263
3 1    2.62472e-09
3 2   -4.13037e-10
3 3    1.01766
;

vp :=
1 1   -0.177561
1 2    0.985699
1 3   -0.000836961
2 1    0.0997123
2 2   -0.978022
2 3   -0.185565
3 1    0.558318
3 2    0.0635085
3 3    0.829597
;

