solve_message = ' \
Ipopt 3.9.1: Optimal Solution Found'

Solve time:
_solve_time = 0.530403

Objective:
p :=
1 1   -0.0158699
1 2    0.0132616
1 3   -0.0649591
2 1   -0.0191504
2 2   -0.0131662
2 3    0.0650588
3 1    0.0350219
3 2   -9.58669e-05
3 3   -9.97023e-05
;

phi :=
1 1   0.151869
1 2   0.0763741
1 3   0.0498117
2 1   0.196598
2 2   0.0456777
2 3   0.0679552
3 1   0.089682
3 2   0.0448846
3 3   0.0942705
4 1   0.0716296
4 2   0.0750496
4 3   0.0704109
;

l [*,1,*]
:       1           2           3         :=
1   -0.793305    0.696397   -0.729972
2   -0.646991   -0.287411   -1.06981
3   -1.06293    -0.713349   -0.0163237
4   -1.20991     0.269781    0.325189

 [*,2,*]
:      1           2          3        :=
1   1.18353     0.456915   0.194824
2   0.346902    0.556777   1.10322
3   0.290471   -0.461071   1.16543
4   1.12701    -0.562555   0.257132

 [*,3,*]
:      1           2           3        :=
1   0.148614    0.0516436   1.27239
2   0.633122   -0.797791    0.778401
3   1.273      -0.0612814   0.137827
4   0.789511    0.789326    0.630798
;

np :=
1 1   -0.0193003
1 2    0.0161283
1 3   -0.995606
2 1   -0.046888
2 2   -0.0322352
2 3    1.00635
3 1    1.00442
3 2   -0.00274944
3 3   -1.9912e-20
;

vp :=
1 1   -0.928341
1 2   -0.00825346
1 3   -0.372593
2 1    0.73731
2 2   -0.00252363
2 3    0.679788
3 1    0.710869
3 2   -0.00418694
3 3    0.705051
;

