solve_message = ' \
Ipopt 3.9.1: Optimal Solution Found'

Solve time:
_solve_time = 0.904806

Objective:
p :=
1 1    0.00815316
1 2   -0.0340524
1 3   -0.0245694
2 1   -0.0126415
2 2   -0.000570444
2 3    0.0655013
3 1    0.0044935
3 2    0.0346229
3 3   -0.0409319
;

phi :=
1 1   0.0463314
1 2   0.0329673
1 3   0.0490838
2 1   0.113413
2 2   0.0539733
2 3   0.125437
3 1   0.172683
3 2   0.0676193
3 3   0.185236
4 1   0.071651
4 2   0.0429534
4 3   0.0731413
;

l [*,1,*]
:       1           2           3        :=
1    0.638235   -0.856795    0.704769
2   -0.492786   -1.14656     0.294777
3   -0.161725   -1.08215    -0.669434
4    0.969822   -0.79229    -0.260978

 [*,2,*]
:       1           2          3        :=
1    0.844458    0.387359   0.888844
2   -0.114155    0.67263    1.09216
3   -0.471048   -0.513953   1.07431
4    0.486997   -0.801113   0.870965

 [*,3,*]
:       1          2           3        :=
1    0.776035   0.930148    0.421261
2    0.47855    0.916862   -0.757306
3   -0.527102   1.05243    -0.50675
4   -0.231219   1.06593     0.672216
;

np :=
1 1    0.233542
1 2   -0.975407
1 3   -0.00110247
2 1   -0.000798743
2 2   -3.60177e-05
2 3    1.05525
3 1    0.126489
3 2    0.974609
3 3   -0.0392678
;

vp :=
1 1    0.238837
1 2   -0.969333
1 3    0.0174464
2 1    0.186945
2 2   -0.0638834
2 3    0.981488
3 1    0.124184
3 2    0.991348
3 3   -0.0421753
;

