solve_message = ' \
Ipopt 3.9.1: Optimal Solution Found'

Solve time:
_solve_time = 2.66762

Objective:
p :=
1 1   -0.00258491
1 2   -0.00255638
1 3   -0.0653244
2 1    0.00183518
2 2    0.0349815
2 3    0.00601598
3 1    0.00074965
3 2   -0.0324251
3 3    0.0593084
;

phi :=
1 1   0.0853263
1 2   0.0744914
1 3   0.112821
2 1   0.0553023
2 2   0.0696522
2 3   0.0946219
3 1   0.0624197
3 2   0.0880684
3 3   0.0950059
4 1   0.092548
4 2   0.0892988
4 3   0.114669
;

l [*,1,*]
:       1           2           3        :=
1   -0.404694    0.376947   -1.16585
2    0.837494    0.649685   -0.805598
3    1.05481    -0.337736   -0.809546
4   -0.187031   -0.612047   -1.16981

 [*,2,*]
:       1          2           3        :=
1    0.777842   0.962431    0.337298
2    0.417489   0.980984   -0.713023
3   -0.67184    1.03904    -0.339194
4   -0.313221   1.02058     0.711722

 [*,3,*]
:       1           2          3        :=
1   -0.664875   -1.08794    0.205643
2    0.351259   -1.24413    0.239483
3    0.459821   -0.40921    1.18512
4   -0.556141   -0.251692   1.15279
;

np :=
1 1   -9.27266e-08
1 2   -9.17174e-08
1 3   -1.03546
2 1    0.0527006
2 2    1.00456
2 3    5.81764e-08
3 1    0.0135632
3 2   -0.586666
3 3    0.526526
;

vp :=
1 1    0.32465
1 2    0.0191031
1 3   -0.987844
2 1    0.0527107
2 2    1.00075
2 3   -0.000380633
3 1   -0.102889
3 2   -0.748179
3 3    0.695747
;

