solve_message = ' \
Ipopt 3.9.1: Optimal Solution Found'

Solve time:
_solve_time = 0.546003

Objective:
p :=
1 1    0.000434901
1 2    0.0337059
1 3   -0.0543743
2 1   -0.0109766
2 2   -0.000306446
2 3    0.06529
3 1    0.0105417
3 2   -0.0333994
3 3   -0.0109158
;

phi :=
1 1   0.1236
1 2   0.0741189
1 3   0.11647
2 1   0.11885
2 2   0.0662535
2 3   0.104336
3 1   0.0734608
3 2   0.0617498
3 3   0.0681777
4 1   0.0814707
4 2   0.0637178
4 3   0.0831805
;

l [*,1,*]
:       1          2           3         :=
1    0.737301   1.04185    -0.0575548
2    0.507066   0.637542   -0.988461
3   -0.681197   0.777059   -0.756986
4   -0.452854   1.18159     0.17429

 [*,2,*]
:       1           2           3         :=
1   -0.401492    0.178313    1.20494
2   -0.861601    0.802367    0.508171
3   -1.2649     -0.173237   -0.0999508
4   -0.805437   -0.798846    0.595853

 [*,3,*]
:       1            2           3        :=
1    0.9501      -0.826114   -0.363331
2    0.618456    -0.90509     0.785492
3   -0.373815    -1.1753      0.47405
4   -0.0437514   -1.09675    -0.675269
;

np :=
1 1    0.00991662
1 2    0.768562
1 3   -0.286656
2 1   -0.000299093
2 2   -8.34978e-06
2 3    1.03166
3 1    0.302408
3 2   -0.958126
3 3   -3.76686e-06
;

vp :=
1 1    0.0276702
1 2    0.909671
1 3   -0.406807
2 1   -0.833175
2 2    0.0019002
2 3    0.552532
3 1    0.287879
3 2   -1.00078
3 3    0.0547776
;

