solve_message = ' \
Ipopt 3.9.1: Optimal Solution Found'

Solve time:
_solve_time = 0.296402

Objective:
p :=
1 1   -0.0117175
1 2   -0.0328752
1 3   -0.00270463
2 1    0.0261183
2 2    0.013333
2 3   -0.0618993
3 1   -0.0144007
3 2    0.0195421
3 3    0.0646039
;

phi :=
1 1   0.0958903
1 2   0.229444
1 3   0.0253926
2 1   0.0314256
2 2   0.0880696
2 3   0.0529331
3 1   0.0319964
3 2   0.029067
3 3   0.170208
4 1   0.0971232
4 2   0.0833976
4 3   0.0951757
;

l [*,1,*]
:       1           2           3        :=
1    0.131415   -1.04922    -0.717742
2    0.221618   -1.15607     0.500884
3   -0.754745   -0.837591    0.60239
4   -0.846503   -0.730234   -0.616075

 [*,2,*]
:      1           2           3         :=
1   1.15258     0.485467   -0.163658
2   0.582448    0.595339    0.939825
3   0.579091   -0.401706    1.03944
4   1.14922    -0.513166   -0.0638817

 [*,3,*]
:       1           2            3         :=
1   -0.848298   -0.687042    0.668694
2   -0.666722    0.245295    1.06475
3   -1.02396     0.764431    0.00881452
4   -1.20611    -0.167079   -0.388925
;

np :=
1 1   -0.329147
1 2   -0.92347
1 3   -2.15953e-10
2 1    0.258146
2 2    0.131779
2 3   -0.710239
3 1   -0.0457986
3 2    0.06215
3 3    0.958113
;

vp :=
1 1   -0.31209
1 2   -0.943235
1 3   -0.0581214
2 1    0.866064
2 2    0.0414393
2 3    0.437492
3 1   -0.936346
3 2    0.0385301
3 3    0.338176
;

