solve_message = ' \
Ipopt 3.9.1: Optimal Solution Found'

Solve time:
_solve_time = 1.66921

Objective:
p :=
1 1    0.0350292
1 2    0.000237967
1 3   -0.00469975
2 1   -0.00374001
2 2    0.00537998
2 3    0.0648921
3 1   -0.0312892
3 2   -0.00561797
3 3   -0.0601924
;

phi :=
1 1   0.0436044
1 2   0.0511741
1 3   0.15473
2 1   0.0781053
2 2   0.087094
2 3   0.168913
3 1   0.102503
3 2   0.0447088
3 3   0.0906851
4 1   0.0643744
4 2   0.0559329
4 3   0.0946252
;

l [*,1,*]
:      1            2           3        :=
1   0.72223    -0.823718     0.738555
2   1.31201     0.0302333    0.133709
3   0.730012    0.844788     0.704524
4   0.139305   -0.00786587   1.31028

 [*,2,*]
:       1           2          3        :=
1    0.773733   -0.598784   0.906871
2    0.550557    0.66738    1.08978
3   -0.475981    0.480731   1.16098
4   -0.25444    -0.78573    0.97819

 [*,3,*]
:       1            2            3        :=
1   -0.819628     0.5226      -0.940472
2    0.0030542   -0.0501718   -1.2691
3   -0.342249    -1.04954     -0.629709
4   -1.16548     -0.478363    -0.300068
;

np :=
1 1    1.006
1 2    0.00683414
1 3   -1.03306e-08
2 1   -4.59793e-06
2 2    6.61409e-06
2 3    0.98844
3 1   -0.501905
3 2   -0.0901178
3 3   -0.583979
;

vp :=
1 1    0.725654
1 2    0.0105194
1 3    0.722008
2 1    0.148556
2 2   -0.0596054
2 3    1.03388
3 1   -0.581404
3 2   -0.263642
3 3   -0.784705
;

