solve_message = ' \
Ipopt 3.9.1: Optimal Solution Found'

Solve time:
_solve_time = 0.468003

Objective:
p :=
1 1   -0.00219332
1 2   -0.00352348
1 3   -0.0653642
2 1    0.00681688
2 2    0.0337864
2 3    0.00419237
3 1   -0.00462324
3 2   -0.0302631
3 3    0.0611646
;

phi :=
1 1   0.0670745
1 2   0.0545452
1 3   0.130509
2 1   0.0962497
2 2   0.0634727
2 3   0.090137
3 1   0.126194
3 2   0.0803694
3 3   0.0713657
4 1   0.0858993
4 2   0.0694628
4 3   0.101355
;

l [*,1,*]
:       1           2           3        :=
1   -0.615337    0.690471   -0.889942
2    0.494647    0.324143   -1.13983
3    0.177082   -0.692011   -1.06727
4   -0.933408   -0.327301   -0.817274

 [*,2,*]
:       1          2           3        :=
1   -0.577649   1.1363     -0.178013
2   -0.341486   0.932827    0.783342
3    0.867122   0.825957    0.446088
4    0.632883   1.02926    -0.515805

 [*,3,*]
:       1           2           3        :=
1    0.412288   -1.02829     0.657909
2    0.497101    0.0156165   1.17925
3   -0.591068    0.131748    1.12989
4   -0.677615   -0.911978    0.608474
;

np :=
1 1   -1.74208e-07
1 2   -2.79885e-07
1 3   -1.03988
2 1    0.177643
2 2    0.880452
2 3    4.14492e-09
3 1   -0.059157
3 2   -0.387234
3 3    0.653293
;

vp :=
1 1   -0.219697
1 2   -0.001029
1 3   -0.97848
2 1    0.145124
2 2    0.981166
2 3    0.13352
3 1   -0.0898577
3 2   -0.448643
3 3    0.893672
;

