solve_message = ' \
Ipopt 3.9.1: Optimal Solution Found'

Solve time:
_solve_time = 0.811205

Objective:
p :=
1 1   -0.0137067
1 2    0.0225965
1 3    0.0640157
2 1   -0.02109
2 2   -0.0261739
2 3   -0.0542699
3 1    0.0347967
3 2    0.00357762
3 3   -0.00974585
;

phi :=
1 1   0.0978561
1 2   0.0432015
1 3   0.157325
2 1   0.0838094
2 2   0.0264957
2 3   0.114571
3 1   0.0171666
3 2   0.151175
3 3   0.0142411
4 1   0.0218626
4 2   0.283794
4 3   0.0217234
;

l [*,1,*]
:       1           2          3        :=
1    0.800632    0.70351    0.709897
2   -0.26341     0.597668   1.10309
3   -0.129079   -0.51682    1.17026
4    0.935177   -0.412754   0.777169

 [*,2,*]
:       1           2           3        :=
1    0.218954   -1.19926    -0.294642
2   -0.457141   -1.08021     0.437979
3   -1.16763    -0.399578   -0.327027
4   -0.492662   -0.517548   -1.06087

 [*,3,*]
:      1           2          3        :=
1   1.09952     0.61085    0.235721
2   0.418576    0.808318   0.906582
3   0.313889   -0.439492   1.16838
4   0.994666   -0.638948   0.497935
;

np :=
1 1   -0.0725755
1 2    0.119654
1 3    0.898694
2 1   -0.472788
2 2   -0.586738
2 3   -0.282824
3 1    0.990792
3 2    0.101865
3 3   -1.70348e-06
;

vp :=
1 1    0.336254
1 2    0.0929429
1 3    0.939948
2 1   -0.47435
2 2   -0.799197
2 3   -0.311431
3 1    0.706934
3 2    0.085103
3 3    0.701887
;

