solve_message = ' \
Ipopt 3.9.1: Optimal Solution Found'

Solve time:
_solve_time = 1.82521

Objective:
p :=
1 1   -0.00779748
1 2   -0.0341743
1 3   -9.44296e-05
2 1   -0.011115
2 2    0.0235765
2 3   -0.064761
3 1    0.0189124
3 2    0.0105978
3 3    0.0648554
;

phi :=
1 1   0
1 2   0.389861
1 3   0
2 1   0
2 2   0
2 3   0.229532
3 1   0.551901
3 2   0
3 3   0
4 1   0.0771704
4 2   0
4 3   0
;

l [*,1,*]
:       1           2           3        :=
1   -1.01557    -0.793952    0.159196
2   -0.357568   -0.956392   -0.785178
3    0.529245   -1.16306    -0.14422
4   -0.127347   -1.00095     0.801175

 [*,2,*]
:       1           2           3        :=
1   -0.953154    0.788635   -0.302534
2   -0.653095    0.282665   -1.07918
3   -0.858231   -0.813287   -0.454486
4   -1.15862    -0.309062    0.323157

 [*,3,*]
:       1           2           3         :=
1   -0.989066   -0.286542    0.768124
2   -0.952238    0.840728    0.110984
3   -0.996938    0.362744   -0.709187
4   -1.03384    -0.765287   -0.0533528
;

np :=
1 1   -0.224802
1 2   -0.985247
1 3   -1.36564e-20
2 1   -0.0541747
2 2    0.114912
2 3   -0.974542
3 1    0.0305174
3 2    0.0171008
3 3    0.984533
;

vp :=
1 1   -0.243072
1 2   -0.978524
1 3    0.0081198
2 1   -0.905894
2 2   -0.0125613
2 3   -0.377951
3 1   -0.993034
3 2    0.0374613
3 3    0.0294039
;

