solve_message = ' \
Ipopt 3.9.1: Optimal Solution Found'

Solve time:
_solve_time = 0.858006

Objective:
p :=
1 1    0.0176102
1 2   -0.0213664
1 3    0.0624562
2 1    0.0134331
2 2    0.011926
2 3   -0.0659066
3 1   -0.0316558
3 2    0.0088965
3 3    0.0552646
;

phi :=
1 1   0.0492141
1 2   0.0458707
1 3   0.0811185
2 1   0.225854
2 2   0.0741528
2 3   0.0452907
3 1   0.13665
3 2   0.133024
3 3   0.0599212
4 1   0.0582025
4 2   0.0475915
4 3   0.0810202
;

l [*,1,*]
:       1           2            3        :=
1   -0.769195    0.826125     0.434988
2   -1.02779     0.324742    -0.704046
3   -1.08077    -0.527519    -0.339953
4   -0.822259   -0.0274927    0.799661

 [*,2,*]
:      1           2            3         :=
1   0.904281   -0.24912     0.826517
2   0.933569   -0.845795    0.110234
3   1.04802     0.158669   -0.723023
4   1.01891     0.756943   -0.00806768

 [*,3,*]
:       1            2          3        :=
1    1.18133      0.183808   0.27613
2    0.262051     0.752834   0.931822
3   -0.0631794   -0.111147   1.22867
4    0.855579    -0.681548   0.573454
;

np :=
1 1    0.123328
1 2   -0.149633
1 3    0.756196
2 1    0.0070145
2 2    0.00622755
2 3   -1.10182
3 1   -0.62193
3 2    0.174786
3 3    0.321169
;

vp :=
1 1   -0.924899
1 2    0.149163
1 3    0.0481169
2 1    0.976183
2 2   -0.0445877
2 3    0.0517001
3 1    0.559311
3 2    0.0357595
3 3    0.752259
;

