solve_message = ' \
Ipopt 3.9.1: Optimal Solution Found'

Solve time:
_solve_time = 2.80802

Objective:
p :=
1 1    0.0161731
1 2   -0.0114946
1 3    0.0657283
2 1   -0.00345925
2 2    0.0352449
2 3   -0.00293504
3 1   -0.012714
3 2   -0.0237502
3 3   -0.0627932
;

phi :=
1 1   0
1 2   0.0692948
1 3   0.14609
2 1   0.153828
2 2   0.154566
2 3   0.168906
3 1   0.119124
3 2   0
3 3   0.215565
4 1   0.0324886
4 2   0
4 3   0.184441
;

l [*,1,*]
:      1           2           3        :=
1   0.523786   -0.374137    1.13586
2   1.23909    -0.366754   -0.175873
3   1.30547     0.413412   -0.138157
4   0.590272    0.407272    1.17363

 [*,2,*]
:       1          2          3        :=
1    0.358753   1.03574    0.785393
2    0.656633   1.05792   -0.425905
3   -0.412718   1.07041   -0.679636
4   -0.7123     1.04825    0.531258

 [*,3,*]
:       1           2            3        :=
1   -1.20549     0.510069    -0.248745
2   -1.19813    -0.198923    -0.549835
3   -0.602415   -0.727717     0.714167
4   -0.608826   -0.0195676    1.01727
;

np :=
1 1    0.0153179
1 2   -0.0108872
1 3    1.08111
2 1   -0.106066
2 2    1.08067
2 3   -3.81824e-10
3 1   -0.0755197
3 2   -0.14107
3 3   -0.785227
;

vp :=
1 1    0.914371
1 2    0.0199453
1 3    0.499387
2 1   -0.0275271
2 2    1.05307
2 3    0.0532604
3 1   -0.903719
3 2   -0.108752
3 3    0.233335
;

