solve_message = ' \
Ipopt 3.9.1: Optimal Solution Found'

Solve time:
_solve_time = 1.21681

Objective:
p :=
1 1   -0.0234803
1 2   -0.023334
1 3   -0.0580318
2 1    0.034851
2 2   -0.00292047
2 3   -0.00492999
3 1   -0.0113707
3 2    0.0262547
3 3    0.0629618
;

phi :=
1 1   0.0625502
1 2   0.125426
1 3   0.0663862
2 1   0.0609214
2 2   0.0795526
2 3   0.0319406
3 1   0.179139
3 2   0.0332685
3 3   0.0533306
4 1   0.182619
4 2   0.0613898
4 3   0.0982724
;

l [*,1,*]
:       1           2           3        :=
1   -0.442479   -1.19469    -0.138142
2   -1.15314    -0.529355    0.130924
3   -0.900297    0.149556   -0.883809
4   -0.189229   -0.514697   -1.15449

 [*,2,*]
:      1           2          3        :=
1   1.20396     0.371395   0.206257
2   0.57951     0.723163   0.879185
3   0.227602   -0.463714   1.17361
4   0.85149    -0.817372   0.501146

 [*,3,*]
:       1           2           3        :=
1   -0.673766    0.707478    0.821343
2   -0.48787    -0.225848    1.16387
3    0.735789   -0.0253232   1.04698
4    0.551842    0.908322    0.704266
;

np :=
1 1   -0.480197
1 2   -0.477206
1 3   -0.452136
2 1    0.991169
2 2   -0.0830589
2 3   -1.44384e-08
3 1   -0.0969453
3 2    0.223844
3 3    0.800104
;

vp :=
1 1   -0.671004
1 2   -0.522561
1 3   -0.511487
2 1    0.715889
2 2   -0.0467727
2 3    0.68978
3 1    0.0314254
3 2    0.341529
3 3    0.933977
;

