solve_message = ' \
Ipopt 3.9.1: Optimal Solution Found'

Solve time:
_solve_time = 1.23241

Objective:
p :=
1 1   -0.0339001
1 2    0.000394588
1 3    0.0539938
2 1   -0.00107297
2 2   -0.000607464
2 3   -0.0654411
3 1    0.0350257
3 2    0.000242687
3 3    0.0114505
;

phi :=
1 1   0.082396
1 2   0.048255
1 3   0.161598
2 1   0.0481959
2 2   0.039221
2 3   0.152726
3 1   0.0796917
3 2   0.0585196
3 3   0.0781573
4 1   0.132103
4 2   0.0702893
4 3   0.0831668
;

l [*,1,*]
:       1           2            3        :=
1   -0.727686    0.802272    -0.684804
2   -0.163903   -0.0651523   -1.27019
3   -0.707905   -0.799602    -0.707867
4   -1.27255     0.0666521   -0.121582

 [*,2,*]
:       1            2           3        :=
1    0.424684     0.738413   -0.982843
2    0.942571    -0.376207   -0.813595
3    0.0398531   -0.82645    -1.00288
4   -0.479472     0.287452   -1.17242

 [*,3,*]
:      1           2          3        :=
1   0.258453    0.484533   1.15927
2   0.32552    -0.590171   1.09088
3   1.15849    -0.485749   0.256529
4   1.09275     0.589122   0.323587
;

np :=
1 1   -0.80003
1 2    0.00931213
1 3    0.272907
2 1   -7.33907e-12
2 2   -4.19186e-12
2 3   -1.04848
3 1    1.0053
3 2    0.00696556
3 3    5.26398e-06
;

vp :=
1 1   -0.718237
1 2    0.00138776
1 3   -0.695878
2 1    0.231702
2 2   -0.0437539
2 3   -0.993002
3 1    0.708774
3 2   -0.000137904
3 3    0.707595
;

