solve_message = ' \
Ipopt 3.9.1: Optimal Solution Found'

Solve time:
_solve_time = 1.10761

Objective:
p :=
1 1    0.00957123
1 2    0.033652
1 3   -0.0052072
2 1    0.0157692
2 2   -0.0148177
2 3    0.0657832
3 1   -0.0253438
3 2   -0.0188305
3 3   -0.060576
;

phi :=
1 1   0.105814
1 2   0.155574
1 3   0.0480126
2 1   0.0869212
2 2   0.054958
2 3   0.146454
3 1   0.0316116
3 2   0.0280621
3 3   0.17926
4 1   0.0442997
4 2   0.0933312
4 3   0.0596615
;

l [*,1,*]
:       1           2           3        :=
1    0.93833     0.745067    0.439124
2    0.486683    0.932875   -0.73887
3   -0.398439    1.17316    -0.363648
4    0.0517982   0.98573     0.814944

 [*,2,*]
:       1           2          3        :=
1    0.693631   -0.178813   1.11891
2    0.256918    0.825552   1.00759
3   -0.829648    0.355054   0.976684
4   -0.394665   -0.650061   1.08796

 [*,3,*]
:       1            2           3        :=
1   -0.800841     0.542468   -0.869548
2   -0.0534209   -0.11571    -1.29594
3   -0.480509    -1.02045    -0.650259
4   -1.22861     -0.363709   -0.222839
;

np :=
1 1    0.27284
1 2    0.959293
1 3   -2.11753e-08
2 1    0.0251592
2 2   -0.023641
2 3    1.08746
3 1   -0.390247
3 2   -0.289957
3 3   -0.610538
;

vp :=
1 1    0.269772
1 2    0.959132
1 3    0.0383572
2 1   -0.0682675
2 2    0.0875328
2 3    1.04783
3 1   -0.641143
3 2   -0.239087
3 3   -0.759476
;

