solve_message = ' \
Ipopt 3.9.1: Optimal Solution Found'

Solve time:
_solve_time = 0.873606

Objective:
p :=
1 1    0.00721769
1 2    0.0319978
1 3    0.0583401
2 1   -0.00448695
2 2    0.00265815
2 3   -0.0652784
3 1   -0.00273075
3 2   -0.034656
3 3    0.00693828
;

phi :=
1 1   0.0930837
1 2   0.0600883
1 3   0.0993538
2 1   0.0844815
2 2   0.0523269
2 3   0.0624993
3 1   0.119148
3 2   0.069098
3 3   0.0760167
4 1   0.129097
4 2   0.0754286
4 3   0.115469
;

l [*,1,*]
:       1          2           3        :=
1    0.960351   0.65741     0.465808
2    0.165657   1.27377    -0.165379
3   -0.593706   0.99612     0.54103
4    0.199779   0.379314    1.17334

 [*,2,*]
:       1           2           3        :=
1    0.456608    0.675535   -0.991986
2    0.600773   -0.550554   -0.989619
3   -0.416877   -0.671673   -1.00984
4   -0.562664    0.554223   -1.01224

 [*,3,*]
:       1            2           3         :=
1   -0.896245    -0.90759    -0.0758477
2   -0.229764    -0.907783   -0.891838
3    0.719166    -1.0381     -0.153406
4    0.0541965   -1.03811     0.663761
;

np :=
1 1    0.139735
1 2    0.619479
1 3    0.469222
2 1   -1.403e-06
2 2    8.31182e-07
2 3   -1.03037
3 1   -0.0749097
3 2   -0.95068
3 3    1.5789e-07
;

vp :=
1 1    0.183336
1 2    0.826409
1 3    0.503952
2 1    0.0194021
2 2    0.00237136
2 3   -1.00092
3 1   -0.0884269
3 2   -0.972895
3 3   -0.114007
;

