solve_message = ' \
Ipopt 3.9.1: Optimal Solution Found'

Solve time:
_solve_time = 0.936006

Objective:
p :=
1 1    0.0121252
1 2    0.012681
1 3    0.0649251
2 1   -0.0124816
2 2    0.0223256
2 3   -0.0647397
3 1    0.000343195
3 2   -0.0350217
3 3   -0.000185442
;

phi :=
1 1   0.151523
1 2   0.050184
1 3   0.04691
2 1   0.133016
2 2   0.0936161
2 3   0.0324196
3 1   0.0540823
3 2   0.16821
3 3   0.0630775
4 1   0.0633819
4 2   0.093618
4 3   0.0848429
;

l [*,1,*]
:       1           2          3        :=
1    0.803839    0.234977   0.973472
2   -0.163406    0.836434   0.955375
3   -0.76006    -0.117175   1.03148
4    0.206234   -0.72015    1.0497

 [*,2,*]
:       1            2           3        :=
1   -0.777497    -0.619473   -0.774064
2   -0.936196     0.624509   -0.583476
3   -0.0587255    0.799272   -0.978183
4    0.101371    -0.444432   -1.1694

 [*,3,*]
:       1            2           3         :=
1   -0.0384779   -1.03722     0.75852
2   -0.78469     -1.01088     0.0533934
3    0.0627366   -0.958672   -0.840908
4    0.810299    -0.984929   -0.137206
;

np :=
1 1    0.00549578
1 2    0.00574688
1 3    0.991958
2 1   -0.0542983
2 2    0.0971381
2 3   -0.972298
3 1    0.00984493
3 2   -1.00464
3 3   -1.53664e-18
;

vp :=
1 1    0.0220368
1 2    0.0582813
1 3    1.00251
2 1   -0.417699
2 2    0.0894732
2 3   -0.876357
3 1    0.0127644
3 2   -0.997934
3 3   -0.0412695
;

