solve_message = ' \
Ipopt 3.9.1: Optimal Solution Found'

Solve time:
_solve_time = 1.63801

Objective:
p :=
1 1   -0.0113364
1 2    0.0329661
1 3   -0.0107594
2 1    0.0273833
2 2   -0.00286593
2 3    0.0637144
3 1   -0.0160471
3 2   -0.0301001
3 3   -0.052955
;

phi :=
1 1   0.10058
1 2   0.0714862
1 3   0.0705273
2 1   0.102996
2 2   0.0650087
2 3   0.0862866
3 1   0.0707148
3 2   0.0873501
3 3   0.118371
4 1   0.0684044
4 2   0.0952815
4 3   0.0992787
;

l [*,1,*]
:       1          2           3        :=
1    0.37613    1.15054    -0.396183
2   -0.396667   0.82161    -0.879158
3   -1.03456    0.699524    0.224839
4   -0.262775   1.02826     0.709572

 [*,2,*]
:       1           2           3        :=
1   0.570431     0.81741     0.803032
2   0.0978117    0.0118012   1.27464
3   0.791143    -0.760195    0.650224
4   1.26487      0.044184    0.177621

 [*,3,*]
:       1           2           3        :=
1   -0.509381   -1.06841     0.483543
2   -1.10636    -0.471052   -0.444697
3   -0.332919   -0.648083   -1.0581
4    0.265289   -1.24572    -0.130833
;

np :=
1 1   -0.316245
1 2    0.91964
1 3   -3.40511e-06
2 1    0.185405
2 2   -0.0194044
2 3    0.869503
3 1   -0.392872
3 2   -0.736924
3 3   -0.238208
;

vp :=
1 1   -0.329159
1 2    0.925117
1 3   -0.0850397
2 1    0.681252
2 2    0.0286208
2 3    0.726191
3 1   -0.420604
3 2   -0.858555
3 3   -0.287151
;

