solve_message = ' \
Ipopt 3.9.1: Optimal Solution Found'

Solve time:
_solve_time = 0.920406

Objective:
p :=
1 1    0.00610087
1 2   -0.00492964
1 3    0.0651181
2 1   -0.00046062
2 2   -0.0300631
2 3   -0.0622167
3 1   -0.00564025
3 2    0.0349927
3 3   -0.00290141
;

phi :=
1 1   0.112791
1 2   0.0656896
1 3   0.0449025
2 1   0.0521778
2 2   0.121207
2 3   0.0740479
3 1   0.0601331
3 2   0.137338
3 3   0.100998
4 1   0.128969
4 2   0.075444
4 3   0.0618111
;

l [*,1,*]
:       1           2          3        :=
1    0.572983   -0.805536   0.816134
2    1.2034      0.171089   0.406599
3    0.524153    0.799544   0.855848
4   -0.107343   -0.17608    1.2661

 [*,2,*]
:       1           2           3        :=
1    0.749512   -0.241619   -1.01335
2    0.253208   -1.10215    -0.607948
3   -0.801803   -0.588834   -0.80893
4   -0.307179    0.27252    -1.21465

 [*,3,*]
:       1          2           3        :=
1    0.506336   1.07478    -0.466515
2   -0.514029   0.911827   -0.72307
3   -0.806502   0.901042    0.433684
4    0.213397   1.06398     0.692082
;

np :=
1 1    2.20803e-05
1 2   -1.78414e-05
1 3    1.01279
2 1   -0.00528897
2 2   -0.345193
2 3   -0.736135
3 1   -0.173821
3 2    1.07841
3 3   -3.53076e-10
;

vp :=
1 1    0.548046
1 2   -0.00313498
1 3    0.836333
2 1   -0.0263682
2 2   -0.414679
2 3   -0.911383
3 1   -0.149793
3 2    0.987973
3 3   -0.0158523
;

