solve_message = ' \
Ipopt 3.9.1: Optimal Solution Found'

Solve time:
_solve_time = 0.436803

Objective:
p :=
1 1    0.000936436
1 2   -0.0353196
1 3   -0.0248405
2 1    0.00421668
2 2    0.034879
2 3   -0.0401428
3 1   -0.0051533
3 2    0.000443864
3 3    0.0649892
;

phi :=
1 1   0.187541
1 2   0.0419736
1 3   0.0291739
2 1   0.0699259
2 2   0.183916
2 3   0.0430904
3 1   0.0420094
3 2   0.143216
3 3   0.075442
4 1   0.0992085
4 2   0.0532958
4 3   0.063119
;

l [*,1,*]
:       1           2           3         :=
1    0.109918   -0.993514   -0.851437
2    0.790473   -0.988815   -0.171599
3   -0.103621   -0.960271    0.77201
4   -0.7856     -0.964925    0.0936753

 [*,2,*]
:       1          2           3         :=
1    0.891997   0.871559    0.252265
2    0.429523   1.00945    -0.658523
3   -0.655951   1.09507    -0.0964515
4   -0.195206   0.957314    0.815232

 [*,3,*]
:       1            2          3        :=
1    0.925845     0.265214   0.844676
2   -0.0518787    0.780936   1.01453
3   -0.568201    -0.232623   1.12513
4    0.4087      -0.74996    0.955461
;

np :=
1 1    0.0283146
1 2   -1.06794
1 3   -0.00118971
2 1    0.123248
2 2    1.01947
2 3   -0.0342655
3 1   -1.53242e-06
3 2    1.31619e-07
3 3    0.998836
;

vp :=
1 1    0.00252093
1 2   -0.976883
1 3   -0.0396083
2 1    0.117775
2 2    0.983294
2 3    0.0784938
3 1    0.179006
3 2    0.0156861
3 3    0.984881
;

