solve_message = ' \
Ipopt 3.9.1: Optimal Solution Found'

Solve time:
_solve_time = 0.327602

Objective:
p :=
1 1   -0.0162902
1 2    0.0307226
1 3   -0.00353665
2 1    0.0319937
2 2   -0.00559969
2 3   -0.0579393
3 1   -0.015703
3 2   -0.0251229
3 3    0.0614759
;

phi :=
1 1   0.0211645
1 2   0.00320392
1 3   0.0570233
2 1   0.181109
2 2   0.00653315
2 3   0.00384168
3 1   0.239395
3 2   0.0971005
3 3   0.0611319
4 1   0.034378
4 2   0.0936476
4 3   0.230037
;

l [*,1,*]
:       1          2           3        :=
1    0.21807    1.1778      0.373658
2    0.213016   1.06003    -0.651052
3   -0.92704    0.63606    -0.597329
4   -0.923802   0.753155    0.427466

 [*,2,*]
:      1           2           3        :=
1   0.519677    0.776722    0.866052
2   0.165232   -0.0948586   1.26208
3   0.9112     -0.737032    0.517507
4   1.26683     0.133527    0.120294

 [*,3,*]
:       1            2          3        :=
1    0.906291    -0.39311    0.788471
2    0.264664     0.183774   1.23395
3   -0.680558    -0.575205   0.852314
4   -0.0404376   -1.1533     0.406224
;

np :=
1 1   -0.447707
1 2    0.844356
1 3   -1.41173e-09
2 1    0.583827
2 2   -0.102184
2 3   -0.447114
3 1   -0.165047
3 2   -0.264056
3 3    0.676928
;

vp :=
1 1   -0.354938
1 2    0.906806
1 3   -0.111406
2 1    0.715877
2 2    0.0199368
2 3    0.691325
3 1    0.112745
3 2   -0.48469
3 3    0.820063
;

