solve_message = ' \
Ipopt 3.9.1: Optimal Solution Found'

Solve time:
_solve_time = 1.49761

Objective:
p :=
1 1    0.00133976
1 2   -0.00982329
1 3    0.0639692
2 1   -0.0316558
2 2    0.00889652
2 3    0.0552646
3 1    0.0303183
3 2    0.000911018
3 3   -0.0632503
;

phi :=
1 1   0.0117959
1 2   0.129511
1 3   0.0351304
2 1   0.0143945
2 2   0.0340968
2 3   0.00115475
3 1   0.252094
3 2   0.00393136
3 3   0.0688513
4 1   0.211987
4 2   0.0484525
4 3   0.216347
;

l [*,1,*]
:       1           2           3        :=
1   -0.681966   -0.48387     0.971444
2   -0.6871      0.511437    0.953115
3   -1.16333     0.487998   -0.215797
4   -1.15895    -0.507346   -0.199329

 [*,2,*]
:       1            2           3        :=
1    1.19112      0.0908736   0.271927
2    0.430396     0.815432    0.835739
3   -0.0727059   -0.0181129   1.23272
4    0.687219    -0.743999    0.669543

 [*,3,*]
:      1            2            3        :=
1   0.684587    0.774911      0.667054
2   0.386848   -0.00314116    1.15994
3   0.927435   -0.757         0.292633
4   1.22604     0.0198508    -0.201639
;

np :=
1 1    1.96352e-05
1 2   -0.000143735
1 3    0.894138
2 1   -0.62193
2 2    0.174787
2 3    0.321169
3 1    0.366924
3 2    0.0110277
3 3   -0.826122
;

vp :=
1 1   -0.922834
1 2    0.00165809
1 3    0.377365
2 1    0.559311
2 2    0.0357595
2 3    0.752258
3 1    0.806345
3 2    0.00896479
3 3    0.479302
;

