solve_message = ' \
Ipopt 3.9.1: Optimal Solution Found'

Solve time:
_solve_time = 1.10761

Objective:
p :=
1 1   -0.022478
1 2   -0.0255588
1 3   -0.0517222
2 1   -0.0122704
2 2    0.0217882
2 3    0.0647511
3 1    0.0347543
3 2    0.00376159
3 3   -0.0130289
;

phi :=
1 1   0.167102
1 2   0.0595932
1 3   0.166815
2 1   0.173811
2 2   0.0146066
2 3   0.0241344
3 1   0.0355174
3 2   0.0285996
3 3   0.0324163
4 1   0.0283797
4 2   0.11298
4 3   0.187198
;

l [*,1,*]
:       1            2           3        :=
1   -0.978072    -0.310448   -0.811441
2   -0.15305     -0.745866   -1.05507
3   -0.0832511   -1.27672     0.131352
4   -0.908162    -0.84215     0.376868

 [*,2,*]
:       1             2           3        :=
1   -1.2606       0.0631211    0.220983
2   -0.572379    -0.763662     0.854886
3   -0.0546862   -0.00746952   1.28207
4   -0.742084     0.820518     0.648844

 [*,3,*]
:      1           2          3        :=
1   0.729259    0.843744   0.633368
2   0.160299   -0.1214     1.26424
3   0.687571   -0.762592   0.763315
4   1.25737     0.201532   0.131646
;

np :=
1 1   -0.543223
1 2   -0.617675
1 3   -0.201997
2 1   -0.0466192
2 2    0.0827833
2 3    0.973505
3 1    0.985702
3 2    0.106688
3 3   -1.30008e-05
;

vp :=
1 1   -0.530962
1 2   -0.793623
1 3   -0.339474
2 1   -0.657712
2 2    0.0284566
2 3    0.751442
3 1    0.708851
3 2    0.0407055
3 3    0.697891
;

