solve_message = ' \
Ipopt 3.9.1: Optimal Solution Found'

Solve time:
_solve_time = 0.546003

Objective:
p :=
1 1   -0.0164808
1 2   -0.0303782
1 3    0.0341758
2 1   -0.0174915
2 2    0.0238929
2 3   -0.0631598
3 1    0.0339727
3 2    0.00648494
3 3    0.0289839
;

phi :=
1 1   0.0592659
1 2   0.0520735
1 3   0.0902606
2 1   0.093779
2 2   0.0662636
2 3   0.168548
3 1   0.0684972
3 2   0.135699
3 3   0.103085
4 1   0.0427981
4 2   0.0946852
4 3   0.0606285
;

l [*,1,*]
:       1           2           3        :=
1    0.126824   -1.09563     0.512828
2   -0.899405   -0.741468    0.464728
3   -0.825716   -0.69744    -0.69294
4    0.20063    -1.05153    -0.646684

 [*,2,*]
:       1           2           3        :=
1    0.388986   -0.17139    -1.17937
2   -0.75002    -0.483504   -0.898919
3   -0.968411    0.510152   -0.678025
4    0.170248    0.823849   -0.95812

 [*,3,*]
:      1           2           3        :=
1   1.205       0.378355   0.0945148
2   0.497659    0.838461   0.803051
3   0.230209   -0.20392    1.21354
4   0.937125   -0.665686   0.505654
;

np :=
1 1   -0.436522
1 2   -0.804616
1 3    0.011098
2 1   -0.183266
2 2    0.250337
2 3   -0.817881
3 1    0.903784
3 2    0.17252
3 3    0.00350088
;

vp :=
1 1   -0.349008
1 2   -0.896657
1 3   -0.0904984
2 1   -0.289345
2 2    0.169901
2 3   -0.928719
3 1    0.71778
3 2    0.0866188
3 3    0.653907
;

