solve_message = ' \
Ipopt 3.9.1: Optimal Solution Found'

Solve time:
_solve_time = 0.514803

Objective:
p :=
1 1   -0.0178027
1 2   -0.0233547
1 3    0.0617228
2 1   -0.0105959
2 2    0.0328809
2 3    0.000477457
3 1    0.0284064
3 2   -0.00952449
3 3   -0.0622003
;

phi :=
1 1   0.00156173
1 2   0
1 3   0.341108
2 1   0.122421
2 2   0
2 3   0
3 1   0.095245
3 2   0.29936
3 3   0
4 1   0
4 2   0.162237
4 3   0.0864896
;

l [*,1,*]
:       1            2          3        :=
1   -0.0531831    0.468671   1.13903
2   -0.402484    -0.591909   1.01519
3    0.619451    -0.887854   0.65182
4    0.97038      0.172254   0.775085

 [*,2,*]
:       1          2           3         :=
1    0.234717   0.925439    0.74698
2    0.450441   1.21204    -0.0310035
3   -0.796731   0.914362   -0.485881
4   -1.01444    0.627289    0.291378

 [*,3,*]
:      1           2            3        :=
1   1.21146    -0.135636    -0.210548
2   0.891036    0.733832     0.460362
3   0.437712    0.0236101    1.17233
4   0.757414   -0.84699      0.502553
;

np :=
1 1   -0.177454
1 2   -0.232787
1 3    0.696187
2 1   -0.279927
2 2    0.868662
2 3    1.131e-15
3 1    0.319305
3 2   -0.107067
3 3   -0.73477
;

vp :=
1 1    0.283681
1 2   -0.209287
1 3    0.89533
2 1   -0.28159
2 2    0.919668
2 3    0.130678
3 1    0.824533
3 2   -0.0566426
3 3    0.480907
;

