solve_message = ' \
Ipopt 3.9.1: Optimal Solution Found'

Solve time:
_solve_time = 1.68481

Objective:
p :=
1 1   -0.00719568
1 2   -0.0340121
1 3    0.00525105
2 1   -0.00193246
2 2    0.00328521
2 3   -0.0650595
3 1    0.00912805
3 2    0.0307269
3 3    0.0598084
;

phi :=
1 1   0.116961
1 2   0.0563957
1 3   0.0733431
2 1   0.105606
2 2   0.0537167
2 3   0.109226
3 1   0.0610471
3 2   0.0820037
3 3   0.135759
4 1   0.0692443
4 2   0.0842811
4 3   0.0944906
;

l [*,1,*]
:       1           2           3        :=
1   -0.929974   -0.761135    0.396488
2   -0.897828   -0.707743   -0.586889
3    0.292144   -1.1255     -0.575436
4    0.261893   -1.17956     0.407959

 [*,2,*]
:       1           2           3        :=
1    1.1409      0.256004   -0.519067
2    0.549749   -0.788841   -0.85153
3   -0.204813   -0.235032   -1.24371
4    0.385136    0.810695   -0.911871

 [*,3,*]
:       1            2          3        :=
1    1.04823     0.47788     0.561951
2    0.0946239   1.26543     0.184454
3   -0.509874    0.841904    0.821709
4    0.44277     0.0536787   1.20022
;

np :=
1 1   -0.197442
1 2   -0.933256
1 3    2.24558e-08
2 1   -9.1994e-08
2 2    1.56451e-07
2 3   -1.00642
3 1    0.153886
3 2    0.51801
3 3    0.558396
;

vp :=
1 1   -0.318454
1 2   -0.943506
1 3   -0.0890777
2 1    0.467978
2 2    0.011123
2 3   -0.881412
3 1    0.269317
3 2    0.65941
3 3    0.692234
;

