solve_message = ' \
Ipopt 3.9.1: Optimal Solution Found'

Solve time:
_solve_time = 0.764405

Objective:
p :=
1 1    0.0176102
1 2   -0.0213662
1 3    0.0624563
2 1    0.0134332
2 2    0.0119265
2 3   -0.0659066
3 1   -0.0316561
3 2    0.00889568
3 3    0.0552647
;

phi :=
1 1   0.0794527
1 2   0.0897951
1 3   0.0671399
2 1   0.0943463
2 2   0.0603586
2 3   0.0721701
3 1   0.120418
3 2   0.0672148
3 3   0.0950232
4 1   0.101809
4 2   0.0996913
4 3   0.0885706
;

l [*,1,*]
:       1           2           3        :=
1   -0.813059    0.644412    0.667085
2   -0.894551    0.556516   -0.639541
3   -1.03671    -0.345471   -0.571948
4   -0.955445   -0.259012    0.734786

 [*,2,*]
:      1           2           3        :=
1   0.150381    0.237316   -1.25022
2   0.890182    0.756161   -0.527929
3   1.24743    -0.23151    -0.182889
4   0.508201   -0.751928   -0.904633

 [*,3,*]
:       1            2          3        :=
1    1.12018      0.406563   0.317656
2    0.0706441    0.571111   1.09063
3   -0.0023332   -0.334172   1.1874
4    1.04709     -0.500162   0.414584
;

np :=
1 1    0.123324
1 2   -0.149626
1 3    0.756204
2 1    0.00701538
2 2    0.00622841
2 3   -1.10181
3 1   -0.621933
3 2    0.17477
3 3    0.321173
;

vp :=
1 1   -0.924909
1 2    0.149146
1 3    0.048116
2 1    0.698755
2 2    0.00230287
2 3   -0.716706
3 1    0.559315
3 2    0.0357692
3 3    0.75226
;

