solve_message = ' \
Ipopt 3.9.1: Optimal Solution Found'

Solve time:
_solve_time = 1.13881

Objective:
p :=
1 1   -0.00322537
1 2    0.00372063
1 3   -0.0653975
2 1    0.00523934
2 2   -0.0340988
2 3    0.00411344
3 1   -0.00201397
3 2    0.0303782
3 3    0.0612841
;

phi :=
1 1   0.0949556
1 2   0.0727187
1 3   0.0979985
2 1   0.0708399
2 2   0.0580761
2 3   0.12846
3 1   0.0907862
3 2   0.0577763
3 3   0.0964231
4 1   0.121593
4 2   0.0730042
4 3   0.0737419
;

l [*,1,*]
:       1           2           3        :=
1    0.716707   -0.179885   -1.04827
2   -0.286641   -0.765514   -0.988171
3   -0.839906    0.184175   -0.951382
4    0.162561    0.771316   -1.01142

 [*,2,*]
:       1            2            3         :=
1    0.273334    -0.832274    0.880972
2   -0.643478    -1.06967     0.265665
3    0.0168112   -1.12733    -0.623761
4    0.934675    -0.890032   -0.00986986

 [*,3,*]
:       1           2          3        :=
1    0.583689    0.257398   1.10751
2    0.194445    1.10075    0.628346
3   -0.912874    0.605209   0.654895
4   -0.525394   -0.238931   1.1341
;

np :=
1 1   -7.14544e-07
1 2    8.24264e-07
1 3   -1.0436
2 1    0.137289
2 2   -0.89351
2 3    4.06481e-09
3 1   -0.0249264
3 2    0.375983
3 3    0.662276
;

vp :=
1 1   -0.0614202
1 2    0.00275648
1 3   -0.999836
2 1    0.145701
2 2   -0.979733
2 3    0.128496
3 1   -0.164879
3 2    0.43077
3 3    0.881402
;

