solve_message = ' \
Ipopt 3.9.1: Optimal Solution Found'

Solve time:
_solve_time = 0.639604

Objective:
p :=
1 1   -0.0115027
1 2   -0.0238494
1 3   -0.0644671
2 1    0.00948223
2 2   -0.0115371
2 3    0.0651152
3 1    0.00201816
3 2    0.0353973
3 3   -0.000643832
;

phi :=
1 1   0.132938
1 2   0.0882599
1 3   0.0614069
2 1   0.0781299
2 2   0.0653602
2 3   0.0525972
3 1   0.0694265
3 2   0.11054
3 3   0.0519869
4 1   0.116555
4 2   0.147402
4 3   0.0610069
;

l [*,1,*]
:       1           2           3        :=
1   -0.380396   -0.906828   -0.825767
2   -0.649286    0.300246   -1.08589
3    0.325307    0.504439   -1.15446
4    0.595749   -0.702309   -0.894445

 [*,2,*]
:       1           2          3        :=
1    0.700276    0.307408   1.03031
2   -0.285358    0.743034   1.00775
3   -0.763938   -0.341026   0.973038
4    0.220934   -0.778379   0.995543

 [*,3,*]
:       1          2           3         :=
1   -0.195553   0.88598    -0.851717
2   -0.740132   1.09303    -0.0127173
3    0.310355   1.15791     0.653045
4    0.856607   0.950958   -0.184895
;

np :=
1 1   -0.0616129
1 2   -0.127747
1 3   -0.944006
2 1    0.00163332
2 2   -0.00198587
2 3    1.01247
3 1    0.0623061
3 2    1.09281
3 3   -6.39344e-15
;

vp :=
1 1   -0.0270489
1 2   -0.201594
1 3   -0.990038
2 1   -0.0316291
2 2   -0.0174149
2 3    1.00167
3 1    0.0580367
3 2    1.02189
3 3   -0.0994054
;

