solve_message = ' \
Ipopt 3.9.1: Optimal Solution Found'

Solve time:
_solve_time = 1.29481

Objective:
p :=
1 1    0.0139513
1 2   -0.0316074
1 3   -0.0157014
2 1   -0.0214855
2 2   -0.00176599
2 3    0.0644105
3 1    0.00753546
3 2    0.0333735
3 3   -0.048709
;

phi :=
1 1   0.0440085
1 2   0.00556246
1 3   0.0355248
2 1   0
2 2   0.051059
2 3   0.18994
3 1   0.107613
3 2   0.0849606
3 3   0.183771
4 1   0.25638
4 2   0.0177352
4 3   0.0621466
;

l [*,1,*]
:       1           2           3         :=
1    0.525758   -0.972072   -0.677728
2    1.09866    -0.496692    0.261313
3    0.303565   -0.783377    0.89463
4   -0.270607   -1.25921    -0.0434022

 [*,2,*]
:      1           2           3        :=
1   1.17141     0.394516   -0.331046
2   0.774794    0.614813    0.814154
3   0.712325   -0.395152    0.98896
4   1.10884    -0.617058   -0.155962

 [*,3,*]
:       1          2           3         :=
1    0.938417   0.772432   -0.417137
2   -0.164317   0.846876   -0.967179
3   -0.588869   1.12777    -0.0735746
4    0.51319    1.05377     0.47789
;

np :=
1 1    0.368795
1 2   -0.835526
1 3   -4.79933e-05
2 1   -0.0335203
2 2   -0.00275519
2 3    0.938214
3 1    0.187857
3 2    0.831994
3 3   -0.132701
;

vp :=
1 1    0.414116
1 2   -0.878028
1 3    0.108329
2 1    0.941999
2 2   -0.000808203
2 3    0.32857
3 1    0.175044
3 2    0.950184
3 3   -0.244781
;

