solve_message = ' \
Ipopt 3.9.1: Optimal Solution Found'

Solve time:
_solve_time = 1.65361

Objective:
p :=
1 1    0.0351609
1 2    0.000459347
1 3   -0.00297725
2 1   -0.0291787
2 2   -0.00829347
2 3   -0.0621367
3 1   -0.00598214
3 2    0.00783411
3 3    0.0651139
;

phi :=
1 1   0.0815169
1 2   0.135313
1 3   0.0680992
2 1   0.0618914
2 2   0.104148
2 3   0.069465
3 1   0.0544708
3 2   0.118287
3 3   0.0579344
4 1   0.0736006
4 2   0.154494
4 3   0.0563928
;

l [*,1,*]
:      1           2           3        :=
1   0.760782    0.819243    0.621911
2   0.147554    0.079313    1.27119
3   0.662675   -0.769991    0.791797
4   1.27672    -0.0314139   0.141755

 [*,2,*]
:       1           2           3        :=
1   -0.142633   -0.37519    -1.2216
2   -0.811234   -0.876627   -0.488792
3   -1.25912     0.14511    -0.197494
4   -0.591229    0.648173   -0.929841

 [*,3,*]
:       1            2          3        :=
1    1.15936      0.319925   0.435384
2    0.125425     0.481988   1.17286
3   -0.0107439   -0.490083   1.19892
4    1.02298     -0.653694   0.461493
;

np :=
1 1    1.03315
1 2    0.0134973
1 3   -4.22971e-10
2 1   -0.353353
2 2   -0.100433
2 3   -0.729532
3 1   -8.5277e-05
3 2    0.000111677
3 3    1.01234
;

vp :=
1 1    0.712178
1 2    0.0245823
1 3    0.706405
2 1   -0.700787
2 2   -0.114433
2 3   -0.709724
3 1    0.574667
3 2   -0.0855311
3 3    0.81687
;

