solve_message = ' \
Ipopt 3.9.1: Optimal Solution Found'

Solve time:
_solve_time = 0.748805

Objective:
p :=
1 1    0.000718086
1 2   -0.0352744
1 3    0.0305948
2 1    0.00288472
2 2    0.034896
2 3    0.0341856
3 1   -0.00361981
3 2    0.000330299
3 3   -0.0647811
;

phi :=
1 1   0.0602026
1 2   0.0949824
1 3   0.0453103
2 1   0.103089
2 2   0.170569
2 3   0.047788
3 1   0.169807
3 2   0.0960868
3 3   0.0492038
4 1   0.0975849
4 2   0.053911
4 3   0.0466415
;

l [*,1,*]
:       1           2           3         :=
1    0.392741   -0.994584   -0.719937
2    0.826719   -0.987709    0.0541331
3   -0.367807   -0.99872     0.721876
4   -0.803687   -1.00561    -0.0511304

 [*,2,*]
:       1           2            3         :=
1   -0.724138    1.05856     0.00192499
2    0.0152448   0.998752    0.806279
3    0.872907    0.940237    0.0139047
4    0.13489     0.999952   -0.791712

 [*,3,*]
:       1           2           3        :=
1   -0.34613    -0.645228   -1.05575
2   -0.585517    0.567818   -0.986493
3    0.415297    0.764289   -0.938903
4    0.656278   -0.448444   -1.00808
;

np :=
1 1    0.0215278
1 2   -1.0575
1 3    0.00511842
2 1    0.0826326
2 2    0.999592
2 3    0.0111304
3 1   -1.13293e-07
3 2    1.81466e-08
3 3   -0.976659
;

vp :=
1 1    0.0118181
1 2   -0.996659
1 3    0.000927197
2 1    0.0744315
2 2    0.999399
2 3    0.00727858
3 1    0.0350777
3 2    0.0591255
3 3   -0.997333
;

