solve_message = ' \
Ipopt 3.9.1: Optimal Solution Found'

Solve time:
_solve_time = 0.717605

Objective:
p :=
1 1    0.0025549
1 2   -0.0349615
1 3   -0.0138633
2 1   -0.00747691
2 2    0.033401
2 3   -0.0503754
3 1    0.00492201
3 2    0.00156048
3 3    0.0642387
;

phi :=
1 1   0.058833
1 2   0.0996808
1 3   0.058416
2 1   0.139766
2 2   0.155352
2 3   0.0638083
3 1   0.127253
3 2   0.0797956
3 3   0.0634881
4 1   0.0712592
4 2   0.0641005
4 3   0.0537108
;

l [*,1,*]
:       1           2           3        :=
1    0.343605   -1.01918     0.695575
2   -0.654881   -1.11553     0.184531
3   -0.153118   -0.976551   -0.826652
4    0.846167   -0.879978   -0.317219

 [*,2,*]
:       1          2           3        :=
1    0.159833   0.895893   -0.860109
2   -0.852681   0.810738   -0.510812
3   -0.495867   1.01324     0.587442
4    0.517215   1.09872     0.239895

 [*,3,*]
:      1           2          3        :=
1   1.2371     -0.185684   0.221526
2   0.698903    0.897972   0.55003
3   0.115194    0.415063   1.19246
4   0.652466   -0.669361   0.86498
;

np :=
1 1    0.0736844
1 2   -1.0083
1 3   -2.00757e-05
2 1   -0.186856
2 2    0.834726
2 3   -0.167933
3 1    1.44959e-06
3 2    4.5958e-07
3 3    0.920838
;

vp :=
1 1    0.0958416
1 2   -0.997771
1 3   -0.0657377
2 1   -0.167471
2 2    0.954683
2 3   -0.136035
3 1    0.676131
3 2    0.114065
3 3    0.707118
;

