solve_message = ' \
Ipopt 3.9.1: Optimal Solution Found'

Solve time:
_solve_time = 1.17001

Objective:
p :=
1 1   -0.019124
1 2   -0.00314677
1 3    0.0639551
2 1    0.00358052
2 2    0.0339798
2 3   -0.0494136
3 1    0.0155442
3 2   -0.0308329
3 3   -0.0145414
;

phi :=
1 1   0.0637265
1 2   0.12065
1 3   0.152153
2 1   0.0642311
2 2   0.0631116
2 3   0.121121
3 1   0.0644619
3 2   0.0671114
3 3   0.076257
4 1   0.0642332
4 2   0.104717
4 3   0.0758282
;

l [*,1,*]
:       1           2           3        :=
1   -0.847507    0.790206   -0.359918
2   -0.790535   -0.454263   -0.74336
3   -1.02409    -0.73002     0.104373
4   -1.08143     0.51401     0.489165

 [*,2,*]
:       1          2           3        :=
1    0.570032   1.02952    -0.610534
2   -0.504589   0.892372   -0.697263
3   -0.602105   0.930635    0.465794
4    0.472361   1.06784     0.554375

 [*,3,*]
:       1            2           3        :=
1    0.967472    -0.811268   -0.313429
2    0.692614    -0.628979    0.792887
3   -0.324386    -0.952818    0.588766
4   -0.0511479   -1.13562    -0.517876
;

np :=
1 1   -0.0157513
1 2   -0.00259174
1 3    0.892748
2 1    0.0885455
2 2    0.840325
2 3   -0.146734
3 1    0.409479
3 2   -0.812226
3 3   -2.8036e-05
;

vp :=
1 1   -0.935914
1 2    0.030479
1 3   -0.127282
2 1   -0.0156471
2 2    0.980147
2 3   -0.0718718
3 1    0.321247
3 2   -0.882245
3 3    0.137146
;

