solve_message = ' \
Ipopt 3.9.1: Optimal Solution Found'

Solve time:
_solve_time = 1.21681

Objective:
p :=
1 1    0.0028428
1 2    0.0338077
1 3   -0.0540646
2 1    0.0101418
2 2   -0.0334669
2 3   -0.010962
3 1   -0.0129848
3 2   -0.000341048
3 3    0.0650265
;

phi :=
1 1   0.114382
1 2   0.11197
1 3   0.0489075
2 1   0.0562584
2 2   0.0474638
2 3   0.088682
3 1   0.087358
3 2   0.0638434
3 3   0.0616199
4 1   0.177561
4 2   0.143592
4 3   0.0334576
;

l [*,1,*]
:       1          2           3        :=
1   -0.488786   1.16646     0.215275
2    0.581474   1.11822     0.247844
3    0.597582   0.723236   -0.876208
4   -0.472653   0.77085    -0.910567

 [*,2,*]
:       1           2           3         :=
1    0.228359   -1.00902    -0.75764
2    1.04375    -0.728891    0.107127
3    0.32959    -0.905471    0.839863
4   -0.486934   -1.18588    -0.0237375

 [*,3,*]
:       1           2          3        :=
1    0.497773    0.774393   0.927316
2   -0.387433   -0.108038   1.23322
3    0.214361   -0.815783   0.948244
4    1.10053     0.065521   0.641889
;

np :=
1 1    0.0673817
1 2    0.801331
1 3   -0.275421
2 1    0.288274
2 2   -0.951271
2 3   -3.87991e-06
3 1   -0.000964004
3 2   -2.44523e-05
3 3    1.00286
;

vp :=
1 1    0.0539778
1 2    0.944711
1 3   -0.330927
2 1    0.278365
2 2   -0.957427
2 3    0.0410588
3 1    0.35666
3 2   -0.0206253
3 3    0.937545
;

