solve_message = ' \
Ipopt 3.9.1: Optimal Solution Found'

Solve time:
_solve_time = 1.63801

Objective:
p :=
1 1   -0.000587097
1 2    0.0114463
1 3    0.0639914
2 1    0.0342976
2 2   -0.00541249
2 3   -0.0108713
3 1   -0.0337106
3 2   -0.00603582
3 3   -0.0531201
;

phi :=
1 1   0.0624542
1 2   0.0674229
1 3   0.125183
2 1   0.0670785
2 2   0.0643362
2 3   0.132124
3 1   0.0668459
3 2   0.0643155
3 3   0.131631
4 1   0.0622787
4 2   0.067387
4 3   0.124873
;

l [*,1,*]
:      1           2          3        :=
1   1.17564    -0.448469   0.260577
2   1.07491     0.622767   0.333043
3   0.243563    0.488855   1.16755
4   0.342969   -0.582594   1.09641

 [*,2,*]
:      1           2          3        :=
1   0.321371    0.532103   1.10465
2   0.331046   -0.717699   0.987514
3   1.05819    -0.649232   0.303759
4   1.04967     0.600679   0.419802

 [*,3,*]
:       1           2           3        :=
1   -1.0844     -0.6057     -0.334479
2   -1.14044     0.50033    -0.291142
3   -0.314915    0.57441    -1.09499
4   -0.257561   -0.531502   -1.13961
;

np :=
1 1   -2.0643e-05
1 2    0.00040102
1 3    0.89631
2 1    0.934159
2 2   -0.147419
2 3   -3.66077e-06
3 1   -0.845277
3 2   -0.151346
3 3   -0.243456
;

vp :=
1 1    0.709312
1 2    0.0197129
1 3    0.714367
2 1    0.690065
2 2   -0.0580392
2 3    0.703977
3 1   -0.699305
3 2   -0.0160562
3 3   -0.715071
;

