solve_message = ' \
Ipopt 3.9.1: Optimal Solution Found'

Solve time:
_solve_time = 0.748805

Objective:
p :=
1 1    0.0134332
1 2   -0.0119265
1 3   -0.0659066
2 1    0.0176101
2 2    0.0213661
2 3    0.0624563
3 1   -0.0316561
3 2   -0.00889569
3 3    0.0552647
;

phi :=
1 1   0.115891
1 2   0.0821411
1 3   0.065731
2 1   0.0725969
2 2   0.173974
2 3   0.0798317
3 1   0.0420008
3 2   0.149024
3 3   0.0654279
4 1   0.0708064
4 2   0.0668501
4 3   0.050549
;

l [*,1,*]
:      1           2           3        :=
1   0.908803    0.42271    -0.803519
2   1.03061     0.744818    0.143736
3   1.06696    -0.438656    0.540075
4   0.945218   -0.762649   -0.406549

 [*,2,*]
:       1           2           3        :=
1   -0.949315    0.241714    0.746712
2   -1.03895     0.355508   -0.562887
3   -0.900688   -0.539203   -0.651433
4   -0.810831   -0.654423    0.658025

 [*,3,*]
:       1            2          3        :=
1    1.13616     -0.365924   0.307461
2    1.0211       0.536462   0.436072
3   -0.0167912    0.295301   1.19656
4    0.0966175   -0.607469   1.06916
;

np :=
1 1    0.00701555
1 2   -0.0062286
1 3   -1.10181
2 1    0.123322
2 2    0.149624
2 3    0.756207
3 1   -0.621933
3 2   -0.17477
3 3    0.321175
;

vp :=
1 1    0.987849
1 2   -0.00857303
1 3   -0.131942
2 1   -0.92491
2 2   -0.149147
2 3    0.0481263
3 1    0.559316
3 2   -0.0357672
3 3    0.75226
;

