solve_message = ' \
Ipopt 3.9.1: Optimal Solution Found'

Solve time:
_solve_time = 1.27921

Objective:
p :=
1 1    0.00821662
1 2   -0.000120587
1 3   -0.0650837
2 1   -0.00466225
2 2   -0.0347045
2 3    0.0312068
3 1   -0.00355437
3 2    0.0348251
3 3    0.0338769
;

phi :=
1 1   0.0652251
1 2   0.0578849
1 3   0.07719
2 1   0.051386
2 2   0.0819966
2 3   0.1515
3 1   0.042728
3 2   0.159523
3 3   0.119003
4 1   0.0549823
4 2   0.113346
4 3   0.060607
;

l [*,1,*]
:       1            2             3        :=
1    1.15573    -0.000777879   -0.560649
2    0.332602   -0.795101      -0.952814
3   -0.293094   -0.00257017    -1.25149
4    0.529034    0.793016      -0.859805

 [*,2,*]
:       1            2           3        :=
1   -0.304335    -0.975921   -0.77444
2    0.616477    -1.09729    -0.248366
3    0.0349049   -1.00819     0.791515
4   -0.886833    -0.886681    0.267097

 [*,3,*]
:       1          2           3        :=
1   -0.823614   0.926812   -0.32727
2   -0.488548   0.946916    0.713893
3    0.618082   1.0659      0.356007
4    0.284778   1.04599    -0.685725
;

np :=
1 1    3.93241e-05
1 2   -5.77118e-07
1 3   -1.00905
2 1   -0.133578
2 2   -0.994319
2 3    0.00587967
3 1   -0.101658
3 2    0.996021
3 3    0.0104456
;

vp :=
1 1    0.431395
1 2   -0.00104169
1 3   -0.906034
2 1   -0.135314
2 2   -0.991974
2 3    0.00874222
3 1   -0.102459
3 2    0.996397
3 3    0.0138111
;

