solve_message = ' \
Ipopt 3.9.1: Optimal Solution Found'

Solve time:
_solve_time = 1.20121

Objective:
p :=
1 1   -0.0219848
1 2    0.0248818
1 3   -0.0568597
2 1    0.0349851
2 2   -0.00110101
2 3   -0.00707656
3 1   -0.0130001
3 2   -0.0237807
3 3    0.0639363
;

phi :=
1 1   0.0537842
1 2   0.0836419
1 3   0.0291756
2 1   0.195609
2 2   0.0256895
2 3   0.0310429
3 1   0.190023
3 2   0.0452047
3 3   0.102636
4 1   0.0505464
4 2   0.132517
4 3   0.0947734
;

l [*,1,*]
:       1            2           3        :=
1   -0.0341206   1.24683     -0.275118
2   -0.0867716   0.544476    -1.15871
3   -1.04316     0.0957591   -0.745481
4   -0.992035    0.797395     0.138766

 [*,2,*]
:      1           2          3        :=
1   1.25647     0.194375   0.161034
2   0.52559     0.719377   0.920778
3   0.165118   -0.250761   1.24573
4   0.895423   -0.777309   0.486499

 [*,3,*]
:       1           2          3        :=
1    0.555028    0.392994   1.08733
2   -0.529316    0.268504   1.14185
3   -0.414749   -0.867081   0.863251
4    0.669777   -0.744399   0.808293
;

np :=
1 1   -0.457833
1 2    0.518163
1 3   -0.391958
2 1    0.999999
2 2   -0.0314708
2 3   -1.81286e-07
3 1   -0.0800733
3 2   -0.146476
3 3    0.89092
;

vp :=
1 1   -0.539002
1 2    0.671394
1 3   -0.509783
2 1    0.710941
2 2   -0.028789
2 3    0.703206
3 1    0.0706172
3 2   -0.237446
3 3    0.975159
;

