solve_message = ' \
Ipopt 3.9.1: Optimal Solution Found'

Solve time:
_solve_time = 1.45081

Objective:
p :=
1 1    0.00149914
1 2   -0.0301373
1 3   -0.0625361
2 1   -0.00492875
2 2    0.0341413
2 3   -0.00323295
3 1    0.00342961
3 2   -0.00400403
3 3    0.0657691
;

phi :=
1 1   0.0905924
1 2   0.0562639
1 3   0.0777246
2 1   0.094294
2 2   0.0483189
2 3   0.098567
3 1   0.131226
3 2   0.0785243
3 3   0.0958265
4 1   0.133434
4 2   0.0565155
4 3   0.0753258
;

l [*,1,*]
:       1            2           3        :=
1    0.887125    -0.157617   -0.91204
2    0.266838    -1.14102    -0.357322
3   -0.556154    -0.838951   -0.737416
4    0.0628221    0.144936   -1.29274

 [*,2,*]
:       1          2           3         :=
1    0.729607   1.03832    -0.0762811
2   -0.465915   1.11466    -0.536806
3   -0.809615   0.964915    0.300668
4    0.38536    0.888341    0.762527

 [*,3,*]
:       1            2           3        :=
1   -0.0134965    0.799126    0.989368
2   -0.789816    -0.0566784   0.998419
3    0.0275133   -0.799696    0.993991
4    0.805135     0.0549246   0.984933
;

np :=
1 1    0.0175877
1 2   -0.353568
1 3   -0.762997
2 1   -0.129067
2 2    0.894045
2 3   -7.53004e-10
3 1    1.14455e-06
3 2   -1.33626e-06
3 3    1.08582
;

vp :=
1 1    0.165405
1 2   -0.497772
1 3   -0.825101
2 1   -0.0396642
2 2    1.00153
2 3    0.112711
3 1    0.00764343
3 2   -0.000240307
3 3    0.991674
;

