solve_message = ' \
Ipopt 3.9.1: Optimal Solution Found'

Solve time:
_solve_time = 0.904806

Objective:
p :=
1 1    0.011234
1 2   -0.0194727
1 3   -0.0652142
2 1   -0.0126964
2 2   -0.0156015
2 3    0.0647923
3 1    0.00146255
3 2    0.0350757
3 3    0.000421898
;

phi :=
1 1   0.125644
1 2   0.0591327
1 3   0.0530292
2 1   0.0591936
2 2   0.10049
2 3   0.044223
3 1   0.0726629
3 2   0.149392
3 3   0.0602351
4 1   0.151967
4 2   0.0875087
4 3   0.0709119
;

l [*,1,*]
:       1           2           3        :=
1   -0.935551   -0.756612   -0.434368
2   -1.15736     0.464508   -0.334836
3   -0.438763    0.652803   -1.02743
4   -0.215813   -0.568018   -1.12806

 [*,2,*]
:       1           2          3        :=
1    0.351443    0.691817   1.02502
2   -0.163222   -0.389501   1.20903
3    0.632792   -0.855173   0.7083
4    1.14872     0.225404   0.523484

 [*,3,*]
:       1          2           3        :=
1   -0.476596   1.06911    -0.528588
2   -0.47616    1.0694      0.52881
3    0.717396   0.914821    0.528801
4    0.71886    0.914285   -0.528597
;

np :=
1 1    0.022537
1 2   -0.0390665
1 3   -1.02329
2 1   -0.0130703
2 2   -0.0160609
2 3    0.977842
3 1    0.0425536
3 2    1.02054
3 3    4.85352e-16
;

vp :=
1 1   -0.686782
1 2   -0.0523165
1 3   -0.731214
2 1    0.49264
2 2   -0.0814322
2 3    0.866385
3 1    0.120875
3 2    0.991905
3 3   -0.000314976
;

