solve_message = ' \
Ipopt 3.9.1: Optimal Solution Found'

Solve time:
_solve_time = 1.99681

Objective:
p :=
1 1    0.000270045
1 2    0.034724
1 3   -0.0463804
2 1    0.00125807
2 2    0.000273112
2 3    0.0655144
3 1   -0.0015281
3 2   -0.0349969
3 3   -0.0191341
;

phi :=
1 1   0.0870257
1 2   0.0512457
1 3   0.0896674
2 1   0.0627952
2 2   0.0529478
2 3   0.152633
3 1   0.114573
3 2   0.0508308
3 3   0.101814
4 1   0.162805
4 2   0.0492089
4 3   0.0597235
;

l [*,1,*]
:       1          2           3         :=
1   -0.781372   1.01677     0.0242382
2    0.118705   1.078       0.684895
3    0.798696   0.976593   -0.231099
4   -0.100298   0.9152     -0.893214

 [*,2,*]
:       1           2          3        :=
1    0.225936   -0.811383   1.02295
2    0.71048     0.101257   1.1048
3   -0.375657    0.687859   1.03285
4   -0.861931   -0.223847   0.950885

 [*,3,*]
:        1            2            3         :=
1   -0.843164     -0.966217    0.00519021
2    0.00336514   -1.00547    -0.797156
3    0.756959     -1.03534    -0.0019083
4   -0.0883698    -0.996136    0.801704
;

np :=
1 1    0.007359
1 2    0.946266
1 3   -0.094177
2 1    8.89143e-11
2 2    1.92588e-11
2 3    1.05673
3 1   -0.0438866
3 2   -1.0051
3 3   -0.000191542
;

vp :=
1 1    0.00857424
1 2    0.996616
1 3   -0.104059
2 1   -0.0754865
2 2   -0.061892
2 3    1.02784
3 1   -0.0431394
3 2   -1.00078
3 3    0.00227756
;

