solve_message = ' \
Ipopt 3.9.1: Optimal Solution Found'

Solve time:
_solve_time = 0.811205

Objective:
p :=
1 1    0.0342616
1 2    0.00585279
1 3   -0.00492905
2 1   -0.0105333
2 2   -0.0296491
2 3    0.0595672
3 1   -0.0237271
3 2    0.0237957
3 3   -0.0546381
;

phi :=
1 1   0.0473564
1 2   0.0476794
1 3   0.127233
2 1   0.0446932
2 2   0.0520424
2 3   0.193327
3 1   0.0849264
3 2   0.123916
3 3   0.0733911
4 1   0.0900529
4 2   0.0973112
4 3   0.0529276
;

l [*,1,*]
:      1           2          3        :=
1   0.490261    0.797766   0.873927
2   0.206445   -0.210696   1.23872
3   0.943768   -0.687747   0.495175
4   1.22876     0.319955   0.1292

 [*,2,*]
:       1           2          3        :=
1    0.262959   -0.215675   1.22106
2   -0.635137   -0.327901   1.04641
3   -0.342229   -1.20269    0.104869
4    0.556334   -1.09185    0.278022

 [*,3,*]
:       1           2           3         :=
1    0.0892114   0.966167   -0.825123
2   -0.595526    0.357102   -1.08342
3   -1.16559     0.49785     0.0709582
4   -0.481762    1.10714     0.331096
;

np :=
1 1    0.938983
1 2    0.160403
1 3   -1.44191e-08
2 1   -0.158861
2 2   -0.447159
2 3    0.542819
3 1   -0.531
3 2    0.532534
3 3   -0.296536
;

vp :=
1 1    0.717422
1 2    0.055221
1 3    0.68411
2 1   -0.0391603
2 2   -0.709484
2 3    0.662661
3 1   -0.538144
3 2    0.732307
3 3   -0.37652
;

