solve_message = ' \
Ipopt 3.9.1: Optimal Solution Found'

Solve time:
_solve_time = 0.312002

Objective:
p :=
1 1    0.000871955
1 2   -0.0348841
1 3   -0.0420894
2 1   -0.0010696
2 2   -0.00016788
2 3    0.0650696
3 1    0.000197649
3 2    0.0350519
3 3   -0.0229802
;

phi :=
1 1   0.0644153
1 2   0.0292277
1 3   0.0762017
2 1   0.119499
2 2   0.0525783
2 3   0.152331
3 1   0.143918
3 2   0.0685503
3 3   0.1398
4 1   0.0804767
4 2   0.0395455
4 3   0.0682277
;

l [*,1,*]
:       1          2           3         :=
1    0.119216   -1.04427    0.73574
2   -0.776199   -1.02087   -0.0132544
3   -0.074208   -0.956     -0.852143
4    0.822325   -0.97929   -0.104485

 [*,2,*]
:       1           2           3        :=
1    0.483797    0.793346    0.898298
2   -0.287205    0.0535819   1.25176
3    0.380803   -0.804492    0.913513
4    1.15287    -0.0660949   0.559507

 [*,3,*]
:       1          2           3        :=
1    0.760193   1.00618     0.239026
2    0.164052   0.99908    -0.788701
3   -0.76654    0.999152   -0.250109
4   -0.171881   1.00625     0.778476
;

np :=
1 1    0.0244677
1 2   -0.978872
1 3   -0.0477328
2 1   -2.67734e-11
2 2   -4.20264e-12
2 3    1.00752
3 1    0.00569811
3 2    1.01053
3 3   -0.000690381
;

vp :=
1 1    0.0231407
1 2   -1.00012
1 3   -0.0582374
2 1    0.432873
2 2   -0.00562033
2 3    0.905629
3 1   -0.00330671
3 2    1.00267
3 3   -0.00491756
;

