solve_message = ' \
Ipopt 3.9.1: Optimal Solution Found'

Solve time:
_solve_time = 0.780005

Objective:
p :=
1 1   -0.0130421
1 2   -0.0289001
1 3   -0.0594369
2 1    0.0308082
2 2   -0.00072632
2 3    0.0599962
3 1   -0.0177589
3 2    0.0296279
3 3   -0.00055936
;

phi :=
1 1   0.0743159
1 2   0.0605753
1 3   0.0716376
2 1   0.0852433
2 2   0.0970408
2 3   0.098283
3 1   0.125529
3 2   0.1069
3 3   0.0826139
4 1   0.104923
4 2   0.0666538
4 3   0.0632899
;

l [*,1,*]
:       1           2           3         :=
1    0.150187   -0.237558   -1.22951
2    0.672595   -0.940646   -0.442582
3   -0.292876   -1.23489    -0.0617795
4   -0.816822   -0.532269   -0.848101

 [*,2,*]
:       1           2          3        :=
1   0.828884     0.875927   0.29896
2   0.0941824    0.393639   1.19716
3   0.530869    -0.494371   1.07917
4   1.26627     -0.013498   0.180776

 [*,3,*]
:       1          2           3         :=
1   -0.499532   0.72308    -0.916466
2   -1.13242    0.595306   -0.185712
3   -0.275927   1.05894     0.640085
4    0.358323   1.18745    -0.0893536
;

np :=
1 1   -0.205955
1 2   -0.45637
1 3   -0.534561
2 1    0.410112
2 2   -0.00967032
2 3    0.570786
3 1   -0.468888
3 2    0.782263
3 3   -3.48111e-15
;

vp :=
1 1   -0.0719374
1 2   -0.73606
1 3   -0.645807
2 1    0.680344
2 2    0.190616
2 3    0.688658
3 1   -0.387136
3 2    0.891245
3 3   -0.138153
;

