solve_message = ' \
Ipopt 3.9.1: Optimal Solution Found'

Solve time:
_solve_time = 1.48201

Objective:
p :=
1 1    0.00835401
1 2    0.00061185
1 3    0.0650685
2 1   -0.00396901
2 2    0.0341442
2 3   -0.0507151
3 1   -0.004385
3 2   -0.0347561
3 3   -0.0143534
;

phi :=
1 1   0.0639071
1 2   0.110153
1 3   0.134976
2 1   0.0428191
2 2   0.148462
2 3   0.0629993
3 1   0.0458032
3 2   0.0946381
3 3   0.0635104
4 1   0.0679536
4 2   0.0648199
4 3   0.135381
;

l [*,1,*]
:       1           2          3       :=
1    0.46804     0.653979   1.00034
2   -0.699983    0.383496   1.00454
3   -0.462363   -0.655335   1.0053
4    0.706039   -0.386506   1.0011

 [*,2,*]
:       1          2           3         :=
1    0.67086    1.09477    -0.0599173
2   -0.104308   0.82618    -0.979676
3   -0.897713   0.862379   -0.32115
4   -0.123808   1.13102     0.599657

 [*,3,*]
:       1            2           3         :=
1    0.667053    -1.09153    -0.109962
2   -0.0750659   -1.00586     0.801041
3   -0.922392    -0.894657    0.0983491
4   -0.181622    -0.980158   -0.813773
;

np :=
1 1    4.48495e-05
1 2    3.28479e-06
1 3    1.0074
2 1   -0.101765
2 2    0.875451
2 3   -0.176021
3 1   -0.125966
3 2   -0.998424
3 3   -2.56032e-05
;

vp :=
1 1    0.00339865
1 2   -0.000984075
1 3    1.00282
2 1   -0.113433
2 2    0.978695
2 3   -0.189905
3 1   -0.127711
3 2   -0.993085
3 3   -0.00644939
;

