solve_message = ' \
Ipopt 3.9.1: Optimal Solution Found'

Solve time:
_solve_time = 0.312002

Objective:
p :=
1 1   -0.00876415
1 2   -0.00885667
1 3    0.0649614
2 1    0.0348222
2 2   -8.50613e-05
2 3   -0.000598896
3 1   -0.026058
3 2    0.00894182
3 3   -0.0643671
;

phi :=
1 1   0.0518269
1 2   0.0660567
1 3   0.164479
2 1   0.0495962
2 2   0.0640588
2 3   0.121508
3 1   0.0590188
3 2   0.109339
3 3   0.0740362
4 1   0.0619792
4 2   0.115217
4 3   0.0986608
;

l [*,1,*]
:       1           2           3        :=
1   -0.403573    0.79493     0.92243
2   -1.09665     0.0183529   0.665017
3   -0.286517   -0.802573    0.958598
4    0.407848   -0.0273039   1.21648

 [*,2,*]
:      1           2          3        :=
1   0.389444    0.650626   1.03698
2   0.279452   -0.509313   1.14542
3   1.04215    -0.654919   0.373881
4   1.15336     0.504788   0.264213

 [*,3,*]
:       1            2           3        :=
1   -0.0740428   -0.297207   -1.27649
2   -0.784387    -0.652256   -0.876998
3   -1.10555      0.604189   -0.360421
4   -0.395715     0.96124    -0.759088
;

np :=
1 1   -0.000509725
1 2   -0.000515106
1 3    0.995852
2 1    0.964989
2 2   -0.00235721
2 3    1.22565e-14
3 1   -0.17707
3 2    0.0607616
3 3   -0.933801
;

vp :=
1 1   -0.344446
1 2   -0.00383944
1 3    0.940734
2 1    0.716146
2 2   -0.00174262
2 3    0.705082
3 1   -0.58964
3 2    0.154133
3 3   -0.818408
;

