solve_message = ' \
Ipopt 3.9.1: Optimal Solution Found'

Solve time:
_solve_time = 0.577204

Objective:
p :=
1 1    0.0346319
1 2   -0.00429024
1 3   -0.0130863
2 1   -0.00062429
2 2    0.00335515
2 3    0.0657001
3 1   -0.0340117
3 2    0.00095706
3 3   -0.0526141
;

phi :=
1 1   0.0718428
1 2   0.0706194
1 3   0.14161
2 1   0.072868
2 2   0.0715218
2 3   0.133166
3 1   0.0571292
3 2   0.0588622
3 3   0.119626
4 1   0.0599151
4 2   0.0579608
4 3   0.120872
;

l [*,1,*]
:      1           2          3        :=
1   1.07206     0.59321    0.369587
2   0.319129    0.49185    1.13909
3   0.363197   -0.684507   1.02806
4   1.1162     -0.585021   0.258381

 [*,2,*]
:      1           2          3        :=
1   1.15331     0.459191   0.318226
2   0.356154    0.510074   1.12133
3   0.254015   -0.615882   1.09201
4   1.05101    -0.668559   0.288855

 [*,3,*]
:       1           2           3        :=
1   -1.02218     0.649843   -0.431233
2   -0.198879    0.277269   -1.2333
3   -0.39796    -0.72373    -0.97486
4   -1.22158    -0.352749   -0.172382
;

np :=
1 1    0.972075
1 2   -0.120422
1 3   -1.34065e-05
2 1   -1.10591e-08
2 2    6.23394e-08
2 3    1.07787
3 1   -0.82027
3 2    0.0230817
3 3   -0.227677
;

vp :=
1 1    0.717947
1 2   -0.046077
1 3    0.698475
2 1    0.70394
2 2   -0.0788149
2 3    0.704784
3 1   -0.710477
3 2   -0.0371937
3 3   -0.702624
;

