solve_message = ' \
Ipopt 3.9.1: Optimal Solution Found'

Solve time:
_solve_time = 0.561604

Objective:
p :=
1 1    0.00394018
1 2    0.000818382
1 3    0.0652042
2 1   -0.000556883
2 2    0.0342294
2 3   -0.0511483
3 1   -0.0033833
3 2   -0.0350478
3 3   -0.0140559
;

phi :=
1 1   0.063125
1 2   0.0971502
1 3   0.141129
2 1   0.0553666
2 2   0.146243
2 3   0.116409
3 1   0.0480031
3 2   0.104169
3 3   0.0638864
4 1   0.0556453
4 2   0.0686814
4 3   0.0760489
;

l [*,1,*]
:       1           2          3        :=
1    1.08588     0.126292   0.68225
2    0.136817    0.769452   1.02698
3   -0.410208   -0.134055   1.21109
4    0.537987   -0.778653   0.866649

 [*,2,*]
:       1          2           3        :=
1    0.681509   0.910805   -0.649374
2   -0.491615   0.820409   -0.871054
3   -0.719015   1.07173     0.21446
4    0.453747   1.16253     0.437869

 [*,3,*]
:       1           2           3        :=
1   -0.350218   -1.01243    -0.730574
2    0.538468   -1.09475    -0.416733
3    0.122076   -0.979028    0.830084
4   -0.767274   -0.896528    0.518229
;

np :=
1 1    2.60114e-07
1 2    5.4026e-08
1 3    1.0222
2 1   -0.0139325
2 2    0.856376
2 3   -0.186821
3 1   -0.10021
3 2   -1.03809
3 3   -2.21117e-05
;

vp :=
1 1    0.337998
1 2   -0.00449739
1 3    0.946606
2 1   -0.018376
2 2    0.991405
2 3   -0.216936
3 1   -0.114591
3 2   -0.995652
3 3    0.0501268
;

