solve_message = ' \
Ipopt 3.9.1: Optimal Solution Found'

Solve time:
_solve_time = 1.27921

Objective:
p :=
1 1   -0.00222832
1 2   -0.0351236
1 3   -0.00977539
2 1    0.00447724
2 2    0.0333307
2 3   -0.0552928
3 1   -0.00224891
3 2    0.00179288
3 3    0.0650682
;

phi :=
1 1   0.083328
1 2   0.150913
1 3   0.0673033
2 1   0.062033
2 2   0.0894594
2 3   0.0587906
3 1   0.078446
3 2   0.0725239
3 3   0.0570903
4 1   0.146357
4 2   0.105288
4 3   0.0645392
;

l [*,1,*]
:       1           2           3        :=
1    0.661258   -1.05841    -0.259587
2    0.353516   -0.959581    0.761323
3   -0.780751   -0.919399    0.410093
4   -0.474816   -1.01816    -0.611376

 [*,2,*]
:       1          2           3        :=
1   -0.398406   0.777004   -0.941468
2   -0.538464   1.16352    -0.095469
3    0.737818   1.0308      0.176306
4    0.879909   0.644067   -0.66926

 [*,3,*]
:       1            2           3        :=
1   -0.69859     -0.0509113   1.08009
2   -0.0338986   -0.793748    1.0122
3    0.905537     0.0560257   0.911249
4    0.242342     0.800216    0.978976
;

np :=
1 1   -0.065816
1 2   -1.03742
1 3   -1.73998e-06
2 1    0.100671
2 2    0.749443
2 3   -0.322319
3 1   -1.97848e-08
3 2    1.57728e-08
3 3    1.00736
;

vp :=
1 1   -0.0600761
1 2   -0.988927
1 3    0.0747061
2 1    0.17027
2 2    0.903694
2 3   -0.38281
3 1    0.103583
3 2    0.0031918
3 3    0.995656
;

