solve_message = ' \
Ipopt 3.9.1: Optimal Solution Found'

Solve time:
_solve_time = 1.51321

Objective:
p :=
1 1   -0.0127334
1 2   -0.0330478
1 3   -0.0332362
2 1    0.0138981
2 2   -0.00224029
2 3    0.0648032
3 1   -0.00116526
3 2    0.0352882
3 3   -0.031567
;

phi :=
1 1   0
1 2   0
1 3   0
2 1   0
2 2   0.0250231
2 3   0.0642725
3 1   0.157155
3 2   0.171603
3 3   0.0893542
4 1   0.370551
4 2   0.14928
4 3   0.121516
;

l [*,1,*]
:       1           2           3        :=
1   -0.287038   -1.02608     0.711518
2   -1.02239    -0.761327    0.426532
3   -0.535336   -0.898488   -0.943933
4    0.200795   -1.16346    -0.661128

 [*,2,*]
:       1           2          3        :=
1   -0.477645   -0.791793   0.996836
2    0.746737   -0.383351   1.05058
3    0.41049     0.61536    1.09707
4   -0.814427    0.20851    1.0434

 [*,3,*]
:       1          2           3        :=
1    0.659039   0.922965   -0.390329
2   -0.372662   0.927718   -0.575124
3   -0.574461   0.955926    0.550993
4    0.456918   0.951217    0.737581
;

np :=
1 1   -0.390542
1 2   -1.0136
1 3   -0.00913879
2 1    0.00168065
2 2   -0.00027093
2 3    0.978999
3 1   -0.0350865
3 2    1.06254
3 3   -0.00637145
;

vp :=
1 1   -0.4107
1 2   -0.962443
1 3   -0.11664
2 1   -0.0341992
2 2   -0.087981
2 3    1.04695
3 1    0.0426193
3 2    0.939455
3 3    0.0808541
;

