solve_message = ' \
Ipopt 3.9.1: Optimal Solution Found'

Solve time:
_solve_time = 2.46482

Objective:
p :=
1 1    0.0137204
1 2    0.0156091
1 3   -0.0652436
2 1    0.00598266
2 2   -0.0345088
2 3    0.00122573
3 1   -0.0197043
3 2    0.0188979
3 3    0.0640179
;

phi :=
1 1   0.0611692
1 2   0.0566172
1 3   0.170942
2 1   0.0775587
2 2   0.0558911
2 3   0.0981855
3 1   0.161604
3 2   0.0473793
3 3   0.0475735
4 1   0.126531
4 2   0.0478892
4 3   0.0824414
;

l [*,1,*]
:       1            2           3        :=
1   -0.165538    -0.560372   -1.15191
2   -1.15284     -0.350137   -0.450328
3   -0.976489     0.66679    -0.504764
4    0.0110978    0.458173   -1.20643

 [*,2,*]
:       1           2           3        :=
1    0.540419   -0.926972    0.703811
2   -0.603979   -1.10228     0.250268
3   -0.23807    -1.05022    -0.69601
4    0.906911   -0.874825   -0.243974

 [*,3,*]
:       1           2          3        :=
1   0.450988     0.746161   0.944407
2   0.0906976   -0.192967   1.26197
3   0.876034    -0.742228   0.53287
4   1.23757      0.196025   0.214148
;

np :=
1 1    0.0171781
1 2    0.019541
1 3   -1.02653
2 1    0.171624
2 2   -0.989953
2 3    8.4724e-13
3 1   -0.126823
3 2    0.121638
3 3    0.898911
;

vp :=
1 1   -0.57055
1 2    0.05353
1 3   -0.828638
2 1    0.151776
2 2   -0.988505
2 3    0.00370419
3 1    0.663967
3 2    0.00212202
3 3    0.738222
;

