solve_message = ' \
Ipopt 3.9.1: Optimal Solution Found'

Solve time:
_solve_time = 0.795605

Objective:
p :=
1 1   -0.00449206
1 2    0.0342781
1 3    0.00263452
2 1    0.0237441
2 2   -0.0172569
2 3    0.0621312
3 1   -0.0192542
3 2   -0.0170231
3 3   -0.0647657
;

phi :=
1 1   0.051641
1 2   0.0692867
1 3   0.0555245
2 1   0.0516713
2 2   0.0623235
2 3   0.0644075
3 1   0.0571994
3 2   0.119595
3 3   0.164018
4 1   0.0576376
4 2   0.152901
4 3   0.129132
;

l [*,1,*]
:       1          2           3        :=
1    0.438597   1.11499    -0.492676
2   -0.549333   1.101      -0.428371
3   -0.47287    0.825127    0.73792
4    0.515182   0.838685    0.675474

 [*,2,*]
:      1           2          3        :=
1   1.08789     0.552457   0.229245
2   0.441263    0.497942   1.06427
3   0.443415   -0.697688   0.988231
4   1.09005    -0.645077   0.153081

 [*,3,*]
:       1           2           3         :=
1   -1.18673     0.409538    0.0994388
2   -0.701525    0.766138   -0.729575
3   -0.502882   -0.384955   -1.10892
4   -0.987772   -0.743388   -0.280508
;

np :=
1 1   -0.119187
1 2    0.909485
1 3    1.79651e-10
2 1    0.235977
2 2   -0.171524
2 3    0.729079
3 1   -0.0862212
3 2   -0.076227
3 3   -0.975042
;

vp :=
1 1   -0.0167121
1 2    0.969956
1 3    0.123061
2 1    0.765913
2 2   -0.07307
2 3    0.608375
3 1   -0.844921
3 2    0.011691
3 3   -0.50456
;

