solve_message = ' \
Ipopt 3.9.1: Optimal Solution Found'

Solve time:
_solve_time = 0.608404

Objective:
p :=
1 1   -0.00500428
1 2   -0.0348912
1 3    0.0189952
2 1    0.0031672
2 2   -2.52803e-05
2 3   -0.0649921
3 1    0.0018384
3 2    0.0349183
3 3    0.0459464
;

phi :=
1 1   0.138527
1 2   0.048878
1 3   0.0529427
2 1   0.0615191
2 2   0.0426659
2 3   0.0927343
3 1   0.0700965
3 2   0.0414585
3 3   0.176662
4 1   0.157614
4 2   0.0472593
4 3   0.104565
;

l [*,1,*]
:       1           2           3        :=
1   -0.808694   -0.910763    0.342988
2   -0.625841   -0.85214    -0.716949
3    0.52386    -1.0369     -0.528397
4    0.342838   -1.09582     0.531841

 [*,2,*]
:       1           2           3        :=
1    0.831736   -0.451882   -0.86476
2   -0.211599   -0.693455   -1.05788
3   -0.468662    0.45146    -1.10499
4    0.574263    0.694856   -0.911949

 [*,3,*]
:       1           2           3         :=
1    0.143914    1.01625    -0.764278
2   -0.74019     1.04484    -0.0621884
3   -0.0381473   0.983431    0.82647
4    0.847075    0.954741    0.125796
;

np :=
1 1   -0.149173
1 2   -1.04008
1 3    0.000174937
2 1    4.96383e-08
2 2   -4.1161e-10
2 3   -0.999151
3 1    0.0522264
3 2    0.991981
3 3    0.088179
;

vp :=
1 1   -0.142032
1 2   -0.973928
1 3   -0.092207
2 1    0.18185
2 2    0.000341244
2 3   -0.984819
3 1    0.0535155
3 2    0.999805
3 3    0.0311703
;

