solve_message = ' \
Ipopt 3.9.1: Optimal Solution Found'

Solve time:
_solve_time = 0.483603

Objective:
p :=
1 1   -0.0128049
1 2   -0.0285966
1 3    0.0591124
2 1   -0.0215321
2 2    0.0258685
2 3   -0.0544243
3 1    0.0343432
3 2    0.00272695
3 3   -0.00468809
;

phi :=
1 1   0.0758189
1 2   0.211077
1 3   0.0473008
2 1   0.0412671
2 2   0.0641426
2 3   0.0463104
3 1   0.0677966
3 2   0.0514103
3 3   0.0865619
4 1   0.132683
4 2   0.127203
4 3   0.0832703
;

l [*,1,*]
:       1            2           3         :=
1    0.738324    -0.855553    0.492119
2    0.0545703   -0.236419    1.22117
3   -0.815025    -0.587753    0.70583
4   -0.132657    -1.20745    -0.0240408

 [*,2,*]
:       1          2           3        :=
1   -0.761647   0.449866   -0.94861
2   -1.08036    0.69036     0.161678
3   -0.120286   1.10103     0.350521
4    0.199954   0.861186   -0.759466

 [*,3,*]
:      1           2          3        :=
1   0.547315    0.630551   1.01548
2   0.206532   -0.496599   1.13201
3   0.889828   -0.784856   0.351136
4   1.2317      0.341835   0.233363
;

np :=
1 1   -0.188311
1 2   -0.420545
1 3    0.514464
2 1   -0.486485
2 2    0.584448
2 3   -0.288507
3 1    0.89245
3 2    0.0708667
3 3   -1.01524e-08
;

vp :=
1 1   -0.0384247
1 2   -0.722039
1 3    0.598479
2 1   -0.440457
2 2    0.775514
2 3   -0.299412
3 1    0.71898
3 2   -0.0768183
3 3    0.68295
;

