solve_message = ' \
Ipopt 3.9.1: Optimal Solution Found'

Solve time:
_solve_time = 1.04521

Objective:
p :=
1 1   -0.0175216
1 2   -0.000603086
1 3    0.0650064
2 1   -0.0177607
2 2   -0.00160755
2 3   -0.0650429
3 1    0.0352872
3 2    0.00221093
3 3    3.93894e-05
;

phi :=
1 1   0.0701207
1 2   0.122486
1 3   0.114633
2 1   0.0616016
2 2   0.101654
2 3   0.0918214
3 1   0.061421
3 2   0.086
3 3   0.0689291
4 1   0.0704389
4 2   0.10156
4 3   0.0856679
;

l [*,1,*]
:       1           2           3        :=
1   -0.203965   -0.139971   1.25839
2   -0.631708    0.783656   0.794247
3   -1.27021     0.138683   0.0972018
4   -0.843488   -0.785971   0.560237

 [*,2,*]
:       1           2           3        :=
1    0.312305   -0.486562   -1.14542
2   -0.697958   -0.680868   -0.833592
3   -0.903246    0.486856   -0.768975
4    0.10669     0.683021   -1.0807

 [*,3,*]
:      1           2          3        :=
1   1.25171    -0.235816   0.187013
2   0.917252    0.808855   0.348769
3   0.199041    0.451558   1.17759
4   0.532352   -0.593681   1.01715
;

np :=
1 1   -0.00790809
1 2   -0.000272185
1 3    1.00069
2 1   -0.00887888
2 2   -0.000803654
2 3   -1.00463
3 1    1.07138
3 2    0.067128
3 3   -3.43299e-19
;

vp :=
1 1   -0.737173
1 2   -0.0012689
1 3    0.677704
2 1   -0.295149
2 2    0.000689719
2 3   -0.957296
3 1    0.725221
3 2    0.107313
3 3    0.682566
;

