solve_message = ' \
Ipopt 3.9.1: Optimal Solution Found'

Solve time:
_solve_time = 0.889206

Objective:
p :=
1 1   -0.000871876
1 2    0.035118
1 3   -0.00659392
2 1    0.00212107
2 2   -0.0322543
2 3   -0.0587641
3 1   -0.00124944
3 2   -0.00285989
3 3    0.06528
;

phi :=
1 1   0.0485289
1 2   0.127087
1 3   0.0349256
2 1   0.108613
2 2   0.0593598
2 3   0.0618214
3 1   0.129058
3 2   0.0664186
3 3   0.125038
4 1   0.0496807
4 2   0.147898
4 3   0.0764524
;

l [*,1,*]
:       1          2           3        :=
1    0.61417    0.927795   -0.674074
2   -0.590377   0.970109   -0.621527
3   -0.538871   1.13768     0.440329
4    0.665758   1.09564     0.389472

 [*,2,*]
:       1           2           3        :=
1   -0.559964   -0.473184   -1.05439
2    0.553785   -0.253425   -1.12657
3    0.753409   -0.992383   -0.305172
4   -0.360022   -1.21332    -0.231687

 [*,3,*]
:       1            2          3        :=
1    1.22417      0.192391   0.322572
2    0.543971     0.798596   0.840783
3   -0.0134922   -0.189949   1.26688
4    0.665821    -0.797729   0.749345
;

np :=
1 1   -0.0254661
1 2    1.02574
1 3   -4.46069e-08
2 1    0.0376035
2 2   -0.571822
2 3   -0.493615
3 1   -1.79159e-08
3 2   -4.09796e-08
3 3    1.03055
;

vp :=
1 1    0.03815
1 2    1.03279
1 3   -0.116471
2 1    0.0963583
2 2   -0.733166
2 3   -0.679426
3 1    0.605389
3 2    0.000585259
3 3    0.794688
;

