solve_message = ' \
Ipopt 3.9.1: Optimal Solution Found'

Solve time:
_solve_time = 1.18561

Objective:
p :=
1 1    0.0122401
1 2    0.0198252
1 3    0.0641469
2 1    0.0159799
2 2   -0.0307161
2 3   -0.00298836
3 1   -0.02822
3 2    0.0108908
3 3   -0.0611585
;

phi :=
1 1   0.0408874
1 2   0.101325
1 3   0.0153451
2 1   0.306145
2 2   0.215407
2 3   0.00999814
3 1   0.0386284
3 2   0.0359422
3 3   0.0490283
4 1   0.00594331
4 2   0.0152239
4 3   0.20004
;

l [*,1,*]
:       1           2          3        :=
1   -0.311678   -0.465902   1.15856
2   -0.449504    0.77526    0.920008
3   -1.13646     0.568213   0.23334
4   -0.999733   -0.673279   0.470801

 [*,2,*]
:       1           2           3         :=
1    0.616208   -0.943804   -0.63702
2    1.118      -0.640596   -0.0780428
3    0.134195   -0.787358    0.904526
4   -0.369163   -1.0908      0.347114

 [*,3,*]
:       1           2            3         :=
1   -0.783322   -0.799788    -0.39717
2   -1.21893    -0.0754575    0.0604939
3   -0.742183    0.747728    -0.783575
4   -0.305812    0.0247093   -1.24258
;

np :=
1 1    0.0304341
1 2    0.049294
1 3    0.911666
2 1    0.427932
2 2   -0.822558
2 3   -4.34151e-10
3 1   -0.335979
3 2    0.129663
3 3   -0.652838
;

vp :=
1 1   -0.72429
1 2    0.0505783
1 3    0.695773
2 1    0.374609
2 2   -0.86576
2 3    0.133922
3 1   -0.762389
3 2   -0.0259902
3 3   -0.590891
;

