solve_message = ' \
Ipopt 3.9.1: Optimal Solution Found'

Solve time:
_solve_time = 0.982806

Objective:
p :=
1 1    0.000731298
1 2    0.0350008
1 3    0.00690938
2 1    0.0223424
2 2   -0.0244835
2 3    0.0576798
3 1   -0.0230729
3 2   -0.0105169
3 3   -0.0645891
;

phi :=
1 1   0.0842383
1 2   0.122662
1 3   0.0661264
2 1   0.0636674
2 2   0.120923
2 3   0.0833388
3 1   0.0612939
3 2   0.0841095
3 3   0.103916
4 1   0.0795555
4 2   0.0831931
4 3   0.083493
;

l [*,1,*]
:       1          2           3        :=
1   -0.125916   1.01008     0.78051
2    0.821548   0.952937    0.23654
3    0.242208   0.989548   -0.777843
4   -0.706179   1.04675    -0.235489

 [*,2,*]
:       1           2            3        :=
1   0.233983    -0.337239     1.21658
2   0.0794745   -1.20043      0.454635
3   0.953601    -0.84363     -0.11797
4   1.1095       0.0201278    0.643066

 [*,3,*]
:       1            2           3        :=
1   -0.216889     0.649494   -1.08185
2   -0.0762725   -0.53726    -1.16173
3   -0.936035    -0.681453   -0.552287
4   -1.07802      0.505071   -0.471438
;

np :=
1 1    0.0209245
1 2    1.00147
1 3    1.53349e-07
2 1    0.46047
2 2   -0.504599
2 3    0.433282
3 1   -0.0953193
3 2   -0.0434477
3 3   -0.956584
;

vp :=
1 1    0.0575374
1 2    0.999853
1 3    0.00114611
2 1    0.594202
2 2   -0.589949
2 3    0.549382
3 1   -0.576861
3 2   -0.015564
3 3   -0.816795
;

