solve_message = ' \
Ipopt 3.9.1: Optimal Solution Found'

Solve time:
_solve_time = 0.998406

Objective:
p :=
1 1    0.0324765
1 2    0.0088883
1 3    0.0546883
2 1   -0.0221864
2 2    0.0245267
2 3   -0.0575468
3 1   -0.0102901
3 2   -0.033415
3 3    0.00285848
;

phi :=
1 1   0.0971902
1 2   0.101256
1 3   0.0795278
2 1   0.0871899
2 2   0.0809357
2 3   0.0728216
3 1   0.0798922
3 2   0.0767851
3 3   0.083438
4 1   0.0893755
4 2   0.0969211
4 3   0.0911851
;

l [*,1,*]
:      1           2          3        :=
1   1.05622     0.712968   0.138244
2   0.240424    0.849264   0.927621
3   0.336311   -0.228589   1.21423
4   1.15226    -0.366601   0.425308

 [*,2,*]
:       1            2           3        :=
1   -0.139976    0.420888    -1.20308
2   -1.09832     0.0387531   -0.659867
3   -0.980487    0.820643     0.100415
4   -0.0219502   1.20402     -0.441592

 [*,3,*]
:       1           2           3        :=
1    0.15598    -1.09329     0.651003
2   -0.923204   -0.79881     0.395823
3   -0.678683   -0.840569   -0.692231
4    0.40089    -1.13511    -0.438784
;

np :=
1 1    0.735561
1 2    0.201311
1 3    0.298435
2 1   -0.451249
2 2    0.498848
2 3   -0.426338
3 1   -0.292169
3 2   -0.948756
3 3    3.13873e-10
;

vp :=
1 1    0.696631
1 2    0.241706
1 3    0.676036
2 1   -0.559802
2 2    0.621229
2 3   -0.551248
3 1   -0.260824
3 2   -0.967063
3 3   -0.020946
;

