solve_message = ' \
Ipopt 3.9.1: Optimal Solution Found'

Solve time:
_solve_time = 0.390003

Objective:
p :=
1 1    0.000139735
1 2    0.0227629
1 3    0.0651694
2 1    0.00329803
2 2    0.0121108
2 3   -0.0646946
3 1   -0.00343777
3 2   -0.0348737
3 3   -0.000474771
;

phi :=
1 1   0.16536
1 2   0.126047
1 3   0.0409015
2 1   0.122107
2 2   0.0635952
2 3   0.0525231
3 1   0.0609059
3 2   0.0689381
3 3   0.0625681
4 1   0.084388
4 2   0.13621
4 3   0.0510591
;

l [*,1,*]
:       1           2           3        :=
1    0.267245    0.852571    0.916978
2   -0.556985    0.206872    1.13425
3    0.15796    -0.741442    1.03191
4    0.983329   -0.0972539   0.814469

 [*,2,*]
:       1           2           3        :=
1    0.537709    0.579044   -1.01198
2    0.474289   -0.61067    -1.0256
3   -0.595168   -0.555208   -0.993803
4   -0.533451    0.634594   -0.980136

 [*,3,*]
:       1           2           3        :=
1    0.36055    -1.18363     0.507867
2   -0.837585   -0.944424    0.422352
3   -0.744362   -0.870387   -0.607831
4    0.453922   -1.10947    -0.523956
;

np :=
1 1    0.000302165
1 2    0.049223
1 3    1.01838
2 1    0.000200456
2 2    0.000736101
2 3   -0.967572
3 1   -0.0989438
3 2   -1.00371
3 3   -1.10917e-15
;

vp :=
1 1    0.213216
1 2    0.0554438
1 3    0.974315
2 1   -0.0291306
2 2    0.0124142
2 3   -1.00287
3 1   -0.191391
3 2   -1.02707
3 3   -0.0503583
;

