solve_message = ' \
Ipopt 3.9.1: Optimal Solution Found'

Solve time:
_solve_time = 1.27921

Objective:
p :=
1 1   -0.0033359
1 2   -0.0348804
1 3   -0.000432046
2 1   -0.00287969
2 2    0.0233398
2 3   -0.0647039
3 1    0.00621558
3 2    0.0115406
3 3    0.065136
;

phi :=
1 1   0.0483161
1 2   0.15385
1 3   0.06072
2 1   0.055016
2 2   0.102549
2 3   0.0719393
3 1   0.0609712
3 2   0.055183
3 3   0.15567
4 1   0.0537462
4 2   0.0840233
4 3   0.132534
;

l [*,1,*]
:        1             2           3         :=
1    0.687319      -1.07338    -0.15876
2    0.000205586   -1.03779     0.763205
3   -0.887126      -0.92466     0.0990699
4   -0.201425      -0.960068   -0.823953

 [*,2,*]
:       1            2           3        :=
1   -0.671327     0.828769   -0.71376
2    0.0100528    0.198851   -1.26708
3   -0.552871    -0.761316   -0.869003
4   -1.23515     -0.132927   -0.315052

 [*,3,*]
:      1           2          3        :=
1   0.64193    -0.742003   0.827964
2   1.25022    -0.213233   0.179074
3   0.767404    0.837441   0.58173
4   0.158345    0.310344   1.23126
;

np :=
1 1   -0.0959592
1 2   -1.00336
1 3   -5.73212e-16
2 1   -0.00756953
2 2    0.0613524
2 3   -0.96855
3 1    0.000489932
3 2    0.000909531
3 3    1.01474
;

vp :=
1 1   -0.099983
1 2   -0.998991
1 3   -0.0304769
2 1   -0.612595
2 2    0.033595
2 3   -0.791002
3 1    0.704232
3 2    0.0479268
3 3    0.705266
;

