solve_message = ' \
Ipopt 3.9.1: Optimal Solution Found'

Solve time:
_solve_time = 2.51162

Objective:
p :=
1 1    0.0266398
1 2    0.00471968
1 3    0.0638448
2 1   -0.0113414
2 2   -0.0331084
2 3   -0.00476311
3 1   -0.0152986
3 2    0.0283887
3 3   -0.0590817
;

phi :=
1 1   0.0699173
1 2   0.0696042
1 3   0.100033
2 1   0.0808763
2 2   0.0794144
2 3   0.0871853
3 1   0.104995
3 2   0.085801
3 3   0.0909333
4 1   0.0878524
4 2   0.0769504
4 3   0.103514
;

l [*,1,*]
:      1           2          3        :=
1   1.11871    -0.567845   0.265715
2   1.22473     0.358414   0.140117
3   0.345078    0.5862     1.0799
4   0.237657   -0.339696   1.207

 [*,2,*]
:       1           2           3        :=
1    0.333487   -1.14357    -0.467353
2   -0.114484   -1.06183     0.701387
3   -0.99214    -0.735411    0.3434
4   -0.545566   -0.816637   -0.825911

 [*,3,*]
:       1          2           3        :=
1    0.270181   1.18252    -0.390049
2    0.30275    0.455803   -1.1248
3   -0.871322   0.17851    -0.903207
4   -0.90576    0.904786   -0.168107
;

np :=
1 1    0.162368
1 2    0.0287658
1 3    0.882034
2 1   -0.323877
2 2   -0.945483
2 3   -1.13459e-08
3 1   -0.267444
3 2    0.496281
3 3   -0.512598
;

vp :=
1 1    0.731502
1 2    0.00889912
1 3    0.673234
2 1   -0.329498
2 2   -0.939395
2 3   -0.0625852
3 1   -0.301051
3 2    0.680694
3 3   -0.646247
;

