solve_message = ' \
Ipopt 3.9.1: Optimal Solution Found'

Solve time:
_solve_time = 0.873606

Objective:
p :=
1 1   -0.00944549
1 2    0.033274
1 3   -0.00405768
2 1    0.0269413
2 2   -0.0140948
2 3   -0.0604421
3 1   -0.017495
3 2   -0.0191786
3 3    0.0644997
;

phi :=
1 1   0.162242
1 2   0.00911184
1 3   0.040578
2 1   0
2 2   0.020875
2 3   0
3 1   0.00558307
3 2   0.182224
3 3   0.0289387
4 1   0.196081
4 2   0.123023
4 3   0.265869
;

l [*,1,*]
:       1          2           3        :=
1   -0.538646   0.926985   -0.718682
2   -0.668227   0.930223    0.588163
3    0.253915   0.997272    0.681681
4    0.384964   0.994141   -0.625014

 [*,2,*]
:      1           2           3         :=
1   0.6994      0.763806   0.653692
2   0.237958   -0.234435   1.16266
3   0.787579   -0.82222    0.514979
4   1.2499      0.175086   0.00497954

 [*,3,*]
:       1           2          3        :=
1   -0.282973   -0.550312   1.11019
2   -0.439174    0.637774   1.00586
3   -1.14969     0.476553   0.242581
4   -0.994624   -0.71179    0.345693
;

np :=
1 1   -0.251391
1 2    0.885583
1 3   -3.69441e-09
2 1    0.330864
2 2   -0.173098
2 3   -0.601148
3 1   -0.0832171
3 2   -0.0912255
3 3    0.947353
;

vp :=
1 1   -0.141946
1 2    0.962154
1 3   -0.0189838
2 1    0.743893
2 2   -0.0290433
2 3    0.583875
3 1   -0.716554
3 2   -0.0374172
3 3    0.676121
;

