solve_message = ' \
Ipopt 3.9.1: Optimal Solution Found'

Solve time:
_solve_time = 1.04521

Objective:
p :=
1 1    0.0350361
1 2    0.00111338
1 3   -0.00582808
2 1   -0.0245505
2 2   -0.0212487
2 3   -0.0589875
3 1   -0.0104851
3 2    0.0201348
3 3    0.0648156
;

phi :=
1 1   0.095449
1 2   0.193638
1 3   0.0693698
2 1   0.123133
2 2   0.164984
2 3   0.0932624
3 1   0.0516323
3 2   0.0604696
3 3   0.0449787
4 1   0.038637
4 2   0.0700343
4 3   0.0293046
;

l [*,1,*]
:      1           2          3        :=
1   1.25953    -0.187626   0.152237
2   0.883552    0.757627   0.548899
3   0.162709    0.171851   1.263
4   0.537538   -0.774335   0.867471

 [*,2,*]
:       1            2           3        :=
1   -0.840773     0.228836   -0.946695
2   -0.0630392   -0.470649   -1.19005
3   -0.412631    -1.17153    -0.296306
4   -1.19092     -0.473165   -0.051533

 [*,3,*]
:       1            2           3        :=
1    0.81142      0.213177    0.966181
2   -0.0363194    0.876432    0.928354
3   -0.766847    -0.0507497   1.02759
4    0.079729    -0.715482    1.06558
;

np :=
1 1    1.01029
1 2    0.0321053
1 3   -4.65885e-08
2 1   -0.44708
2 2   -0.386942
2 3   -0.506904
3 1   -0.0223043
3 2    0.0428319
3 3    0.980307
;

vp :=
1 1    0.710982
1 2   -0.00849785
1 3    0.707743
2 1   -0.627152
2 2   -0.47135
2 3   -0.621048
3 1    0.0223333
3 2    0.0805797
3 3    0.996942
;

