solve_message = ' \
Ipopt 3.9.1: Optimal Solution Found'

Solve time:
_solve_time = 1.09201

Objective:
p :=
1 1    0.00502816
1 2    0.0345186
1 3    0.000101872
2 1   -0.0104588
2 2   -0.0174617
2 3    0.0651556
3 1    0.00543041
3 2   -0.0170543
3 3   -0.0652575
;

phi :=
1 1   0.145285
1 2   0.0633417
1 3   0.013516
2 1   0.0353037
2 2   0.0165021
2 3   0.0542783
3 1   0.0112299
3 2   0.0817596
3 3   0.217393
4 1   0.0764926
4 2   0.224067
4 3   0.0922163
;

l [*,1,*]
:       1          2           3        :=
1    0.541906   0.925661   -0.706569
2   -0.496641   1.07856    -0.48312
3   -0.254855   1.05013     0.681262
4    0.784077   0.897191    0.459668

 [*,2,*]
:       1           2          3        :=
1    0.661294    0.54848    0.95845
2   -0.453664    0.563923   1.06888
3   -0.471131   -0.581921   1.05273
4    0.643799   -0.599189   0.942279

 [*,3,*]
:       1           2           3         :=
1   -1.22454     0.327578    0.194076
2   -0.695417    0.659231   -0.850496
3   -0.555525   -0.345203   -1.10176
4   -1.08442    -0.678456   -0.0575858
;

np :=
1 1    0.140801
1 2    0.96661
1 3    2.32176e-20
2 1   -0.0115582
2 2   -0.0192983
2 3    1.01688
3 1    0.00277409
3 2   -0.00871279
3 3   -1.02806
;

vp :=
1 1    0.144036
1 2    0.987825
1 3   -0.0122787
2 1    0.0955188
2 2   -0.0171835
2 3    1.00554
3 1   -0.890187
3 2   -0.00934505
3 3   -0.453524
;

