solve_message = ' \
Ipopt 3.9.1: Optimal Solution Found'

Solve time:
_solve_time = 0.748805

Objective:
p :=
1 1    0.0179244
1 2    0.0171046
1 3   -0.0645374
2 1   -0.0350217
2 2    0.000401821
2 3   -3.91296e-06
3 1    0.0170966
3 2   -0.0175063
3 3    0.0645414
;

phi :=
1 1   0.083495
1 2   0.0650274
1 3   0.149411
2 1   0.0737757
2 2   0.0679694
2 3   0.112258
3 1   0.0724343
3 2   0.0592829
3 3   0.113386
4 1   0.083928
4 2   0.065743
4 3   0.090743
;

l [*,1,*]
:       1           2           3        :=
1    0.925351   -0.492807   -0.737114
2   -0.176083   -0.456205   -1.18464
3   -0.171426    0.613468   -1.11208
4    0.930015    0.578568   -0.664433

 [*,2,*]
:       1           2           3        :=
1   -0.491724   -0.72579    -0.935573
2   -1.21975    -0.342323   -0.197604
3   -0.93005     0.743474   -0.475058
4   -0.201558    0.361736   -1.21347

 [*,3,*]
:       1           2           3        :=
1    0.834931   -0.162294    0.960528
2    0.187885    0.726319    1.04043
3   -0.751729    0.0432883   1.0401
4   -0.106179   -0.846413    0.960199
;

np :=
1 1    0.0643842
1 2    0.0614221
1 3   -0.951237
2 1   -1.00475
2 2    0.0115279
2 3   -1.06546e-25
3 1    0.0570298
3 2   -0.0583792
3 3    0.951641
;

vp :=
1 1    0.377403
1 2    0.0607417
1 3   -0.924388
2 1   -0.710481
2 2    0.00912185
2 3   -0.70572
3 1    0.0414844
3 2   -0.0601293
3 3    1.00028
;

