solve_message = ' \
Ipopt 3.9.1: Optimal Solution Found'

Solve time:
_solve_time = 0.904806

Objective:
p :=
1 1    0.00171295
1 2   -0.00041004
1 3    0.0650586
2 1   -0.00171025
2 2    0.0349859
2 3   -0.0163195
3 1   -2.69904e-06
3 2   -0.0345758
3 3   -0.0487391
;

phi :=
1 1   0.0564205
1 2   0.0678613
1 3   0.159588
2 1   0.0474171
2 2   0.12832
2 3   0.0902848
3 1   0.0518524
3 2   0.134877
3 3   0.0615798
4 1   0.0613654
4 2   0.0696538
4 3   0.106226
;

l [*,1,*]
:        1            2          3        :=
1    0.00771564    0.718848   1.06238
2   -1.07254       0.20121    0.673426
3   -0.690049     -0.710124   0.81524
4    0.390815     -0.193938   1.20442

 [*,2,*]
:       1           2           3        :=
1    0.0700035   1.00792     0.789572
2    0.71988     1.03493    -0.232888
3   -0.16363     0.990939   -0.7972
4   -0.814914    0.963862    0.224361

 [*,3,*]
:       1           2           3        :=
1    0.492971   -0.896378   -0.774316
2    0.62761    -1.06413     0.348065
3   -0.488282   -1.08586     0.477962
4   -0.624698   -0.918142   -0.644213
;

np :=
1 1    7.72694e-10
1 2   -1.88339e-10
1 3    1.00633
2 1   -0.0490962
2 2    1.00434
2 3   -6.27261e-05
3 1   -7.01501e-05
3 2   -0.918186
3 3   -0.133238
;

vp :=
1 1   -0.340584
1 2    0.00420523
1 3    0.939022
2 1   -0.0474243
2 2    0.999401
2 3   -0.00363148
3 1    0.00184618
3 2   -0.99106
3 3   -0.148573
;

