solve_message = ' \
Ipopt 3.9.1: Optimal Solution Found'

Solve time:
_solve_time = 0.811205

Objective:
p :=
1 1   -0.0173947
1 2   -0.0298273
1 3    0.0129345
2 1   -0.0128162
2 2    0.0318368
2 3    0.048074
3 1    0.0302126
3 2   -0.00200954
3 3   -0.0610085
;

phi :=
1 1   0.085364
1 2   0.140756
1 3   0.0887197
2 1   0.152874
2 2   0.0652561
2 3   0.0699087
3 1   0.106552
3 2   0.0635929
3 3   0.0575952
4 1   0.0588312
4 2   0.0708217
4 3   0.0744099
;

l [*,1,*]
:       1           2           3        :=
1   -0.821056   -0.839568    0.544655
2   -0.847628   -0.646327   -0.722766
3    0.090162   -0.920746   -0.785401
4    0.118228   -1.11442     0.48192

 [*,2,*]
:       1          2           3         :=
1   -0.218603   1.07184    -0.682364
2   -1.03099    0.805796    0.0869545
3   -0.269548   0.84112     0.91307
4    0.544051   1.10722     0.145067

 [*,3,*]
:      1           2            3         :=
1   1.31069     0.105977    -0.0434838
2   0.748131    0.799383     0.676038
3   0.338354   -0.0939509    1.21723
4   0.900265   -0.788779     0.498572
;

np :=
1 1   -0.45818
1 2   -0.785653
1 3    1.23551e-05
2 1   -0.325487
2 2    0.808549
2 3    0.121054
3 1    0.361898
3 2   -0.0240713
3 3   -0.641713
;

vp :=
1 1   -0.365063
1 2   -0.880343
1 3   -0.119893
2 1   -0.243449
2 2    0.956598
2 3    0.115375
3 1    0.824585
3 2    0.005381
3 3    0.586803
;

