solve_message = ' \
Ipopt 3.9.1: Optimal Solution Found'

Solve time:
_solve_time = 0.702004

Objective:
p :=
1 1   -0.0183652
1 2   -0.0173878
1 3    0.0642843
2 1   -0.0166005
2 2    0.0160629
2 3   -0.064755
3 1    0.0349656
3 2    0.00132483
3 3    0.000470666
;

phi :=
1 1   0.128607
1 2   0.11674
1 3   0.036356
2 1   0.190012
2 2   0.0322574
2 3   0.0494871
3 1   0.0559039
3 2   0.070121
3 3   0.0363174
4 1   0.0374344
4 2   0.253378
4 3   0.0244493
;

l [*,1,*]
:       1           2          3        :=
1   -0.535761    0.579917   1.01363
2   -0.921911   -0.402778   0.79336
3    0.160346   -0.855888   0.931808
4    0.54822     0.126085   1.15229

 [*,2,*]
:       1           2            3        :=
1    0.540908    0.833109    -0.803759
2    1.23144     0.134452    -0.308906
3    0.664787   -0.761929    -0.781456
4   -0.026644   -0.0646997   -1.27706

 [*,3,*]
:      1           2          3        :=
1   0.951011    0.741973   0.431794
2   0.176066    0.313899   1.2292
3   0.466575   -0.684636   0.977276
4   1.24198    -0.258152   0.179467
;

np :=
1 1   -0.0746915
1 2   -0.0707162
1 3    0.925425
2 1   -0.0391987
2 2    0.0379294
2 3   -0.973909
3 1    0.997432
3 2    0.0377923
3 3    1.04371e-15
;

vp :=
1 1   -0.187122
1 2   -0.137775
1 3    0.972859
2 1    0.602347
2 2    0.035511
2 3   -0.792993
3 1    0.709218
3 2    0.0284411
3 3    0.704117
;

