solve_message = ' \
Ipopt 3.9.1: Optimal Solution Found'

Solve time:
_solve_time = 1.27921

Objective:
p :=
1 1   -0.0109802
1 2    0.0201628
1 3    0.0652648
2 1    0.0220534
2 2    0.0125059
2 3   -0.0637571
3 1   -0.0110729
3 2   -0.0326697
3 3   -0.0015077
;

phi :=
1 1   0.254587
1 2   0.111825
1 3   0.01766
2 1   0.0330568
2 2   0.193473
2 3   0.0582043
3 1   0.0570228
3 2   0.0543165
3 3   0.136541
4 1   0.042474
4 2   0.039365
4 3   0.0342773
;

l [*,1,*]
:       1           2          3        :=
1   -1.02163     0.648905   0.396017
2   -1.16251    -0.446576   0.204968
3   -0.381642   -0.68192    0.99552
4   -0.239527    0.413186   1.18783

 [*,2,*]
:      1           2           3        :=
1   0.964027   -0.491132   -0.667948
2   1.07367     0.685789   -0.209863
3   1.0192      0.337593    0.712352
4   0.909465   -0.839882    0.255735

 [*,3,*]
:       1           2           3        :=
1   -0.265487   -1.12896     0.657023
2   -0.96231    -0.695484   -0.421102
3   -0.235514   -0.770292   -0.93303
4    0.462466   -1.20389     0.144279
;

np :=
1 1   -0.0249931
1 2    0.0458944
1 3    1.02887
2 1    0.0910188
2 2    0.0516144
2 3   -0.873588
3 1   -0.289958
3 2   -0.855498
3 3   -3.61235e-12
;

vp :=
1 1   -0.701271
1 2   -0.0161648
1 3    0.69616
2 1    0.991546
2 2   -0.0773769
2 3    0.0223868
3 1   -0.249933
3 2   -0.94983
3 3   -0.137778
;

