solve_message = ' \
Ipopt 3.9.1: Optimal Solution Found'

Solve time:
_solve_time = 1.12321

Objective:
p :=
1 1   -0.00144471
1 2   -0.0349999
1 3    0.0123201
2 1    0.00115658
2 2    0.000864857
2 3   -0.0650609
3 1    0.000288127
3 2    0.034135
3 3    0.0527408
;

phi :=
1 1   0.105979
1 2   0.0554407
1 3   0.139034
2 1   0.0668484
2 2   0.0555312
2 3   0.0824359
3 1   0.082982
3 2   0.0614112
3 3   0.0722345
4 1   0.130847
4 2   0.0612219
4 3   0.121928
;

l [*,1,*]
:       1           2           3        :=
1   -0.687011   -0.973364    0.474601
2   -0.464675   -0.985708   -0.676023
3    0.605661   -1.02831    -0.469795
4    0.38503    -1.01603     0.681157

 [*,2,*]
:       1           2           3        :=
1   -0.446489   -0.718376   -0.964241
2   -0.77658     0.427081   -0.926131
3    0.245026    0.725859   -1.02805
4    0.576745   -0.419123   -1.06633

 [*,3,*]
:       1          2           3        :=
1    0.571402   0.806433    0.817646
2    0.580811   1.11119    -0.270281
3   -0.552746   1.12359    -0.277606
4   -0.56396    0.81885     0.810309
;

np :=
1 1   -0.0414877
1 2   -1.00509
1 3    8.78829e-06
2 1    1.63089e-10
2 2    1.21953e-10
2 3   -1.00658
3 1    0.007086
3 2    0.839491
3 3    0.231545
;

vp :=
1 1   -0.040337
1 2   -1.00085
1 3    0.00294351
2 1   -0.100193
2 2    0.0034038
2 3   -0.996203
3 1    0.00887258
3 2    0.964893
3 3    0.27045
;

