solve_message = ' \
Ipopt 3.9.1: Optimal Solution Found'

Solve time:
_solve_time = 0.436803

Objective:
p :=
1 1    0.023641
1 2    0.0220396
1 3    0.0574326
2 1    0.00479616
2 2   -0.034531
2 3    0.00226353
3 1   -0.0284396
3 2    0.0124946
3 3   -0.0596961
;

phi :=
1 1   0.0747615
1 2   0.0958538
1 3   0.0833798
2 1   0.0819641
2 2   0.0904524
2 3   0.0781357
3 1   0.0981086
3 2   0.101305
3 3   0.0758962
4 1   0.0915544
4 2   0.0909332
4 3   0.0744307
;

l [*,1,*]
:       1           2           3         :=
1    1.03136     0.746647   -0.0447617
2   -0.0723782   1.19046     0.157698
3   -0.136803    0.648929    1.04458
4    0.966831    0.204253    0.84353

 [*,2,*]
:       1            2           3         :=
1   -0.0361139   -0.861305    0.879126
2   -0.772503    -0.962266    0.0587767
3    0.0780744   -1.08219    -0.6913
4    0.815818    -0.981421    0.127855

 [*,3,*]
:       1           2           3        :=
1   -0.697924   -0.249201   -1.04953
2   -1.12188     0.541047   -0.26795
3   -0.250124    1.12       -0.381625
4    0.175223    0.330678   -1.16339
;

np :=
1 1    0.418867
1 2    0.390484
1 3    0.420449
2 1    0.133833
2 2   -0.963558
2 3    6.19474e-11
3 1   -0.397127
3 2    0.174471
3 3   -0.551095
;

vp :=
1 1    0.447692
1 2    0.697396
1 3    0.500181
2 1    0.0216127
2 2   -0.971756
2 3    0.0939411
3 1   -0.473508
3 2    0.435318
3 3   -0.715935
;

