solve_message = ' \
Ipopt 3.9.1: Optimal Solution Found'

Solve time:
_solve_time = 0.873606

Objective:
p :=
1 1    0.000722202
1 2   -0.035051
1 3   -0.000382193
2 1    0.0106025
2 2    0.0174893
2 3   -0.0648465
3 1   -0.0113247
3 2    0.0175616
3 3    0.0652287
;

phi :=
1 1   0.0484206
1 2   0.0628935
1 3   0.0961225
2 1   0.0569217
2 2   0.112388
2 3   0.144206
3 1   0.0626218
3 2   0.152868
3 3   0.095434
4 1   0.0516455
4 2   0.0894623
4 3   0.0623974
;

l [*,1,*]
:       1           2           3        :=
1    0.793612   -0.979673   -0.223291
2    0.304327   -0.941315    0.804559
3   -0.699493   -1.01664     0.332773
4   -0.211807   -1.05512    -0.695828

 [*,2,*]
:       1            2            3        :=
1   -0.0121487   -0.72157     -1.06544
2   -0.849561     0.105209    -0.953441
3   -0.0907243    0.872535    -0.928057
4    0.747896     0.0469787   -1.04002

 [*,3,*]
:       1           2          3        :=
1    0.914457    0.37649    0.820773
2   -0.131599    0.849708   0.964322
3   -0.565627   -0.150571   1.13751
4    0.479737   -0.625382   0.994239
;

np :=
1 1    0.0208419
1 2   -1.01153
1 3   -2.4299e-16
2 1    0.0120601
2 2    0.0198937
2 3   -0.983585
3 1   -0.0146549
3 2    0.0227259
3 3    1.02489
;

vp :=
1 1    0.0468543
1 2   -0.998204
1 3    0.0541434
2 1   -0.0508004
2 2    0.0754591
2 3   -0.996785
3 1    0.174658
3 2    0.112372
3 3    0.979155
;

