solve_message = ' \
Ipopt 3.9.1: Optimal Solution Found'

Solve time:
_solve_time = 0.904806

Objective:
p :=
1 1    0.0136393
1 2    0.0223148
1 3   -0.0647379
2 1    0.0172714
2 2   -0.0299053
2 3    0.00644311
3 1   -0.030912
3 2    0.00758827
3 3    0.0582947
;

phi :=
1 1   0.0727562
1 2   0.0817664
1 3   0
2 1   0
2 2   0.450034
2 3   0.248342
3 1   0
3 2   0
3 3   0.0157557
4 1   0.344514
4 2   0
4 3   0
;

l [*,1,*]
:      1           2           3        :=
1   0.976783    0.784539    0.216548
2   1.05523    -0.401478    0.60632
3   0.996379   -0.715184   -0.352305
4   0.917836    0.470334   -0.743603

 [*,2,*]
:       1           2           3         :=
1    0.19849    -0.822649    0.898088
2   -0.335876   -1.20897     0.0271727
3    0.579536   -0.963185   -0.637618
4    1.11536    -0.576476    0.232238

 [*,3,*]
:       1           2          3        :=
1   1.10108      0.516036   0.305958
2   0.265265     0.800378   0.915302
3   0.0907125   -0.330342   1.19401
4   0.926249    -0.616486   0.585105
;

np :=
1 1    0.0678339
1 2    0.11098
1 3   -0.972108
2 1    0.455375
2 2   -0.788479
2 3    9.40302e-08
3 1   -0.499627
3 2    0.122649
3 3    0.466672
;

vp :=
1 1    0.986526
1 2    0.0350252
1 3   -0.0684157
2 1    0.38959
2 2   -0.892665
2 3    0.130317
3 1    0.596159
3 2    0.0922828
3 3    0.74985
;

