solve_message = ' \
Ipopt 3.9.1: Optimal Solution Found'

Solve time:
_solve_time = 0.733205

Objective:
p :=
1 1   -0.00131272
1 2    0.000165395
1 3    0.0650439
2 1   -0.000136263
2 2    0.03486
2 3   -0.0432324
3 1    0.00144898
3 2   -0.0350254
3 3   -0.0218115
;

phi :=
1 1   0.0504547
1 2   0.111055
1 3   0.0581204
2 1   0.048234
2 2   0.0586348
2 3   0.0919597
3 1   0.0512187
3 2   0.0854222
3 3   0.161908
4 1   0.0535931
4 2   0.160737
4 3   0.104205
;

l [*,1,*]
:       1           2          3        :=
1   -0.185098   -0.807224   1.05548
2    0.814737   -0.112385   1.02954
3    0.151555    0.842273   0.990813
4   -0.849336    0.148956   1.01669

 [*,2,*]
:       1          2           3         :=
1   -0.792662   0.988411   -0.201246
2   -0.131507   1.04969     0.725494
3    0.784251   1.01224     0.0753009
4    0.124554   0.950906   -0.852475

 [*,3,*]
:       1            2           3        :=
1    0.118466    -0.998713    0.794822
2   -0.727035    -1.03034     0.229543
3   -0.0388094   -0.998703   -0.803259
4    0.807787    -0.967028   -0.239625
;

np :=
1 1   -1.09367e-10
1 2    1.37874e-11
1 3    1.00474
2 1   -0.00380091
2 2    0.972382
2 3   -0.0575792
3 1    0.0417939
3 2   -1.01026
3 3   -0.000479034
;

vp :=
1 1   -0.0174342
1 2    0.0176284
1 3    1.02314
2 1   -0.00410424
2 2    1.00029
2 3   -0.063601
3 1    0.0404393
3 2   -0.998683
3 3   -0.00440469
;

