solve_message = ' \
Ipopt 3.9.1: Optimal Solution Found'

Solve time:
_solve_time = 0.546004

Objective:
p :=
1 1    0.0016393
1 2   -0.000314707
1 3    0.0650525
2 1   -0.00155598
2 2    0.0353017
2 3   -0.0396505
3 1   -8.359e-05
3 2   -0.0349868
3 3   -0.0253991
;

phi :=
1 1   0.0425404
1 2   0.146111
1 3   0.0767032
2 1   0.0502778
2 2   0.0957089
2 3   0.127539
3 1   0.0553836
3 2   0.0644087
3 3   0.136075
4 1   0.049356
4 2   0.11248
4 3   0.0789502
;

l [*,1,*]
:       1           2          3        :=
1    0.549861   -0.599921   0.996925
2    0.664764    0.476598   0.991972
3   -0.514429    0.600569   1.00942
4   -0.631211   -0.475754   1.0144

 [*,2,*]
:        1            2           3        :=
1   -0.0315484     0.978955   -0.842111
2   -0.78688       1.02071     0.201193
3    0.000209148   1.0508      0.772383
4    0.756794      1.0091     -0.270011

 [*,3,*]
:       1           2           3        :=
1   -0.437543   -1.09776     0.620446
2   -0.544447   -0.987136   -0.688781
3    0.429903   -0.988714   -0.772311
4    0.538358   -1.09934     0.536783
;

np :=
1 1    5.50299e-10
1 2   -1.05521e-10
1 3    1.00567
2 1   -0.0470793
2 2    1.06812
2 3   -0.0314302
3 1   -0.00238291
3 2   -0.997372
3 3   -0.00139053
;

vp :=
1 1    0.0172002
1 2   -5.60652e-05
1 3    1.00318
2 1   -0.015055
2 2    1.01487
2 3   -0.0350519
3 1   -0.00338923
3 2   -1.04328
3 3   -0.0754441
;

