solve_message = ' \
Ipopt 3.9.1: Optimal Solution Found'

Solve time:
_solve_time = 0.327602

Objective:
p :=
1 1   -0.0159091
1 2    0.0212698
1 3    0.0644901
2 1   -0.0177495
2 2   -0.0286769
2 3   -0.0508098
3 1    0.0336597
3 2    0.007406
3 3   -0.0136803
;

phi :=
1 1   0.0288072
1 2   0.00388004
1 3   0.0829239
2 1   0.208741
2 2   0.107214
2 3   0.250234
3 1   0.0515301
3 2   0.214932
3 3   0.0438792
4 1   0.00424177
4 2   0.0213327
4 3   0.0135258
;

l [*,1,*]
:       1           2          3        :=
1   -0.199918    0.3743     1.18625
2   -1.01612     0.683902   0.289949
3   -1.2158     -0.283463   0.135497
4   -0.399915   -0.594606   1.03156

 [*,2,*]
:       1            2           3        :=
1   -0.705968    -0.814218    0.659042
2   -0.920773    -0.698429   -0.604797
3   -0.0134396   -0.934222   -0.789394
4    0.202811    -1.05039     0.474151

 [*,3,*]
:      1           2          3        :=
1   1.16638    -0.423432   0.159278
2   1.02621     0.6891     0.254124
3   0.279201    0.52501    1.07742
4   0.418181   -0.587783   0.983882
;

np :=
1 1   -0.0868297
1 2    0.116088
1 3    0.946364
2 1   -0.405937
2 2   -0.655845
2 3   -0.178336
3 1    0.876788
3 2    0.192916
3 3   -1.82921e-05
;

vp :=
1 1   -0.707612
1 2    0.0449095
1 3    0.661172
2 1   -0.359256
2 2   -0.87436
2 3   -0.0647462
3 1    0.72255
3 2    0.0502803
3 3    0.618637
;

