solve_message = ' \
Ipopt 3.9.1: Optimal Solution Found'

Solve time:
_solve_time = 0.436803

Objective:
p :=
1 1    0.0351727
1 2    0.000112906
1 3   -0.00646899
2 1   -0.017475
2 2   -0.0299227
2 3    0.00583269
3 1   -0.0175934
3 2    0.0298106
3 3    0.000636296
;

phi :=
1 1   0.0871672
1 2   0.0895353
1 3   0.114959
2 1   0.0594063
2 2   0.0667772
2 3   0.10912
3 1   0.0639932
3 2   0.0908324
3 3   0.068328
4 1   0.0932513
4 2   0.119244
4 3   0.0736227
;

l [*,1,*]
:      1           2          3        :=
1   1.03341     0.660962   0.375086
2   0.247115    0.465076   1.16932
3   0.389185   -0.646969   1.03712
4   1.17571    -0.452853   0.242669

 [*,2,*]
:       1            2           3        :=
1    0.263913    -1.19646     0.222621
2   -0.676968    -0.863977    0.60432
3   -1.01572     -0.567932   -0.487887
4   -0.0753825   -0.899939   -0.871326

 [*,3,*]
:       1          2           3        :=
1    0.226763   1.06167    -0.623956
2   -0.642238   0.662714   -0.856978
3   -0.98144    0.693675    0.355959
4   -0.112979   1.09268     0.590912
;

np :=
1 1    1.03508
1 2    0.00332203
1 3   -9.66868e-08
2 1   -0.470176
2 2   -0.805068
2 3    4.68441e-08
3 1   -0.470358
3 2    0.796959
3 3    8.56859e-15
;

vp :=
1 1    0.711668
1 2    0.00663165
1 3    0.705733
2 1   -0.375666
2 2   -0.882208
2 3   -0.133221
3 1   -0.377127
3 2    0.877845
3 3   -0.133423
;

