solve_message = ' \
Ipopt 3.9.1: Optimal Solution Found'

Solve time:
_solve_time = 1.65361

Objective:
p :=
1 1   -0.035171
1 2   -0.000850505
1 3   -2.39757e-05
2 1    0.013459
2 2    0.0032957
2 3    0.0649663
3 1    0.021712
3 2   -0.0024452
3 3   -0.0649423
;

phi :=
1 1   0.0777824
1 2   0.11489
1 3   0.03711
2 1   0.172947
2 2   0.0384272
2 3   0.0852646
3 1   0.0595268
3 2   0.0902716
3 3   0.0528053
4 1   0.0227955
4 2   0.262475
4 3   0.0184032
;

l [*,1,*]
:       1            2            3        :=
1   -0.597074    0.744383     -0.857942
2   -0.115184   -0.0872577    -1.27477
3   -0.787307   -0.823155     -0.582524
4   -1.27027     0.00731387   -0.16459

 [*,2,*]
:       1            2           3        :=
1    0.307439     0.7913      0.962621
2   -0.60249      0.0555785   1.13153
3    0.0589212   -0.790901    1.00897
4    0.969903    -0.0565272   0.839864

 [*,3,*]
:       1           2           3        :=
1   -0.961144    0.777165   -0.337972
2   -0.556937    0.21335    -1.13383
3   -0.827719   -0.805278   -0.55005
4   -1.23236    -0.243086    0.246734
;

np :=
1 1   -1.03653
1 2   -0.0250653
1 3   -9.28594e-25
2 1    0.00148076
2 2    0.000362594
2 3    0.996375
3 1    0.0367151
3 2   -0.00413484
3 3   -0.993803
;

vp :=
1 1   -0.69265
1 2   -0.0393478
1 3   -0.719791
2 1    0.183806
2 2    0.000155577
2 3    0.985679
3 1   -0.8947
3 2   -0.014238
3 3   -0.443461
;

