solve_message = ' \
Ipopt 3.9.1: Optimal Solution Found'

Solve time:
_solve_time = 1.02961

Objective:
p :=
1 1   -0.0079125
1 2   -0.00110377
1 3    0.0642845
2 1    0.0348298
2 2    0.00205541
2 3   -0.000781275
3 1   -0.0269173
3 2   -0.000951367
3 3   -0.0635032
;

phi :=
1 1   0.0443006
1 2   0.145216
1 3   0.112541
2 1   0.034296
2 2   0.0290621
2 3   0.228894
3 1   0.0302713
3 2   0.0627022
3 3   0.0513127
4 1   0.052789
4 2   0.155432
4 3   0.0917824
;

l [*,1,*]
:       1           2          3        :=
1    0.532942    0.295488   1.16488
2   -0.693565    0.685599   0.872764
3   -0.980225   -0.221357   0.84919
4    0.245826   -0.612912   1.14127

 [*,2,*]
:      1           2          3        :=
1   0.855944    0.818401   0.434826
2   0.199838    0.707619   1.03059
3   0.429336   -0.621892   1.03449
4   1.08581    -0.513228   0.438732

 [*,3,*]
:       1           2            3        :=
1   -0.648745   -0.674741    -0.859017
2   -1.14402    -0.0177779   -0.556803
3   -0.186192    0.884578    -0.944014
4    0.310608    0.229052    -1.24684
;

np :=
1 1   -3.18955e-05
1 2   -4.42427e-06
1 3    0.92544
2 1    0.976593
2 2    0.0576317
2 3   -3.62439e-14
3 1   -0.159694
3 2   -0.00563781
3 3   -0.849523
;

vp :=
1 1   -0.223267
1 2    0.036549
1 3    1.00714
2 1    0.642993
2 2    0.0977687
2 3    0.734423
3 1   -0.416889
3 2    0.105016
3 3   -0.90179
;

