solve_message = ' \
Ipopt 3.9.1: Optimal Solution Found'

Solve time:
_solve_time = 0.780005

Objective:
p :=
1 1   -0.0316558
1 2   -0.00889651
1 3    0.0552646
2 1    0.0293683
2 2    0.00692055
2 3   -0.063378
3 1    0.00228756
3 2    0.00197596
3 3    0.0639696
;

phi :=
1 1   0.0493091
1 2   0.141283
1 3   0.00756035
2 1   0.00878381
2 2   0.15191
2 3   0.106824
3 1   0.0421712
3 2   0.00868828
3 3   0.333283
4 1   0.129671
4 2   0.0109555
4 3   0.0395675
;

l [*,1,*]
:       1            2          3        :=
1    0.670034     0.752304   0.687903
2   -0.0193419    0.277597   1.20631
3    0.447666    -0.823324   0.817337
4    1.13779     -0.35037    0.298313

 [*,2,*]
:      1           2           3         :=
1   1.16548    -0.424651   -0.0244686
2   1.15106     0.562702   -0.0888867
3   0.455969    0.622322    0.947655
4   0.469276   -0.364935    1.01372

 [*,3,*]
:       1           2           3         :=
1   -0.664487    0.108647    1.09214
2   -1.02842     0.757625    0.0852703
3   -1.20943    -0.102137   -0.407729
4   -0.845782   -0.752484    0.598353
;

np :=
1 1   -0.62193
1 2   -0.174787
1 3    0.321169
2 1    0.344413
2 2    0.0811597
2 3   -0.837867
3 1    2.70867e-08
3 2    2.33658e-08
3 3    0.894175
;

vp :=
1 1    0.559311
1 2   -0.0357595
1 3    0.752258
2 1    0.810451
2 2    0.0984661
2 3    0.462032
3 1   -0.936886
3 2    0.00265387
3 3    0.342409
;

