solve_message = ' \
Ipopt 3.9.1: Optimal Solution Found'

Solve time:
_solve_time = 1.23241

Objective:
p :=
1 1   -0.00580789
1 2   -0.0238669
1 3    0.064597
2 1   -0.000790424
2 2   -0.0104875
2 3   -0.0650234
3 1    0.0065983
3 2    0.0343544
3 3    0.000426365
;

phi :=
1 1   0.0549575
1 2   0.130623
1 3   0.0421458
2 1   0.150487
2 2   0.157947
2 3   0.035263
3 1   0.154126
3 2   0.0746508
3 3   0.0547496
4 1   0.0560764
4 2   0.0590026
4 3   0.0643488
;

l [*,1,*]
:       1           2          3        :=
1    0.509987    0.780979   0.877527
2   -0.173248   -0.155564   1.26047
3    0.505274   -0.823219   0.843273
4    1.18959     0.112261   0.459666

 [*,2,*]
:       1           2           3        :=
1    0.138668   -0.690349   -1.0722
2   -0.869512   -0.492022   -0.804544
3   -0.653398    0.687387   -0.862737
4    0.355126    0.490938   -1.13048

 [*,3,*]
:       1          2           3        :=
1    0.754688   0.901946    0.525297
2    0.815637   0.868552   -0.493668
3   -0.407375   1.07377    -0.572825
4   -0.470272   1.10749     0.446014
;

np :=
1 1   -0.019827
1 2   -0.0814772
1 3    0.957397
2 1   -1.66243e-05
2 2   -0.000220576
2 3   -1.00252
3 1    0.187952
3 2    0.978582
3 3    5.22314e-16
;

vp :=
1 1    0.508173
1 2   -0.0210127
1 3    0.860082
2 1   -0.256877
2 2   -0.0010902
2 3   -0.967597
3 1    0.173145
3 2    0.987954
3 3   -0.0233896
;

