solve_message = ' \
Ipopt 3.9.1: Optimal Solution Found'

Solve time:
_solve_time = 0.561604

Objective:
p :=
1 1   -0.00285652
1 2    0.0338895
1 3   -0.0537161
2 1    0.00922309
2 2   -0.0337181
2 3   -0.0114698
3 1   -0.00636656
3 2   -0.000171388
3 3    0.0651859
;

phi :=
1 1   0.173284
1 2   0.0748213
1 3   0.0551369
2 1   0.12107
2 2   0.147124
2 3   0.0358306
3 1   0.0600154
3 2   0.09752
3 3   0.0550319
4 1   0.0830713
4 2   0.0495704
4 3   0.0829377
;

l [*,1,*]
:       1          2           3         :=
1   -0.319442   0.711664   -1.01875
2   -0.692196   1.07771     0.0931757
3    0.29018    1.18619     0.388459
4    0.664498   0.820322   -0.722994

 [*,2,*]
:       1            2           3        :=
1    0.0467629   -0.98482     0.814453
2   -0.409328    -1.20581    -0.202824
3    0.559489    -0.916492   -0.699471
4    1.01712     -0.695042    0.317015

 [*,3,*]
:       1            2           3        :=
1    0.403093   -0.845801     0.86593
2    1.04631     0.00304663   0.742439
3    0.153907    0.72539      1.05795
4   -0.490729   -0.122307     1.18195
;

np :=
1 1   -0.0687012
1 2    0.815079
1 3   -0.263232
2 1    0.26157
2 2   -0.956255
2 3   -5.32721e-06
3 1   -6.60333e-06
3 2   -1.77967e-07
3 3    1.02019
;

vp :=
1 1   -0.0140913
1 2    0.948825
1 3   -0.31547
2 1    0.303694
2 2   -0.950453
2 3    0.0576984
3 1    0.277888
3 2   -0.0602556
3 3    0.962117
;

