solve_message = ' \
Ipopt 3.9.1: Optimal Solution Found'

Solve time:
_solve_time = 0.327602

Objective:
p :=
1 1    0.0264675
1 2   -0.0136147
1 3   -0.061519
2 1   -0.0151327
2 2   -0.0193922
2 3    0.0645237
3 1   -0.0113346
3 2    0.0330071
3 3   -0.00300475
;

phi :=
1 1   0.228624
1 2   0.0178056
1 3   0.20159
2 1   0.030129
2 2   0.138898
2 3   0.0758371
3 1   0.0124547
3 2   0.125362
3 3   0.0113393
4 1   0.128099
4 2   0.0152485
4 3   0.0438334
;

l [*,1,*]
:      1           2           3        :=
1   1.21241    -0.350119   -0.146711
2   0.912591    0.753933    0.421276
3   0.456401    0.271524    1.12628
4   0.755493   -0.833297    0.559414

 [*,2,*]
:       1           2           3        :=
1   -0.812154    0.746556   0.645581
2   -1.25025    -0.255298   0.0497759
3   -0.695107   -0.854771   0.646748
4   -0.256124    0.146129   1.2435

 [*,3,*]
:       1          2           3         :=
1   -0.34726    0.918232   -0.818962
2   -1.03695    0.752169   -0.0664789
3   -0.181803   1.00077     0.774616
4    0.509251   1.16723     0.0234722
;

np :=
1 1    0.286006
1 2   -0.147119
1 3   -0.680253
2 1   -0.0520994
2 2   -0.066764
2 3    0.949823
3 1   -0.31828
3 2    0.926851
3 3   -4.5109e-10
;

vp :=
1 1    0.834343
1 2   -0.0399299
1 3    0.489838
2 1   -0.753235
2 2   -0.0539471
2 3    0.64664
3 1   -0.263916
3 2    0.959667
3 3   -0.0221379
;

