solve_message = ' \
Ipopt 3.9.1: Optimal Solution Found'

Solve time:
_solve_time = 0.499203

Objective:
p :=
1 1    0.0157762
1 2    0.0141226
1 3    0.0647247
2 1    0.00424913
2 2   -0.0347919
2 3   -0.0020756
3 1   -0.0200267
3 2    0.0206681
3 3   -0.0626491
;

phi :=
1 1   0.132576
1 2   0.0576608
1 3   0.156658
2 1   0.11975
2 2   0.0630979
2 3   0.103355
3 1   0.0635109
3 2   0.0571885
3 3   0.0687055
4 1   0.0676748
4 2   0.0517244
4 3   0.0935442
;

l [*,1,*]
:      1           2          3        :=
1   0.936595    0.699298   0.529286
2   0.107162    0.544481   1.15734
3   0.265355   -0.651684   1.07216
4   1.09504    -0.498771   0.443973

 [*,2,*]
:       1           2           3        :=
1   -0.198503   -1.05433    -0.707424
2    0.860846   -0.920029   -0.243436
3    0.422731   -0.936197    0.76413
4   -0.637315   -1.07052     0.301747

 [*,3,*]
:       1            2            3        :=
1   -0.440207    0.925837     -0.775586
2   -0.146796    0.00494169   -1.2724
3   -0.93055    -0.590539     -0.632607
4   -1.22521     0.329408     -0.134769
;

np :=
1 1    0.0220954
1 2    0.0197795
1 3    0.970721
2 1    0.122457
2 2   -1.00268
2 3   -3.38532e-11
3 1   -0.176844
3 2    0.182509
3 3   -0.772695
;

vp :=
1 1    0.601369
1 2    0.0233922
1 3    0.800439
2 1    0.111517
2 2   -0.995322
2 3    0.0285697
3 1   -0.685807
3 2    0.167779
3 3   -0.703644
;

