solve_message = ' \
Ipopt 3.9.1: Optimal Solution Found'

Solve time:
_solve_time = 0.468003

Objective:
p :=
1 1    0.00894537
1 2    0.0338623
1 3    0.000202708
2 1   -0.000569484
2 2   -0.0292954
2 3    0.0638569
3 1   -0.00837589
3 2   -0.00456691
3 3   -0.0640596
;

phi :=
1 1   0.106599
1 2   0.108248
1 3   0.0774448
2 1   0.0768285
2 2   0.0565956
2 3   0.0492537
3 1   0.0412161
3 2   0.0763381
3 3   0.0917159
4 1   0.0616672
4 2   0.144751
4 3   0.143444
;

l [*,1,*]
:       1          2           3        :=
1    0.992904   0.740074   -0.237958
2    0.10399    0.999681   -0.67877
3   -0.417954   1.1769      0.409044
4    0.470129   0.917571    0.851588

 [*,2,*]
:       1            2          3        :=
1    0.8743      -0.20535    0.907914
2   -0.0501193    0.346338   1.23085
3   -0.689368    -0.542013   0.927054
4    0.234033    -1.09511    0.603633

 [*,3,*]
:       1           2           3        :=
1   -1.1358     -0.515305   -0.296396
2   -1.10175     0.563317   -0.339195
3   -0.250378    0.504276   -1.15899
4   -0.283079   -0.57444    -1.1175
;

np :=
1 1    0.256631
1 2    0.971463
1 3    2.69491e-18
2 1   -0.00560129
2 2   -0.288143
2 3    0.883206
3 1   -9.81409e-05
3 2   -5.35108e-05
3 3   -0.903021
;

vp :=
1 1    0.287621
1 2    0.958452
1 3    0.086152
2 1    0.0925798
2 2   -0.374255
2 3    0.917234
3 1   -0.692764
3 2   -0.00596789
3 3   -0.728002
;

