solve_message = ' \
Ipopt 3.9.1: Optimal Solution Found'

Solve time:
_solve_time = 0.858005

Objective:
p :=
1 1   -0.0161323
1 2    0.0127596
1 3   -0.0656677
2 1    0.0343085
2 2    0.00506259
2 3    0.00225834
3 1   -0.0181773
3 2   -0.0178199
3 3    0.0634093
;

phi :=
1 1   0.124346
1 2   0.0620148
1 3   0.0694235
2 1   0.0527809
2 2   0.0548902
2 3   0.108886
3 1   0.0711446
3 2   0.0595646
3 3   0.116863
4 1   0.167971
4 2   0.0665512
4 3   0.0800851
;

l [*,1,*]
:       1           2           3        :=
1   0.0859073    0.515424   -1.20983
2   1.16233      0.416352   -0.449165
3   1.09035     -0.541436   -0.476059
4   0.0138144   -0.443889   -1.23677

 [*,2,*]
:        1            2           3        :=
1    1.31133      -0.0836405   0.316285
2    1.04072       0.762579    0.410311
3   -0.00812796    0.341138    1.22027
4    0.260809     -0.505752    1.12754

 [*,3,*]
:       1           2          3        :=
1   -0.167192    0.222621   1.257
2   -0.942258    0.730809   0.472851
3   -1.2558     -0.245801   0.147885
4   -0.481235   -0.755545   0.931512
;

np :=
1 1   -0.0189844
1 2    0.0150146
1 3   -1.07416
2 1    0.927687
2 2    0.13689
2 3    6.11135e-11
3 1   -0.0768536
3 2   -0.0753349
3 3    0.840773
;

vp :=
1 1    0.587673
1 2   -0.0133479
1 3   -0.843261
2 1    0.651292
2 2    0.128244
2 3    0.768564
3 1   -0.711313
3 2   -0.0121818
3 3    0.702623
;

