solve_message = ' \
Ipopt 3.9.1: Optimal Solution Found'

Solve time:
_solve_time = 1.10761

Objective:
p :=
1 1    0.00793456
1 2   -0.00148874
1 3    0.0652366
2 1   -0.000926206
2 2   -0.0327712
2 3   -0.0582735
3 1   -0.00700836
3 2    0.0342599
3 3   -0.00696316
;

phi :=
1 1   0.0881138
1 2   0.123006
1 3   0.0842961
2 1   0.0734711
2 2   0.0951434
2 3   0.0665052
3 1   0.0604103
3 2   0.0831615
3 3   0.0810965
4 1   0.0726072
4 2   0.106152
4 3   0.10255
;

l [*,1,*]
:       1           2          3        :=
1    0.823872   -0.321149   0.942108
2    0.300223    0.759736   0.993526
3   -0.654864    0.292599   1.06984
4   -0.132737   -0.78903    1.01854

 [*,2,*]
:       1           2           3         :=
1    0.706875   -0.67307    -0.837977
2    0.323463   -1.24399    -0.0400465
3   -0.800924   -0.934697   -0.358617
4   -0.419303   -0.363288   -1.15706

 [*,3,*]
:       1          2           3        :=
1   -0.780098   0.83981    -0.567186
2   -0.696482   0.883337    0.610401
3    0.355425   1.11544     0.527812
4    0.273484   1.07228    -0.649906
;

np :=
1 1    3.41399e-05
1 2   -6.40559e-06
1 3    1.02576
2 1   -0.0178741
2 2   -0.632424
2 3   -0.465482
3 1   -0.199191
3 2    0.973733
3 3   -1.61902e-07
;

vp :=
1 1    0.0843321
1 2   -0.0148919
1 3    1.00598
2 1   -0.0473196
2 2   -0.803533
2 3   -0.598742
3 1   -0.211951
3 2    0.977698
3 3   -0.0201892
;

