solve_message = ' \
Ipopt 3.9.1: Optimal Solution Found'

Solve time:
_solve_time = 1.95001

Objective:
p :=
1 1   -0.0121355
1 2   -0.0321977
1 3    0.0358906
2 1    0.0338181
2 2    0.00658099
2 3    0.0214946
3 1   -0.0216742
3 2    0.0256055
3 3   -0.0573851
;

phi :=
1 1   0.0579073
1 2   0.0713475
1 3   0.0952463
2 1   0.0710685
2 2   0.076859
2 3   0.0492265
3 1   0.102713
3 2   0.0743916
3 3   0.103624
4 1   0.11405
4 2   0.0705851
4 3   0.149847
;

l [*,1,*]
:       1           2           3        :=
1   -0.557626   -0.891701    0.722777
2   -0.995947   -0.82689    -0.151598
3    0.119056   -1.03364    -0.73265
4    0.559153   -1.09878     0.140799

 [*,2,*]
:      1           2          3        :=
1   1.18288     0.538417   0.184973
2   0.318018    0.686219   1.05942
3   0.301379   -0.340579   1.21697
4   1.16621    -0.490016   0.342771

 [*,3,*]
:       1           2            3        :=
1   -0.260742    0.234284    -1.23455
2   -0.934254   -0.0558133   -0.893615
3   -0.85488     0.967119     0.129767
4   -0.181241    1.25884     -0.20954
;

np :=
1 1   -0.31303
1 2   -0.830521
1 3    0.0156338
2 1    0.879013
2 2    0.171056
2 3    0.000431152
3 1   -0.480174
3 2    0.567263
3 3   -0.418026
;

vp :=
1 1   -0.218666
1 2   -0.96278
1 3   -0.00481964
2 1    0.742465
2 2    0.0984513
2 3    0.700684
3 1   -0.557511
3 2    0.601224
3 3   -0.552121
;

