solve_message = ' \
Ipopt 3.9.1: Optimal Solution Found'

Solve time:
_solve_time = 0.592804

Objective:
p :=
1 1    0.034575
1 2   -0.00448856
1 3    0.00133912
2 1   -0.0268205
2 2   -0.00110055
2 3    0.0639398
3 1   -0.0077545
3 2    0.00558912
3 3   -0.0652789
;

phi :=
1 1   0
1 2   0
1 3   0.0921982
2 1   0.0487754
2 2   0.0380519
2 3   0.550087
3 1   0.53489
3 2   0.0797764
3 3   0
4 1   0
4 2   0
4 3   0
;

l [*,1,*]
:      1           2          3        :=
1   1.12089     0.439398   0.486834
2   0.142442    0.158487   1.23128
3   0.162378   -0.785434   0.923906
4   1.14086    -0.506026   0.17897

 [*,2,*]
:      1           2          3        :=
1   1.21108     0.338815   0.294975
2   0.265962    0.567612   1.11433
3   0.105967   -0.404135   1.20582
4   1.05083    -0.63448    0.386607

 [*,3,*]
:      1           2           3         :=
1   0.683943   -0.280517   -1.05557
2   0.691169    0.71647    -0.767461
3   1.14781     0.381436    0.320504
4   1.14131    -0.616085    0.0341293
;

np :=
1 1    0.96524
1 2   -0.125308
1 3    1.57521e-12
2 1   -0.155949
2 2   -0.00639919
2 3    0.891262
3 1   -9.19381e-05
3 2    6.6265e-05
3 3   -1.03043
;

vp :=
1 1    0.642033
1 2   -0.173282
1 3    0.70495
2 1    0.658837
2 2   -0.0331387
2 3    0.750107
3 1    0.916055
3 2    0.0499285
3 3   -0.367213
;

