solve_message = ' \
Ipopt 3.9.1: Optimal Solution Found'

Solve time:
_solve_time = 0.452403

Objective:
p :=
1 1   -0.0113984
1 2   -0.0216032
1 3    0.0645723
2 1    0.0349103
2 2   -0.00212756
2 3   -0.00851554
3 1   -0.0235117
3 2    0.0237309
3 3   -0.0560567
;

phi :=
1 1   0.0944392
1 2   0.190446
1 3   0.0696527
2 1   0.0314428
2 2   0.117753
2 3   0.0270499
3 1   0.0163655
3 2   0.0318941
3 3   0.0909217
4 1   0.0622677
4 2   0.0520944
4 3   0.248695
;

l [*,1,*]
:       1           2          3        :=
1   -0.384725   -0.872271   0.851203
2    0.195753    0.158923   1.2535
3   -0.555987    0.724223   0.894623
4   -1.13766    -0.306071   0.491752

 [*,2,*]
:      1           2          3        :=
1   0.82895    -0.818222   0.492387
2   1.23348     0.268037   0.139643
3   0.611453    0.728874   0.838988
4   0.205928   -0.356652   1.19285

 [*,3,*]
:       1          2           3        :=
1   -1.22497    0.331383   -0.180887
2   -0.562699   1.10864     0.243075
3    0.105038   1.05567    -0.696988
4   -0.556166   0.278333   -1.12245
;

np :=
1 1   -0.0376239
1 2   -0.0713073
1 3    0.954838
2 1    0.993169
2 2   -0.0605295
2 3   -6.62354e-07
3 1   -0.507861
3 2    0.512596
3 3   -0.354815
;

vp :=
1 1   -0.470887
1 2   -0.0742098
1 3    0.87261
2 1    0.719792
2 2   -0.0449232
2 3    0.666107
3 1   -0.559962
3 2    0.693198
3 3   -0.439481
;

