solve_message = ' \
Ipopt 3.9.1: Optimal Solution Found'

Solve time:
_solve_time = 1.88761

Objective:
p :=
1 1   -0.0189423
1 2    0.00506395
1 3    0.0648262
2 1   -0.0154196
2 2   -0.0107655
2 3   -0.0654713
3 1    0.0343694
3 2    0.00570313
3 3    0.000645057
;

phi :=
1 1   0.103269
1 2   0.150716
1 3   0.0614737
2 1   0.068843
2 2   0.116014
2 3   0.0624529
3 1   0.0603584
3 2   0.0920456
3 3   0.0625804
4 1   0.0879014
4 2   0.10883
4 3   0.0615848
;

l [*,1,*]
:       1           2          3        :=
1   -0.893114   -0.496334   0.774112
2    0.273849   -0.551286   1.12476
3    0.319127    0.488157   1.14185
4   -0.847763    0.544765   0.791221

 [*,2,*]
:       1           2           3        :=
1   -0.426399   -0.713657   -0.964664
2   -0.567093    0.618613   -0.94644
3    0.324563    0.714895   -0.98466
4    0.466676   -0.617221   -1.00294

 [*,3,*]
:      1           2          3        :=
1   0.394002    0.935093   0.810607
2   0.476956   -0.402077   1.13359
3   1.07416    -0.519567   0.502584
4   0.992158    0.817416   0.1786
;

np :=
1 1   -0.0167282
1 2    0.00447229
1 3    0.981436
2 1   -0.0105994
2 2   -0.00740097
2 3   -1.05187
3 1    0.955252
3 2    0.158511
3 3    9.47971e-15
;

vp :=
1 1   -0.28744
1 2   -0.00365208
1 3    0.957846
2 1   -0.050507
2 2    0.000126935
2 3   -0.974684
3 1    0.734286
3 2    0.208249
3 3    0.656215
;

