solve_message = ' \
Ipopt 3.9.1: Optimal Solution Found'

Solve time:
_solve_time = 0.889206

Objective:
p :=
1 1    0.0345973
1 2   -0.000778175
1 3   -0.00138619
2 1   -0.0262402
2 2    0.0145204
2 3   -0.0635131
3 1   -0.00835706
3 2   -0.0137418
3 3    0.0649122
;

phi :=
1 1   0.089883
1 2   0.0719249
1 3   0.0309417
2 1   0.138786
2 2   0.106763
2 3   0.05964
3 1   0.0690137
3 2   0.195915
3 3   0.0737456
4 1   0.0434261
4 2   0.105223
4 3   0.0501147
;

l [*,1,*]
:      1           2          3        :=
1   0.461944   -0.753597   0.942134
2   1.20661    -0.422904   0.210948
3   0.978384    0.696245   0.483387
4   0.233358    0.367334   1.21501

 [*,2,*]
:       1            2           3         :=
1   -1.21377      0.235247   -0.0985434
2   -0.160094     0.849212   -0.770263
3   -0.0507917    0.226765   -1.25799
4   -1.10429     -0.388192   -0.587052

 [*,3,*]
:       1            2          3        :=
1   -0.586941     0.713217   0.906315
2   -1.02524     -0.306943   0.723539
3   -0.0287137   -0.789151   1.02056
4    0.411176     0.230241   1.20381
;

np :=
1 1    0.923585
1 2   -0.0207736
1 3   -1.00567e-12
2 1   -0.29671
2 2    0.16419
2 3   -0.850451
3 1   -0.0022483
3 2   -0.00369697
3 3    0.990584
;

vp :=
1 1    0.719776
1 2   -0.0283618
1 3    0.71316
2 1   -0.632655
2 2    0.230513
2 3   -0.678196
3 1   -0.307256
3 2   -0.0377529
3 3    0.96363
;

