solve_message = ' \
Ipopt 3.9.1: Optimal Solution Found'

Solve time:
_solve_time = 1.12321

Objective:
p :=
1 1    0.027226
1 2   -0.0120873
1 3   -0.0612465
2 1   -0.0176519
2 2   -0.021309
2 3    0.0637032
3 1   -0.0095739
3 2    0.0333967
3 3   -0.00245676
;

phi :=
1 1   0.00810851
1 2   0
1 3   0
2 1   0
2 2   0
2 3   0.335421
3 1   0.0476228
3 2   0.155573
3 3   0.146041
4 1   0.271931
4 2   0.100866
4 3   0
;

l [*,1,*]
:      1           2           3        :=
1   1.21034     0.33256    -0.106988
2   0.575541    0.552795    0.970677
3   0.450902   -0.407507    1.09254
4   1.0855     -0.629272    0.015073

 [*,2,*]
:       1            2          3        :=
1    1.13377      0.298331   0.500307
2    0.174676     0.530584   1.14851
3   -0.0716983   -0.521114   1.16406
4    0.887008    -0.755042   0.515885

 [*,3,*]
:       1          2           3        :=
1    0.56083    1.12322    -0.282331
2   -0.63038    0.868616   -0.752515
3   -0.972649   0.833871    0.135653
4    0.218016   1.08842     0.607252
;

np :=
1 1    0.295669
1 2   -0.131266
1 3   -0.659437
2 1   -0.123149
2 2   -0.148663
2 3    0.868433
3 1   -0.261656
3 2    0.912737
3 3   -1.10188e-10
;

vp :=
1 1    0.830824
1 2   -0.0379443
1 3    0.492397
2 1    0.531322
2 2   -0.111903
2 3    0.831931
3 1   -0.205571
3 2    0.978631
3 3   -0.0727976
;

