solve_message = ' \
Ipopt 3.9.1: Optimal Solution Found'

Solve time:
_solve_time = 0.608404

Objective:
p :=
1 1    0.0013286
1 2   -0.00937902
1 3    0.0639693
2 1   -0.0316558
2 2    0.00889652
2 3    0.0552646
3 1    0.0303289
3 2    0.000470787
3 3   -0.0632494
;

phi :=
1 1   0.0318641
1 2   0.112362
1 3   0.120609
2 1   0.280538
2 2   0.0913913
2 3   0.0127073
3 1   0.155724
3 2   0.0170365
3 3   0.0182562
4 1   0.0207571
4 2   0.0273676
4 3   0.14158
;

l [*,1,*]
:       1           2           3        :=
1   -0.833463    0.626373    0.744516
2   -1.15207     0.317687   -0.456528
3   -1.08965    -0.629427   -0.230362
4   -0.770937   -0.322249    0.971042

 [*,2,*]
:       1           2          3        :=
1   1.1079      -0.365872   0.335485
2   0.979962     0.624148   0.41576
3   0.0113937    0.438328   1.1685
4   0.137787    -0.551988   1.08942

 [*,3,*]
:      1           2           3         :=
1   1.14395     0.506385   -0.0423664
2   0.458132    0.487324    1.01216
3   0.468096   -0.49702     1.00209
4   1.15393    -0.479527   -0.0524461
;

np :=
1 1    1.48795e-05
1 2   -0.000104953
1 3    0.894149
2 1   -0.62193
2 2    0.174787
2 3    0.321169
3 1    0.367127
3 2    0.00569928
3 3   -0.826045
;

vp :=
1 1   -0.961403
1 2   -0.00178136
1 3    0.257646
2 1    0.559311
2 2    0.0357595
2 3    0.752258
3 1    0.806301
3 2    0.0042979
3 3    0.479438
;

