solve_message = ' \
Ipopt 3.9.1: Optimal Solution Found'

Solve time:
_solve_time = 1.41961

Objective:
p :=
1 1   -0.0136793
1 2    0.00583414
1 3    0.0658179
2 1    0.0342377
2 2   -0.00491867
2 3   -0.000545885
3 1   -0.0205584
3 2   -0.000915473
3 3   -0.065272
;

phi :=
1 1   0.0872902
1 2   0.0337415
1 3   0.101719
2 1   0.0841759
2 2   0.0777314
2 3   0.115003
3 1   0.0696145
3 2   0.0925238
3 3   0.122072
4 1   0.0666895
4 2   0.0883918
4 3   0.10145
;

l [*,1,*]
:       1           2          3        :=
1   -0.246955    0.711699   1.18568
2   -1.12284     0.577919   0.606616
3   -0.911514   -0.726334   0.586005
4   -0.03529    -0.594631   1.16504

 [*,2,*]
:      1           2          3        :=
1   0.16243    -0.124032   1.3046
2   0.713931   -0.992414   0.495536
3   1.2835     -0.266902   0.120696
4   0.732908    0.602635   0.929163

 [*,3,*]
:       1             2            3        :=
1   -0.257527    -0.801375     -1.00452
2   -0.975696     0.00654844   -0.886977
3   -0.0909176    0.837122     -1.03205
4    0.62866      0.0305218    -1.14982
;

np :=
1 1   -0.0022999
1 2    0.000980892
1 3    1.09148
2 1    0.911326
2 2   -0.130923
2 3   -2.94653e-15
3 1   -0.0242673
3 2   -0.00108066
3 3   -1.02967
;

vp :=
1 1   -0.578801
1 2   -0.00778392
1 3    0.886066
2 1    0.722973
2 2   -0.194832
2 3    0.712821
3 1   -0.173584
3 2    0.0178828
3 3   -1.01839
;

