solve_message = ' \
Ipopt 3.9.1: Optimal Solution Found'

Solve time:
_solve_time = 0.452403

Objective:
p :=
1 1   -0.0132768
1 2   -0.0318774
1 3   -0.00600526
2 1   -0.0162082
2 2    0.0205409
2 3    0.0646851
3 1    0.0294858
3 2    0.0113357
3 3   -0.0586798
;

phi :=
1 1   0.071852
1 2   0
1 3   0.2797
2 1   0
2 2   0.0460897
2 3   0.0941891
3 1   0.00835821
3 2   0.30863
3 3   0.000694083
4 1   0.193265
4 2   0.0199266
4 3   0.018405
;

l [*,1,*]
:       1           2           3         :=
1    0.500038   -1.18914    -0.151324
2   -0.14278    -1.0575      0.744228
3   -1.05564    -0.802344    0.0469017
4   -0.414279   -0.933574   -0.849761

 [*,2,*]
:       1           2           3         :=
1   -0.783382   -0.695088    0.742124
2   -0.67898     0.580936    0.924443
3   -1.0497      0.742384    0.0286846
4   -1.15469    -0.533383   -0.155061

 [*,3,*]
:       1            2          3        :=
1    1.22323     -0.216995   0.238837
2    0.486631     0.741019   0.919928
3   -0.0205752    0.155267   1.2461
4    0.715215    -0.80368    0.565529
;

np :=
1 1   -0.349886
1 2   -0.840069
1 3   -5.74544e-08
2 1   -0.0808419
2 2    0.102452
2 3    0.966577
3 1    0.455414
3 2    0.175083
3 3   -0.488685
;

vp :=
1 1   -0.27791
1 2   -0.995691
1 3   -0.0528457
2 1   -0.91673
2 2    0.0232039
2 3    0.384975
3 1    0.601418
3 2   -0.0314792
3 3    0.742327
;

