solve_message = ' \
Ipopt 3.9.1: Optimal Solution Found'

Solve time:
_solve_time = 0.670804

Objective:
p :=
1 1    0.0078562
1 2   -0.0340875
1 3    0.00029636
2 1    0.010285
2 2    0.0222059
2 3    0.0645839
3 1   -0.0181413
3 2    0.0118817
3 3   -0.0648803
;

phi :=
1 1   0.0792751
1 2   0.179363
1 3   0.11392
2 1   0.0125564
2 2   0.159931
2 3   0.22586
3 1   0.0178516
3 2   0.031307
3 3   0.0477495
4 1   0.110878
4 2   0.0338998
4 3   0.0187856
;

l [*,1,*]
:       1           2           3        :=
1   -0.442082   -1.12814    -0.401886
2    0.757713   -0.778578   -0.651903
3    0.955448   -0.777227    0.307786
4   -0.244032   -1.12679     0.559331

 [*,2,*]
:       1           2          3        :=
1   0.467366     0.854463   0.828115
2   0.0749383   -0.224441   1.25532
3   0.799099    -0.709703   0.699632
4   1.19268      0.368427   0.271542

 [*,3,*]
:       1           2           3        :=
1   -0.52183    -0.400281   -1.10237
2   -0.412565    0.656631   -1.01754
3    0.767925    0.522831   -0.877908
4    0.66054    -0.534294   -0.962517
;

np :=
1 1    0.223738
1 2   -0.970787
1 3    4.09581e-17
2 1    0.0343364
2 2    0.0741339
2 3    0.956042
3 1   -0.0293263
3 2    0.0192074
3 3   -0.987177
;

vp :=
1 1    0.256284
1 2   -0.952822
1 3   -0.0465679
2 1    0.633677
2 2    0.0726163
2 3    0.763482
3 1    0.123474
3 2    0.0608005
3 3   -0.990119
;

