solve_message = ' \
Ipopt 3.9.1: Optimal Solution Found'

Solve time:
_solve_time = 0.624004

Objective:
p :=
1 1    0.000835828
1 2   -0.0295532
1 3   -0.062732
2 1    0.00243292
2 2    0.0353576
2 3   -0.0022795
3 1   -0.00326875
3 2   -0.00580444
3 3    0.0650115
;

phi :=
1 1   0.0526126
1 2   0.0701275
1 3   0.110908
2 1   0.136558
2 2   0.107959
2 3   0.166548
3 1   0.151682
3 2   0.0521121
3 3   0.0559769
4 1   0.0601124
4 2   0.0315886
4 3   0.0391625
;

l [*,1,*]
:       1            2           3        :=
1    0.886603    -0.383468   -0.840091
2   -0.0722688   -1.1035     -0.648343
3   -0.70774     -0.354938   -1.01031
4    0.25012      0.366287   -1.20264

 [*,2,*]
:       1          2           3        :=
1   -0.250112   0.999075   -0.826051
2   -0.672762   1.11174     0.205968
3    0.394158   1.08113     0.682084
4    0.818507   0.968423   -0.349177

 [*,3,*]
:       1            2          3        :=
1   -0.0265843    0.495335   1.18427
2    0.144738    -0.685039   1.07534
3    1.04859     -0.505255   0.537265
4    0.878705     0.675405   0.645338
;

np :=
1 1    0.00867577
1 2   -0.306758
1 3   -0.779881
2 1    0.0749386
2 2    1.08908
2 3   -6.52361e-11
3 1   -4.43975e-06
3 2   -7.88383e-06
3 3    1.00123
;

vp :=
1 1    0.0895604
1 2   -0.368618
1 3   -0.925423
2 1    0.0726166
2 2    1.04005
2 3   -0.0722051
3 1    0.511294
3 2   -0.00441803
3 3    0.860594
;

