solve_message = ' \
Ipopt 3.9.1: Optimal Solution Found'

Solve time:
_solve_time = 1.84081

Objective:
p :=
1 1    0.023088
1 2   -0.00167227
1 3    0.0643695
2 1   -0.0132666
2 2   -0.0319077
2 3   -0.0471767
3 1   -0.00982159
3 2    0.03358
3 3   -0.0171928
;

phi :=
1 1   0.0693257
1 2   0.0839482
1 3   0.0885222
2 1   0.0485203
2 2   0.0612027
2 3   0.139021
3 1   0.0658393
3 2   0.109538
3 3   0.0902873
4 1   0.0896837
4 2   0.131947
4 3   0.0580033
;

l [*,1,*]
:      1           2          3        :=
1   0.88297     0.767178   0.551941
2   0.200339    0.239563   1.25708
3   0.575717   -0.778406   0.859881
4   1.25895    -0.252412   0.154108

 [*,2,*]
:       1            2           3        :=
1    0.393817    -1.17002     0.177508
2   -0.577205    -0.898536    0.680814
3   -1.03979     -0.684861   -0.327757
4   -0.0695086   -0.956005   -0.832669

 [*,3,*]
:      1          2           3        :=
1    0.52468   1.1457      0.130415
2   -0.29111   0.955757   -0.819924
3   -1.02103   0.798902   -0.164725
4   -0.2064    0.988597    0.786658
;

np :=
1 1    0.0552139
1 2   -0.00399916
1 3    0.934049
2 1   -0.35108
2 2   -0.844389
2 3   -0.106097
3 1   -0.279984
3 2    0.957262
3 3   -9.05808e-05
;

vp :=
1 1    0.729765
1 2   -0.00580931
1 3    0.705472
2 1   -0.322786
2 2   -0.927464
2 3   -0.0757266
3 1   -0.24814
3 2    0.972315
3 3   -0.016515
;

