solve_message = ' \
Ipopt 3.9.1: Optimal Solution Found'

Solve time:
_solve_time = 2.37122

Objective:
p :=
1 1   -0.0193125
1 2    0.0285219
1 3    0.0023584
2 1    1.12592e-09
2 2   -0.0355073
2 3    0.00274635
3 1    0.0193125
3 2    0.0285219
3 3   -0.00510475
;

phi :=
1 1   0.0710229
1 2   0.115001
1 3   0.0761278
2 1   0.075825
2 2   0.111462
2 3   0.0769788
3 1   0.0715397
3 2   0.114801
3 3   0.0677894
4 1   0.0667324
4 2   0.122291
4 3   0.0669528
;

l [*,1,*]
:       1          2           3        :=
1   -0.120029   0.817349   -0.902772
2   -1.05391    0.48806    -0.4428
3   -0.683872   0.846538    0.578181
4    0.250596   1.1764      0.119834

 [*,2,*]
:       1           2           3        :=
1   -0.736309   -0.990949   -0.340703
2    0.338454   -0.984459   -0.743828
3    0.731063   -1.0111      0.299483
4   -0.343075   -1.01764     0.70427

 [*,3,*]
:       1          2           3         :=
1    0.700056   0.571437    0.850439
2    1.10531    0.543116   -0.0684788
3    0.103927   1.09254    -0.526662
4   -0.302919   1.12173     0.391526
;

np :=
1 1   -0.501339
1 2    0.74041
1 3    1.39154e-11
2 1    4.02163e-08
2 2   -1.10597
2 3    1.57049e-10
3 1    0.501339
3 2    0.74041
3 3   -8.53598e-09
;

vp :=
1 1   -0.401431
1 2    0.832218
1 3   -0.162072
2 1   -0.00289506
2 2   -1.00104
2 3   -0.0200335
3 1    0.401431
3 2    0.832218
3 3    0.162072
;

