solve_message = ' \
Ipopt 3.9.1: Optimal Solution Found'

Solve time:
_solve_time = 0.655204

Objective:
p :=
1 1   -0.0353001
1 2   -0.00181162
1 3    0.00519238
2 1    0.0135338
2 2   -0.0218328
2 3   -0.0642325
3 1    0.0217652
3 2    0.0236457
3 3    0.0590401
;

phi :=
1 1   0.0333307
1 2   0.0243211
1 3   0.120694
2 1   0.0974256
2 2   0.0813245
2 3   0.039163
3 1   0.154205
3 2   0.110517
3 3   0.0688342
4 1   0.0644647
4 2   0.0369736
4 3   0.202682
;

l [*,1,*]
:       1           2           3        :=
1   -0.20748     0.267242   -1.25049
2   -0.315727   -0.709304   -1.03097
3   -1.17845    -0.421517   -0.172557
4   -1.07158     0.555488   -0.390702

 [*,2,*]
:       1           2           3        :=
1    0.597017    0.7241     -0.864199
2    1.15316    -0.306966   -0.455799
3    0.402838   -0.869163   -0.848412
4   -0.154503    0.161008   -1.25744

 [*,3,*]
:       1           2           3        :=
1    1.07745     0.252064   0.680481
2    0.747753    1.04904    0.0429624
3   -0.299826    1.07       0.613099
4    0.0282037   0.273052   1.25153
;

np :=
1 1   -1.06999
1 2   -0.0549125
1 3    2.07574e-08
2 1    0.0604292
2 2   -0.097485
2 3   -0.920214
3 1    0.372723
3 2    0.404923
3 3    0.510076
;

vp :=
1 1   -0.693268
1 2   -0.0766336
1 3   -0.711268
2 1    0.499407
2 2   -0.0723447
2 3   -0.856625
3 1    0.388526
3 2    0.660721
3 3    0.647271
;

