solve_message = ' \
Ipopt 3.9.1: Optimal Solution Found'

Solve time:
_solve_time = 2.19961

Objective:
p :=
1 1    0.00259159
1 2   -0.0294156
1 3   -0.0626491
2 1    0.00761681
2 2    0.0342788
2 3   -0.00275758
3 1   -0.0102065
3 2   -0.00486194
3 3    0.0654066
;

phi :=
1 1   0.13298
1 2   0.0641374
1 3   0.0668127
2 1   0.104811
2 2   0.0699765
2 3   0.108339
3 1   0.0783616
3 2   0.0605851
3 3   0.12056
4 1   0.0993317
4 2   0.0552676
4 3   0.0752747
;

l [*,1,*]
:       1           2            3        :=
1   -0.393617   -1.02152     -0.667452
2   -0.712958   -0.0352843   -1.06567
3    0.390853    0.272528    -1.1909
4    0.711953   -0.713222    -0.792881

 [*,2,*]
:       1          2           3        :=
1   -0.150324   1.06314    -0.719563
2   -0.553088   1.1438      0.203991
3    0.559843   0.898906    0.711127
4    0.964381   0.817857   -0.211619

 [*,3,*]
:       1           2           3        :=
1    0.150698    0.768923    1.02161
2   -0.739049   -0.0336507   1.05106
3   -0.0306     -0.823248    0.981471
4    0.860275   -0.0219324   0.951909
;

np :=
1 1    0.0267075
1 2   -0.303141
1 3   -0.772698
2 1    0.221944
2 2    0.99884
2 3   -2.47344e-10
3 1   -0.000329543
3 2   -0.000156889
3 3    1.04462
;

vp :=
1 1   -0.000814568
1 2   -0.374769
1 3   -0.929068
2 1    0.205364
2 2    0.980895
2 3   -0.0043839
3 1    0.0606858
3 2   -0.0271576
3 3    1.0015
;

