solve_message = ' \
Ipopt 3.9.1: Optimal Solution Found'

Solve time:
_solve_time = 0.904806

Objective:
p :=
1 1   -0.025166
1 2   -0.0221821
1 3   -0.0562184
2 1   -0.00994176
2 2    0.0223584
2 3    0.0646425
3 1    0.0351078
3 2   -0.000176397
3 3   -0.00842412
;

phi :=
1 1   0.0861901
1 2   0.0655249
1 3   0.136308
2 1   0.0301609
2 2   0.0195842
2 3   0.0371855
3 1   0.098543
3 2   0.041783
3 3   0.0284195
4 1   0.266089
4 2   0.115334
4 3   0.107958
;

l [*,1,*]
:       1           2           3         :=
1    0.155196   -0.983958   -0.812463
2   -0.587007   -1.13505     0.0924386
3   -1.20161    -0.32266    -0.277152
4   -0.460391   -0.170279   -1.18264

 [*,2,*]
:       1           2          3        :=
1   -0.841143    0.258572   0.933251
2   -0.349825   -0.700393   1.01639
3    0.699561   -0.158808   1.06269
4    0.209914    0.80102    0.979631

 [*,3,*]
:      1           2           3        :=
1   0.654926    0.799349    0.760944
2   0.145709   -0.0467245   1.27522
3   0.764285   -0.795505    0.658165
4   1.27449     0.0493764   0.142903
;

np :=
1 1   -0.557465
1 2   -0.49137
1 3   -0.362037
2 1   -0.033166
2 2    0.0745865
2 3    0.962133
3 1    1.02184
3 2   -0.00513371
3 3   -6.13866e-07
;

vp :=
1 1   -0.523159
1 2   -0.652925
1 3   -0.545315
2 1   -0.070569
2 2    0.0504803
2 3    0.997957
3 1    0.710055
3 2    0.00196099
3 3    0.709104
;

