solve_message = ' \
Ipopt 3.9.1: Optimal Solution Found'

Solve time:
_solve_time = 0.421203

Objective:
p :=
1 1   -0.00945138
1 2   -0.0146427
1 3   -0.0646226
2 1   -0.0254718
2 2    0.0117517
2 3    0.0631588
3 1    0.0349239
3 2    0.00289198
3 3    0.00146388
;

phi :=
1 1   0.123151
1 2   0.0505631
1 3   0.0810877
2 1   0.145604
2 2   0.0637918
2 3   0.0683567
3 1   0.133577
3 2   0.0721382
3 3   0.0579724
4 1   0.112244
4 2   0.0575724
4 3   0.0692325
;

l [*,1,*]
:       1           2           3        :=
1   -1.05698    -0.638653   -0.332793
2   -1.04279     0.54678    -0.510396
3   -0.22937     0.437127   -1.18545
4   -0.242263   -0.74848    -1.00892

 [*,2,*]
:      1           2          3        :=
1   1.17677    -0.435211   0.251329
2   0.94392     0.716802   0.487893
3   0.204081    0.424126   1.19126
4   0.435751   -0.728353   0.955813

 [*,3,*]
:      1           2          3        :=
1   0.265464    0.485646   1.15879
2   0.314642   -0.580071   1.09458
3   1.15345    -0.491098   0.251253
4   1.10561     0.574761   0.314123
;

np :=
1 1   -0.00411569
1 2   -0.00637643
1 3   -0.960063
2 1   -0.192917
2 2    0.0890046
2 3    0.817791
3 1    1.00527
3 2    0.0832447
3 3    2.93857e-12
;

vp :=
1 1   -0.642854
1 2   -0.101279
1 3   -0.759318
2 1    0.690223
2 2   -0.00611808
2 3    0.721479
3 1    0.709774
3 2   -0.00226616
3 3    0.70471
;

