solve_message = ' \
Ipopt 3.9.1: Optimal Solution Found'

Solve time:
_solve_time = 0.842405

Objective:
p :=
1 1   -0.00318412
1 2   -0.0345326
1 3   -0.0472193
2 1    0.000124225
2 2   -0.000458448
2 3    0.0656899
3 1    0.00305989
3 2    0.034991
3 3   -0.0184706
;

phi :=
1 1   0.15327
1 2   0.0543933
1 3   0.153886
2 1   0.127979
2 2   0.0597237
2 3   0.0851478
3 1   0.0640988
3 2   0.0499551
3 3   0.0601922
4 1   0.0764476
4 2   0.0457397
4 3   0.103993
;

l [*,1,*]
:       1           2           3        :=
1   -0.494523   -0.877567   -0.794955
2    0.629786   -1.00778    -0.480127
3    0.328253   -1.10515     0.561391
4   -0.796537   -0.975096    0.248222

 [*,2,*]
:       1           2          3       :=
1    0.556775   -0.428472   1.0659
2    0.181494    0.770763   1.05121
3   -0.775549    0.474578   1.00608
4   -0.401792   -0.725129   1.0207

 [*,3,*]
:       1           2           3        :=
1    0.0123459   0.992104   -0.792211
2   -0.682271    1.0696      0.15876
3    0.184211    0.985972    0.794404
4    0.880208    0.908346   -0.155555
;

np :=
1 1   -0.086083
1 2   -0.933592
1 3   -0.106768
2 1    2.17856e-14
2 2   -8.11461e-14
2 3    1.0767
3 1    0.0893085
3 2    1.02128
3 3   -0.000149614
;

vp :=
1 1   -0.0837034
1 2   -0.991345
1 3   -0.116492
2 1   -0.109619
2 2    0.0224569
2 3    1.03598
3 1    0.0989007
3 2    0.988974
3 3    0.000970629
;

