solve_message = ' \
Ipopt 3.9.1: Optimal Solution Found'

Solve time:
_solve_time = 0.639604

Objective:
p :=
1 1   -0.0117768
1 2   -0.0237044
1 3    0.0636812
2 1   -0.0226927
2 2    0.0237465
2 3   -0.0560028
3 1    0.0344697
3 2   -4.16017e-05
3 3   -0.00767833
;

phi :=
1 1   0.0274117
1 2   0.0193325
1 3   0.0710746
2 1   0.0165514
2 2   0.0548089
2 3   0.0202515
3 1   0.0980909
3 2   0.337085
3 3   0.0146635
4 1   0.25471
4 2   0.0717222
4 3   0.0470849
;

l [*,1,*]
:      1           2           3        :=
1   1.20713     0.239583   -0.288772
2   0.829045    0.677466    0.6873
3   0.598694   -0.356859    1.06194
4   0.976411   -0.796389    0.086467

 [*,2,*]
:       1           2            3         :=
1    0.114367    1.18757    -0.00930625
2   -0.0345027   0.743878   -1.00073
3   -1.06903     0.3504     -0.670501
4   -0.921809    0.793462    0.321449

 [*,3,*]
:      1           2           3        :=
1   0.528526   -0.474995   1.07295
2   1.25185    -0.112738   0.0858377
3   0.896252    0.737592   0.137136
4   0.172362    0.37669    1.12433
;

np :=
1 1   -0.0629423
1 2   -0.12669
1 3    0.866331
2 1   -0.442892
2 2    0.46346
2 3   -0.352433
3 1    0.898637
3 2   -0.00108519
3 3   -3.20973e-07
;

vp :=
1 1    0.90297
1 2   -0.0592247
1 3    0.386346
2 1   -0.477685
2 2    0.769003
2 3   -0.339377
3 1    0.711959
3 2    0.131493
3 3    0.605456
;

