solve_message = ' \
Ipopt 3.9.1: Optimal Solution Found'

Solve time:
_solve_time = 0.670804

Objective:
p :=
1 1    0.0338516
1 2   -0.00697738
1 3   -0.0104246
2 1   -0.0155332
2 2   -0.0207654
2 3    0.0643974
3 1   -0.0183183
3 2    0.0277428
3 3   -0.0539728
;

phi :=
1 1   0.0632801
1 2   0.0299482
1 3   0.0150255
2 1   0.189612
2 2   0.199287
2 3   0.0576665
3 1   0.107966
3 2   0.0833484
3 3   0.197147
4 1   0.0345136
4 2   0.0214335
4 3   0.0342087
;

l [*,1,*]
:      1           2          3        :=
1   0.221526   -0.549085   1.09119
2   1.03925    -0.699636   0.170218
3   1.21616     0.290701   0.16398
4   0.398715    0.44283    1.08494

 [*,2,*]
:       1           2           3        :=
1   -1.02505     0.71805     0.157997
2   -1.17703    -0.430811   -0.185639
3   -0.731747   -0.756255    0.70315
4   -0.579059    0.392088    1.0482

 [*,3,*]
:       1           2           3        :=
1   -0.701753    0.914578    0.522898
2    0.382478    1.08219    -0.114944
3   -0.0125146   0.784819   -0.934887
4   -1.09737     0.616737   -0.298352
;

np :=
1 1    0.896995
1 2   -0.184886
1 3   -2.72919e-06
2 1   -0.073423
2 2   -0.0981545
2 3    0.936884
3 1   -0.384384
3 2    0.582143
3 3   -0.272164
;

vp :=
1 1    0.718585
1 2   -0.128737
1 3    0.627948
2 1   -0.878161
2 2   -0.018774
2 3    0.431064
3 1   -0.357723
3 2    0.849513
3 3   -0.206067
;

