solve_message = ' \
Ipopt 3.9.1: Optimal Solution Found'

Solve time:
_solve_time = 1.07641

Objective:
p :=
1 1   -0.00767063
1 2   -0.0335911
1 3   -0.00168917
2 1    0.000661392
2 2    0.0299991
2 3   -0.0627208
3 1    0.00700933
3 2    0.00359199
3 3    0.0644099
;

phi :=
1 1   0.081267
1 2   0.110567
1 3   0.069765
2 1   0.064794
2 2   0.114703
2 3   0.0970125
3 1   0.023136
3 2   0.143226
3 3   0.110089
4 1   0.0657198
4 2   0.0854952
4 3   0.0702326
;

l [*,1,*]
:       1           2           3        :=
1    0.445731   -0.813584    0.691192
2   -0.502293   -0.71427     0.73083
3   -0.617364   -1.04515    -0.416712
4    0.330476   -1.14499    -0.458177

 [*,2,*]
:       1            2           3        :=
1   -0.0223443    1.12698    -0.482155
2    0.877916     0.342969   -0.846442
3    0.197052    -0.249961   -1.25629
4   -0.704292     0.53311    -0.892657

 [*,3,*]
:       1           2          3        :=
1   -0.511036   -0.787669   0.869369
2    0.426859   -0.087266   1.20373
3   -0.141923    0.766155   1.01778
4   -1.08072     0.067111   0.68312
;

np :=
1 1   -0.199493
1 2   -0.873613
1 3   -7.97966e-12
2 1    0.00750349
2 2    0.34034
2 3   -0.778909
3 1    2.59972e-05
3 2    1.33249e-05
3 3    0.93815
;

vp :=
1 1   -0.0854848
1 2   -0.929538
1 3    0.136767
2 1    0.0867237
2 2    0.438588
2 3   -0.869241
3 1   -0.32708
3 2   -0.0106962
3 3    0.943367
;

