solve_message = ' \
Ipopt 3.9.1: Optimal Solution Found'

Solve time:
_solve_time = 0.686404

Objective:
p :=
1 1   -0.00396295
1 2    0.0346566
1 3   -0.0124927
2 1    0.00859536
2 2   -0.000880795
2 3    0.0650357
3 1   -0.00463241
3 2   -0.0337758
3 3   -0.052543
;

phi :=
1 1   0.0676337
1 2   0.0769592
1 3   0.161407
2 1   0.0999716
2 2   0.0587792
2 3   0.0739657
3 1   0.13487
3 2   0.0566799
3 3   0.0595181
4 1   0.069483
4 2   0.0733228
4 3   0.103462
;

l [*,1,*]
:       1           2           3         :=
1    0.0853031   1.00119     0.712279
2    0.758727    0.995597   -0.0258716
3   -0.156524    0.942458   -0.876188
4   -0.831406    0.947967   -0.139391

 [*,2,*]
:       1           2          3        :=
1    0.698067    0.418649   0.988267
2   -0.462796    0.668656   0.987943
3   -0.690094   -0.380974   1.0109
4    0.470407   -0.632653   1.01126

 [*,3,*]
:       1           2           3        :=
1    0.27128    -0.85883    -0.915113
2    0.397034   -1.15442     0.339831
3   -0.542879   -1.0475      0.461056
4   -0.67013    -0.751736   -0.793694
;

np :=
1 1   -0.110964
1 2    0.970393
1 3   -9.68736e-06
2 1    5.55884e-05
2 2   -5.69632e-06
2 3    1.00385
3 1   -0.113043
3 2   -0.824215
3 3   -0.225533
;

vp :=
1 1   -0.0362434
1 2    0.971805
1 3   -0.0819989
2 1    0.00435847
2 2    0.0183198
2 3    0.999593
3 1   -0.136224
3 2   -0.953003
3 3   -0.22748
;

