solve_message = ' \
Ipopt 3.9.1: Optimal Solution Found'

Solve time:
_solve_time = 1.34161

Objective:
p :=
1 1   -0.00943227
1 2   -0.0230616
1 3   -0.0649441
2 1    0.00522693
2 2    0.0346451
2 3    0.000156475
3 1    0.00420533
3 2   -0.0115832
3 3    0.0647876
;

phi :=
1 1   0.157636
1 2   0.0583438
1 3   0.0950519
2 1   0.128036
2 2   0.0478914
2 3   0.0510901
3 1   0.0584507
3 2   0.0411531
3 3   0.0889284
4 1   0.069565
4 2   0.0503195
4 3   0.188846
;

l [*,1,*]
:       1           2           3        :=
1    0.709514   -0.491638   -0.964267
2   -0.702976   -0.228181   -1.04195
3   -0.561675    0.555526   -0.982138
4    0.851041    0.293317   -0.904363

 [*,2,*]
:       1          2           3        :=
1    0.918274   0.857947   -0.24599
2   -0.157308   1.0465     -0.723706
3   -0.581907   1.11427     0.255892
4    0.492998   0.925821    0.735169

 [*,3,*]
:       1           2           3        :=
1    0.457195    0.0531227   1.19775
2   -0.48902     0.727827    0.938499
3   -1.05617    -0.152907    0.710964
4   -0.110863   -0.829013    0.96985
;

np :=
1 1   -0.0350755
1 2   -0.0857584
1 3   -0.993993
2 1    0.150294
2 2    0.996176
2 3    4.68505e-19
3 1    0.000228877
3 2   -0.000630412
3 3    0.977349
;

vp :=
1 1    0.0745388
1 2    0.0321513
1 3   -0.973148
2 1    0.168443
2 2    0.98606
2 3    0.00553183
3 1   -0.299339
3 2   -0.0505118
3 3    0.954368
;

