solve_message = ' \
Ipopt 3.9.1: Optimal Solution Found'

Solve time:
_solve_time = 0.436803

Objective:
p :=
1 1   -0.00808963
1 2   -0.03441
1 3    0.00695988
2 1    0.00628881
2 2    0.00166401
2 3   -0.0651216
3 1    0.0018008
3 2    0.0327459
3 3    0.0581625
;

phi :=
1 1   0.0551436
1 2   0.0652377
1 3   0.101112
2 1   0.127597
2 2   0.0362872
2 3   0.0564276
3 1   0.119063
3 2   0.0551004
3 3   0.0980474
4 1   0.0493982
4 2   0.0883632
4 3   0.183576
;

l [*,1,*]
:       1           2           3        :=
1   -0.7614     -0.813052   -0.648048
2    0.351911   -1.06737    -0.638113
3    0.316036   -1.17552     0.478376
4   -0.797332   -0.921368    0.470219

 [*,2,*]
:       1           2           3        :=
1   -0.540562   -0.766857   -0.874502
2   -1.23635    -0.282844   -0.203395
3   -0.856217    0.770322   -0.56812
4   -0.159826    0.287987   -1.23981

 [*,3,*]
:       1           2           3         :=
1    0.0488124   1.27994    -0.0570217
2   -0.731702    0.792064    0.692268
3    0.0740224   0.333498    1.23463
4    0.85582     0.820642    0.486208
;

np :=
1 1   -0.245272
1 2   -1.04329
1 3    1.60974e-07
2 1    7.40738e-06
2 2    1.95997e-06
2 3   -1.01317
3 1    0.0348229
3 2    0.633222
3 3    0.459313
;

vp :=
1 1   -0.22314
1 2   -0.994226
1 3   -0.0843951
2 1   -0.697961
2 2    0.00195945
2 3   -0.721724
3 1    0.0620495
3 2    0.80673
3 3    0.588724
;

