solve_message = ' \
Ipopt 3.9.1: Optimal Solution Found'

Solve time:
_solve_time = 0.312002

Objective:
p :=
1 1   -0.0152252
1 2   -0.00585189
1 3    0.0659257
2 1   -0.0202543
2 2    0.00693939
2 3   -0.0653354
3 1    0.0354849
3 2   -0.00108736
3 3   -0.000590187
;

phi :=
1 1   0.0714902
1 2   0.0793629
1 3   0.108005
2 1   0.0279464
2 2   0.223889
2 3   0.0517647
3 1   0.0397459
3 2   0.15732
3 3   0.0405553
4 1   0.0940302
4 2   0.0515924
4 3   0.0871978
;

l [*,1,*]
:      1           2          3        :=
1   0.981799    0.654422   0.516189
2   0.103647    0.415549   1.24626
3   0.274495   -0.665222   1.09872
4   1.15292    -0.42807    0.368412

 [*,2,*]
:       1           2           3         :=
1   -1.04312     0.755245   -0.0685709
2   -0.730611    0.403928   -0.979066
3   -0.871437   -0.74509    -0.585396
4   -1.18417    -0.395602    0.325726

 [*,3,*]
:      1           2          3        :=
1   1.19274     0.488108   0.270745
2   0.616084    0.754766   0.875812
3   0.296536   -0.559855   1.14385
4   0.872686   -0.828607   0.539215
;

np :=
1 1   -0.00445472
1 2   -0.0017127
1 3    1.10405
2 1   -0.030321
2 2    0.0103885
2 3   -1.03668
3 1    1.10421
3 2   -0.0338362
3 3   -5.06983e-15
;

vp :=
1 1    0.628565
1 2   -0.00573547
1 3    0.807105
2 1   -0.95746
2 2    0.00476004
2 3   -0.326464
3 1    0.744742
3 2   -0.0365036
3 3    0.707166
;

