solve_message = ' \
Ipopt 3.9.1: Optimal Solution Found'

Solve time:
_solve_time = 1.35721

Objective:
p :=
1 1   -0.0187789
1 2   -0.0201469
1 3    0.0636298
2 1    0.0337761
2 2   -0.00697339
2 3   -0.00395652
3 1   -0.0149965
3 2    0.0271208
3 3   -0.0596733
;

phi :=
1 1   0.0553874
1 2   0.0345517
1 3   0.249789
2 1   0.0981947
2 2   0.0594797
2 3   0.0774671
3 1   0.0852615
3 2   0.136419
3 3   0.0447694
4 1   0.0346795
4 2   0.0491658
4 3   0.110272
;

l [*,1,*]
:       1           2          3        :=
1   -0.237626    0.627939   1.05032
2   -0.667439   -0.455208   0.944026
3    0.336869   -0.84797    0.873447
4    0.768281    0.234551   0.979624

 [*,2,*]
:       1           2          3        :=
1   0.894474     0.491714   0.773689
2   0.0850413   -0.112415   1.17816
3   0.404404    -0.979939   0.522114
4   1.21435     -0.377191   0.116594

 [*,3,*]
:       1          2           3        :=
1   -0.57745    0.238979   -1.11074
2   -0.681518   1.01968    -0.285579
3    0.410626   1.09117    -0.215179
4    0.516433   0.310582   -1.04023
;

np :=
1 1   -0.127391
1 2   -0.136671
1 3    0.86145
2 1    0.883441
2 2   -0.182395
2 3   -3.09591e-09
3 1   -0.206497
3 2    0.373444
3 3   -0.549624
;

vp :=
1 1    0.0501927
1 2   -0.10974
1 3    0.961895
2 1    0.649889
2 2   -0.244217
2 3    0.647479
3 1   -0.0829354
3 2    0.664792
3 3   -0.663262
;

