solve_message = ' \
Ipopt 3.9.1: Optimal Solution Found'

Solve time:
_solve_time = 1.62241

Objective:
p :=
1 1    0.00739247
1 2    0.0283255
1 3   -0.0634266
2 1    0.0179102
2 2   -0.0295
2 3   -0.000277477
3 1   -0.0253273
3 2    0.00117513
3 3    0.0637041
;

phi :=
1 1   0.149103
1 2   0.0469782
1 3   0.123429
2 1   0.13327
2 2   0.0379715
2 3   0.0989767
3 1   0.104733
3 2   0.0612037
3 3   0.0565346
4 1   0.0678291
4 2   0.0765063
4 3   0.0793008
;

l [*,1,*]
:       1           2           3        :=
1   -0.375139   -0.260976   -1.20689
2   -0.782988    0.616083   -0.778117
3    0.325223    1.04814    -0.607514
4    0.734837    0.171773   -1.03602

 [*,2,*]
:        1            2           3        :=
1   -0.00265101   -1.22744    -0.421289
2    1.07492      -0.621949   -0.181445
3    0.797985     -0.491961    0.724621
4   -0.280023     -1.09724     0.48622

 [*,3,*]
:       1           2          3        :=
1   -0.209797    0.670325   1.07504
2   -0.480738   -0.543059   1.05024
3    0.497927   -0.759963   0.893765
4    0.770427    0.453075   0.918318
;

np :=
1 1    0.0723075
1 2    0.277046
1 3   -0.842378
2 1    0.470307
2 2   -0.774646
2 3   -2.5834e-17
3 1   -0.104576
3 2    0.00485359
3 3    0.868515
;

vp :=
1 1   -0.0243542
1 2    0.393407
1 3   -0.907305
2 1    0.397127
2 2   -0.859888
2 3    0.151932
3 1    0.144563
3 2   -0.0444221
3 3    0.984351
;

