solve_message = ' \
Ipopt 3.9.1: Optimal Solution Found'

Solve time:
_solve_time = 0.858005

Objective:
p :=
1 1    0.000574653
1 2    0.0309275
1 3   -0.061466
2 1   -0.00140972
2 2   -0.0348495
2 3   -0.00352498
3 1    0.000835067
3 2    0.00392203
3 3    0.064991
;

phi :=
1 1   0.0972574
1 2   0.0647953
1 3   0.0738681
2 1   0.0912339
2 2   0.0708263
2 3   0.101209
3 1   0.10998
3 2   0.0731888
3 3   0.0975252
4 1   0.118376
4 2   0.0668958
4 3   0.0713861
;

l [*,1,*]
:       1            2           3        :=
1    0.831292     0.354755   -0.907852
2    0.0218961   -0.156164   -1.27099
3   -0.731932     0.696971   -0.789022
4    0.0762626    1.20925    -0.425114

 [*,2,*]
:       1            2            3          :=
1   -0.136485    -1.03934     0.81442
2   -0.83097     -0.98654     0.0304252
3    0.0746317   -0.976524   -0.783589
4    0.770559    -1.02931    -0.000890795

 [*,3,*]
:       1           2          3        :=
1    0.660297   -0.462919   0.999081
2    0.412852    0.696584   0.995593
3   -0.640913    0.472948   1.0066
4   -0.395146   -0.686911   1.01011
;

np :=
1 1    0.00782435
1 2    0.421102
1 3   -0.676164
2 1   -0.0394428
2 2   -0.975061
2 3   -1.37943e-09
3 1    5.39601e-08
3 2    2.53432e-07
3 3    0.99903
;

vp :=
1 1    0.0497018
1 2    0.526407
1 3   -0.8481
2 1   -0.030289
2 2   -1.00795
2 3    0.0154035
3 1    0.00937103
3 2    0.00446376
3 3    1.00285
;

