solve_message = ' \
Ipopt 3.9.1: Optimal Solution Found'

Solve time:
_solve_time = 0.748805

Objective:
p :=
1 1   -0.0154449
1 2    0.0306333
1 3    0.0462146
2 1   -0.0185751
2 2   -0.0241888
2 3   -0.0622997
3 1    0.03402
3 2   -0.00644446
3 3    0.0160851
;

phi :=
1 1   0.0547233
1 2   0.0905995
1 3   0.085272
2 1   0.0609977
2 2   0.0660513
2 3   0.0723308
3 1   0.0730358
3 2   0.0873808
3 3   0.114792
4 1   0.06525
4 2   0.127507
4 3   0.138272
;

l [*,1,*]
:       1          2           3        :=
1    0.242364   1.07761    -0.564088
2   -0.798296   0.755579   -0.640981
3   -0.886934   0.756069    0.512902
4    0.153585   1.0781      0.591633

 [*,2,*]
:       1            2            3        :=
1   -1.14707     0.00942223   -0.562794
2   -0.268756    0.479148     -1.13631
3    0.253525   -0.500519     -1.14306
4   -0.623959   -0.971804     -0.569559

 [*,3,*]
:      1           2            3        :=
1   1.2616     -0.0352218   0.0685754
2   0.862478    0.697561    0.594409
3   0.175882   -0.140328    1.24112
4   0.573914   -0.874446    0.716316
;

np :=
1 1   -0.391361
1 2    0.776224
1 3    0.0918444
2 1   -0.232323
2 2   -0.302535
2 3   -0.743033
3 1    0.911164
3 2   -0.172603
3 3    5.68191e-05
;

vp :=
1 1   -0.321906
1 2    0.916967
1 3   -0.0251024
2 1   -0.446915
2 2   -0.246126
2 3   -0.852703
3 1    0.718628
3 2   -0.0884009
3 3    0.654896
;

