solve_message = ' \
Ipopt 3.9.1: Optimal Solution Found'

Solve time:
_solve_time = 1.62241

Objective:
p :=
1 1    0.0053983
1 2    0.000491623
1 3    0.0649377
2 1   -0.00439168
2 2    0.034529
2 3   -0.0447797
3 1   -0.0010066
3 2   -0.0350207
3 3   -0.0201581
;

phi :=
1 1   0.0512623
1 2   0.108448
1 3   0.0646355
2 1   0.057196
2 2   0.0649675
2 3   0.098984
3 1   0.0566754
3 2   0.0909025
3 3   0.145037
4 1   0.0505687
4 2   0.151973
4 3   0.0949566
;

l [*,1,*]
:       1           2          3        :=
1   0.387244    -0.74843    0.973226
2   1.23173     -0.209632   0.304364
3   0.865215     0.737793   0.602507
4   0.0201408    0.200503   1.27184

 [*,2,*]
:       1          2           3         :=
1   -0.917791   0.891511    0.0830364
2    0.113649   1.08585     0.672955
3    0.639843   1.08466    -0.244376
4   -0.39076    0.890316   -0.835755

 [*,3,*]
:       1           2           3        :=
1    0.249212   -1.01702     0.741319
2   -0.769083   -0.973741    0.324723
3   -0.330307   -0.985429   -0.751316
4    0.688687   -1.02872    -0.336434
;

np :=
1 1    2.1277e-06
1 2    1.93771e-07
1 3    0.993309
2 1   -0.121386
2 2    0.954379
2 3   -0.0736501
3 1   -0.0289335
3 2   -1.00663
3 3   -0.000275894
;

vp :=
1 1    0.625747
1 2   -0.0051559
1 3    0.788252
2 1   -0.139176
2 2    0.988005
2 3   -0.0812702
3 1   -0.039967
3 2   -1.00125
3 3   -0.00526129
;

