solve_message = ' \
Ipopt 3.9.1: Optimal Solution Found'

Solve time:
_solve_time = 0.514803

Objective:
p :=
1 1   -0.0327626
1 2    0.00998406
1 3   -0.053692
2 1    0.0350312
2 2    0.000125818
2 3   -0.0113786
3 1   -0.0022686
3 2   -0.0101098
3 3    0.0650706
;

phi :=
1 1   0.0870112
1 2   0.0560972
1 3   0.0752522
2 1   0.110912
2 2   0.0470433
2 3   0.042951
3 1   0.180701
3 2   0.074018
3 3   0.0497801
4 1   0.138446
4 2   0.0855714
4 3   0.0875263
;

l [*,1,*]
:       1           2           3        :=
1   -0.953862    0.836784   -0.114612
2   -0.147495    0.569959   -1.13735
3   -0.458216   -0.292919   -1.16011
4   -1.26508    -0.027468   -0.137409

 [*,2,*]
:      1           2          3        :=
1   1.1963      0.410378   0.193859
2   0.324753    0.599285   1.08497
3   0.228946   -0.385151   1.20214
4   1.10034    -0.575625   0.311209

 [*,3,*]
:      1           2          3        :=
1   1.16057    -0.440325   0.32549
2   0.882594    0.740132   0.563395
3   0.136776    0.438432   1.19823
4   0.413565   -0.742506   0.961339
;

np :=
1 1   -0.822004
1 2    0.250497
1 3   -0.262406
2 1    1.0063
2 2    0.00361423
2 3   -5.03758e-06
3 1   -4.36261e-05
3 2   -0.000194416
3 3    1.00763
;

vp :=
1 1   -0.706484
1 2    0.271695
1 3   -0.636963
2 1    0.71293
2 2    0.0121462
2 3    0.69769
3 1    0.648487
3 2   -0.0015373
3 3    0.76202
;

