solve_message = ' \
Ipopt 3.9.1: Optimal Solution Found'

Solve time:
_solve_time = 0.936006

Objective:
p :=
1 1   -0.0340154
1 2    0.0059751
1 3   -0.0468626
2 1    0.0194815
2 2    0.0256333
2 3    0.060044
3 1    0.0145312
3 2   -0.0316123
3 3   -0.0131815
;

phi :=
1 1   0.0775264
1 2   0.110495
1 3   0.0704904
2 1   0.0868311
2 2   0.0975789
2 3   0.0648992
3 1   0.114351
3 2   0.0797531
3 3   0.0671397
4 1   0.103393
4 2   0.0913286
4 3   0.0727883
;

l [*,1,*]
:       1           2           3        :=
1   -0.610007   -0.75742    -0.823589
2   -1.25355    -0.206337   -0.159077
3   -0.817166    0.814191   -0.578657
4   -0.172933    0.264734   -1.24384

 [*,2,*]
:       1           2          3        :=
1    0.280839    1.19559    0.376832
2   -0.172972    0.543961   1.1456
3    0.713754   -0.194716   1.04379
4    1.16898     0.455739   0.274859

 [*,3,*]
:       1            2           3        :=
1    1.00003     -0.701834    0.394656
2    0.0665539   -0.977621    0.820329
3   -0.371982    -1.18476    -0.274533
4    0.560799    -0.909309   -0.70195
;

np :=
1 1   -0.897107
1 2    0.157587
1 3   -0.101247
2 1    0.337263
2 2    0.443762
2 3    0.573977
3 1    0.400597
3 2   -0.87149
3 3   -1.41021e-05
;

vp :=
1 1   -0.713156
1 2    0.0285727
1 3   -0.701555
2 1    0.49783
2 2    0.500403
2 3    0.709966
3 1    0.314223
3 2   -0.943272
3 3    0.0594556
;

