solve_message = ' \
Ipopt 3.9.1: Optimal Solution Found'

Solve time:
_solve_time = 0.748805

Objective:
p :=
1 1   -0.00578778
1 2   -0.0271624
1 3    0.0636724
2 1    0.00998866
2 2   -0.00752923
2 3   -0.0650079
3 1   -0.00420086
3 2    0.0346917
3 3    0.00133555
;

phi :=
1 1   0.083529
1 2   0.0563585
1 3   0.0534932
2 1   0.063832
2 2   0.123682
2 3   0.0368257
3 1   0.128639
3 2   0.138012
3 3   0.0556072
4 1   0.160033
4 2   0.0629257
4 3   0.0732768
;

l [*,1,*]
:       1            2          3        :=
1   -0.0276062    0.492132   1.19261
2   -1.01023      0.111051   0.79925
3   -0.55232     -0.922836   0.665812
4    0.43103     -0.543402   1.05896

 [*,2,*]
:       1             2            3        :=
1   -0.0259505    0.788783     -1.01318
2    0.828543    -0.00421637   -0.981248
3    0.0831427   -0.809541     -0.9934
4   -0.772538    -0.0178237    -1.02535

 [*,3,*]
:       1          2           3         :=
1    0.108294   0.989389   -0.85983
2   -0.923534   0.892479   -0.157893
3   -0.371283   1.02351     0.684606
4    0.661423   1.12063    -0.0159883
;

np :=
1 1   -0.0412654
1 2   -0.19369
1 3    0.865495
2 1    0.00059304
2 2   -0.000447433
2 3   -1.00086
3 1   -0.118899
3 2    0.981895
3 3    1.54601e-12
;

vp :=
1 1   -0.289389
1 2   -0.215612
1 3    0.929315
2 1    0.0279585
2 2   -0.0103836
2 3   -1.00331
3 1   -0.130864
3 2    1.00654
3 3   -0.0875557
;

