solve_message = ' \
Ipopt 3.9.1: Optimal Solution Found'

Solve time:
_solve_time = 1.20121

Objective:
p :=
1 1   -0.000800488
1 2   -0.034867
1 3   -0.0426239
2 1    0.0040441
2 2    0.0347929
2 3   -0.0224133
3 1   -0.00324363
3 2    7.41648e-05
3 3    0.0650371
;

phi :=
1 1   0.120603
1 2   0.127273
1 3   0.0474909
2 1   0.0642573
2 2   0.143463
2 3   0.0441005
3 1   0.0901809
3 2   0.0857043
3 3   0.0447329
4 1   0.150551
4 2   0.0682594
4 3   0.0480703
;

l [*,1,*]
:       1            2           3        :=
1    0.737596    -1.04094    -0.132172
2   -0.0345928   -1.03775     0.752849
3   -0.852971    -0.956833    0.03998
4   -0.0820858   -0.959898   -0.846177

 [*,2,*]
:       1           2           3        :=
1    0.887709    0.906817   -0.18764
2    0.0239102   1.00184    -0.800358
3   -0.662731    1.08337     0.178869
4    0.199975    0.988482    0.793147

 [*,3,*]
:       1           2           3        :=
1   -1.12469     0.0583552   0.612237
2   -0.362884   -0.800821    0.937252
3    0.349258   -0.058188    1.23625
4   -0.41141     0.80217     0.911712
;

np :=
1 1   -0.0223904
1 2   -0.97525
1 3   -0.0521363
2 1    0.116084
2 2    0.998713
2 3   -0.000579396
3 1   -5.8725e-08
3 2    1.34242e-09
3 3    1.00401
;

vp :=
1 1   -0.057706
1 2   -0.998856
1 3   -0.046733
2 1    0.11256
2 2    0.99509
2 3   -0.00375086
3 1   -0.387734
3 2    0.000721872
3 3    0.924234
;

