solve_message = ' \
Ipopt 3.9.1: Optimal Solution Found'

Solve time:
_solve_time = 0.686404

Objective:
p :=
1 1    0.012807
1 2   -0.0325134
1 3   -0.00100952
2 1   -0.0286804
2 2    0.00878258
2 3   -0.0620462
3 1    0.0158763
3 2    0.0237293
3 3    0.0630557
;

phi :=
1 1   0.0857725
1 2   0.117673
1 3   0.093344
2 1   0.0367045
2 2   0.143238
2 3   0.14125
3 1   0.0479955
3 2   0.076187
3 3   0.0873141
4 1   0.099423
4 2   0.0552478
4 3   0.0502161
;

l [*,1,*]
:       1           2           3        :=
1    0.924225   -0.718886    0.572834
2   -0.111141   -1.07501     0.73147
3   -0.248483   -1.19064    -0.415178
4    0.786664   -0.834699   -0.57564

 [*,2,*]
:       1           2           3        :=
1   -0.984947    0.708449   -0.451318
2   -0.167457    0.362694   -1.21925
3   -0.41146    -0.717336   -1.00326
4   -1.22934    -0.373301   -0.234979

 [*,3,*]
:       1           2          3        :=
1    0.853008   -0.116418   0.960784
2    0.457908    0.978655   0.663933
3   -0.529639    0.693249   0.923885
4   -0.136112   -0.402279   1.22115
;

np :=
1 1    0.362452
1 2   -0.920169
1 3   -2.17559e-13
2 1   -0.3246
2 2    0.0994054
2 3   -0.722126
3 1    0.133637
3 2    0.199717
3 3    0.808497
;

vp :=
1 1    0.338229
1 2   -0.954666
1 3    0.0783079
2 1   -0.698627
2 2   -0.00473634
2 3   -0.726895
3 1    0.161448
3 2    0.287865
3 3    0.942556
;

