solve_message = ' \
Ipopt 3.9.1: Optimal Solution Found'

Solve time:
_solve_time = 0.234001

Objective:
p :=
1 1    0.0157444
1 2    0.0307495
1 3    0.00577744
2 1   -0.00129342
2 2   -0.032016
2 3    0.0595315
3 1   -0.014451
3 2    0.00126666
3 3   -0.065309
;

phi :=
1 1   0.0499885
1 2   0.0879198
1 3   0.115937
2 1   0.0856878
2 2   0.134443
2 3   0.109667
3 1   0.0965462
3 2   0.109952
3 3   0.057286
4 1   0.0576675
4 2   0.0698664
4 3   0.0610546
;

l [*,1,*]
:       1          2           3        :=
1    1.01478    0.732457   -0.331641
2   -0.132197   1.23221    -0.363195
3   -0.228181   1.07819     0.61523
4    0.918645   0.57819     0.648342

 [*,2,*]
:       1           2           3        :=
1    0.227097   -0.0906622   1.25332
2   -0.691821   -0.452315    0.979131
3   -0.148147   -1.25726     0.217808
4    0.771637   -0.896893    0.490789

 [*,3,*]
:       1           2           3        :=
1   -0.459247   -0.557407   -1.06418
2   -0.521187    0.490349   -1.06742
3    0.681668    0.562357   -0.931488
4    0.745524   -0.485284   -0.928037
;

np :=
1 1    0.415933
1 2    0.812335
1 3    4.38275e-08
2 1   -0.0217566
2 2   -0.538543
2 3    0.540551
3 1   -0.00209297
3 2    0.000183443
3 3   -1.03375
;

vp :=
1 1    0.393719
1 2    0.905061
1 3    0.142197
2 1    0.0400574
2 2   -0.67414
2 3    0.735372
3 1    0.111715
3 2    0.00208633
3 3   -0.997781
;

