solve_message = ' \
Ipopt 3.9.1: Optimal Solution Found'

Solve time:
_solve_time = 0.795605

Objective:
p :=
1 1   -0.0148323
1 2    0.0238826
1 3    0.0624206
2 1    0.0341244
2 2   -0.00608487
2 3    0.0020595
3 1   -0.0192919
3 2   -0.0177975
3 3   -0.0644801
;

phi :=
1 1   0.053143
1 2   0.157762
1 3   0.00459362
2 1   0.0374734
2 2   0.00821009
2 3   0.289105
3 1   0
3 2   0.0293752
3 3   0.16521
4 1   0
4 2   0.291266
4 3   0
;

l [*,1,*]
:       1           2          3        :=
1    0.391527    0.911151   0.74355
2   -0.643822    0.906097   0.513115
3   -0.747093   -0.174967   0.996642
4    0.288092   -0.171635   1.22785

 [*,2,*]
:      1           2          3        :=
1   0.891775    0.694752   0.570055
2   0.229645    0.499972   1.12582
3   0.412918   -0.821974   0.877534
4   1.07534    -0.629299   0.321371

 [*,3,*]
:       1           2           3        :=
1   -0.96407     0.572407    0.604212
2   -1.08955     0.393351   -0.57534
3   -1.01941    -0.658821   -0.422787
4   -0.893817   -0.481441    0.757008
;

np :=
1 1   -0.113823
1 2    0.183272
1 3    0.753182
2 1    0.919939
2 2   -0.164038
2 3    3.20565e-11
3 1   -0.0980431
3 2   -0.0904486
3 3   -0.945331
;

vp :=
1 1   -0.177411
1 2    0.367663
1 3    0.870381
2 1    0.652683
2 2   -0.0640604
2 3    0.723474
3 1   -0.99166
3 2   -0.0435552
3 3    0.0912433
;

