solve_message = ' \
Ipopt 3.9.1: Optimal Solution Found'

Solve time:
_solve_time = 1.43521

Objective:
p :=
1 1    0.0271581
1 2    0.0133352
1 3   -0.06082
2 1   -0.0169138
2 2    0.0196575
2 3    0.0642239
3 1   -0.0102438
3 2   -0.0329932
3 3   -0.00340388
;

phi :=
1 1   0.18766
1 2   0.024621
1 3   0.0106412
2 1   0.0583803
2 2   0.140003
2 3   0.0126347
3 1   0.0207529
3 2   0.173158
3 3   0.103827
4 1   0.150074
4 2   0.0043978
4 3   0.14301
;

l [*,1,*]
:      1           2           3        :=
1   0.932636    0.781776   0.317197
2   0.360908    0.418026   1.11978
3   0.654769   -0.713569   0.818458
4   1.22697    -0.351622   0.0153951

 [*,2,*]
:       1           2           3        :=
1   -0.567057   -0.128419    1.13056
2   -0.924522    0.837229    0.265133
3   -1.22795     0.211902   -0.311822
4   -0.870963   -0.754742    0.55269

 [*,3,*]
:       1           2           3        :=
1   -0.135941   -0.908313    0.851396
2   -0.854339   -0.686937    0.662273
3   -0.540904   -0.895552   -0.734675
4    0.177993   -1.11726    -0.547777
;

np :=
1 1    0.323772
1 2    0.158979
1 3   -0.627959
2 1   -0.0799522
2 2    0.0929218
2 3    0.919353
3 1   -0.270668
3 2   -0.871764
3 3   -1.07994e-09
;

vp :=
1 1    0.794048
1 2    0.0337972
1 3    0.567388
2 1   -0.89748
2 2    0.0411075
2 3    0.409486
3 1   -0.338011
3 2   -0.902104
3 3    0.0578794
;

