solve_message = ' \
Ipopt 3.9.1: Optimal Solution Found'

Solve time:
_solve_time = 0.592804

Objective:
p :=
1 1    0.0173101
1 2    0.0298942
1 3    0.0153858
2 1   -0.0313164
2 2    0.00224721
2 3   -0.0591748
3 1    0.0140034
3 2   -0.0321409
3 3    0.0437891
;

phi :=
1 1   0.076265
1 2   0.0597081
1 3   0.129709
2 1   0.0648305
2 2   0.0628939
2 3   0.106408
3 1   0.0948666
3 2   0.0852025
3 3   0.0716193
4 1   0.107407
4 2   0.080589
4 3   0.0969518
;

l [*,1,*]
:       1          2           3         :=
1    1.08902    0.629407   -0.0923143
2    0.185941   1.00672    -0.655133
3   -0.365521   1.12975     0.309959
4    0.536685   0.752628    0.874316

 [*,2,*]
:       1            2            3         :=
1   -0.177812    0.525465     -1.10869
2   -0.724546   -0.412597     -1.00234
3   -1.26643     0.00463595   -0.0775032
4   -0.720561    0.943363     -0.182375

 [*,3,*]
:       1           2           3         :=
1    0.255935   -0.909535    0.860284
2   -0.48536    -1.13762     0.0751
3    0.325318   -0.98619    -0.737246
4    1.0679     -0.757867    0.0466439
;

np :=
1 1    0.457172
1 2    0.789525
1 3    4.16321e-05
2 1   -0.466245
2 2    0.0334548
2 3   -0.51828
3 1    0.40416
3 2   -0.927634
3 3    0.0629746
;

vp :=
1 1    0.361892
1 2    0.879475
1 3    0.109431
2 1   -0.72212
2 2    0.265591
2 3   -0.59277
3 1    0.291245
3 2   -0.947711
3 3    0.061508
;

