solve_message = ' \
Ipopt 3.9.1: Optimal Solution Found'

Solve time:
_solve_time = 1.59121

Objective:
p :=
1 1   -0.00531279
1 2   -0.000438862
1 3   -0.0659262
2 1   -0.00222125
2 2    0.0350853
2 3    0.0282446
3 1    0.00753229
3 2   -0.0346476
3 3    0.0376431
;

phi :=
1 1   0.0118081
1 2   0
1 3   0.0715683
2 1   0.0848642
2 2   0.00618157
2 3   0
3 1   0.0817285
3 2   0.338999
3 3   0.0446739
4 1   0.0248451
4 2   0.173852
4 3   0.265762
;

l [*,1,*]
:        1            2           3        :=
1   -0.0453743     0.657755   -1.24194
2    0.00820753   -0.714994   -1.14157
3   -0.858345     -0.71644    -0.672646
4   -0.913307      0.656307   -0.77227

 [*,2,*]
:       1          2           3        :=
1    0.489405   1.13747    -0.458391
2   -0.981601   0.998701   -0.223637
3   -0.85443    0.945633    0.557835
4    0.616778   1.08432     0.324325

 [*,3,*]
:       1           2           3        :=
1    1.00407    -0.80723     0.394719
2   -0.488664   -1.12466     0.317243
3   -0.468863   -1.05321    -0.408873
4    1.0239     -0.735666   -0.332554
;

np :=
1 1   -1.89149e-06
1 2   -1.55825e-07
1 3   -1.10411
2 1   -0.065176
2 2    1.02948
2 3    0.00290227
3 1    0.232623
3 2   -1.07004
3 3    0.0218436
;

vp :=
1 1   -0.452226
1 2   -0.028796
1 3   -0.957148
2 1   -0.181876
2 2    1.04159
2 3    0.0499395
3 1    0.268207
3 2   -0.930064
3 3   -0.00733575
;

