solve_message = ' \
Ipopt 3.9.1: Optimal Solution Found'

Solve time:
_solve_time = 0.670804

Objective:
p :=
1 1   -0.0237223
1 2   -0.0227569
1 3   -0.0575141
2 1   -0.0116109
2 2    0.0204402
2 3    0.0651104
3 1    0.0353422
3 2    0.00230202
3 3   -0.00759627
;

phi :=
1 1   0.225125
1 2   0.0434718
1 3   0.143956
2 1   0.108526
2 2   0.00814158
2 3   0.0821276
3 1   0.0332305
3 2   0.0412278
3 3   0.0389125
4 1   0.102853
4 2   0.0799847
4 3   0.129077
;

l [*,1,*]
:       1            2            3         :=
1   -0.581593    -0.0503459   -1.13715
2    0.0790809   -0.866997    -0.927552
3   -0.564045    -1.14352      0.0280056
4   -1.22574     -0.327307    -0.18007

 [*,2,*]
:       1           2          3        :=
1   -1.13754     0.210846   0.551222
2   -0.565596   -0.77525    0.850025
3    0.250244   -0.182761   1.24589
4   -0.320398    0.804279   0.947714

 [*,3,*]
:      1           2            3        :=
1   0.840842    0.844154    0.534834
2   0.193389    0.0179043   1.27014
3   0.622598   -0.730642    0.821649
4   1.27073     0.0944157   0.0856336
;

np :=
1 1   -0.465257
1 2   -0.446321
1 3   -0.424648
2 1   -0.0304487
2 2    0.0536036
2 3    1.01195
3 1    1.08417
3 2    0.0706177
3 3   -2.97719e-07
;

vp :=
1 1   -0.573338
1 2   -0.596717
1 3   -0.554275
2 1   -0.44355
2 2    0.0146716
2 3    0.898593
3 1    0.732149
3 2    0.0567871
3 3    0.67777
;

