solve_message = ' \
Ipopt 3.9.1: Optimal Solution Found'

Solve time:
_solve_time = 0.561604

Objective:
p :=
1 1   -0.00303324
1 2    0.0310422
1 3    0.0617578
2 1   -0.00681615
2 2   -0.0340122
2 3    0.0030139
3 1    0.00984939
3 2    0.00297001
3 3   -0.0647717
;

phi :=
1 1   0.112192
1 2   0.0801722
1 3   0.0686204
2 1   0.134805
2 2   0.070034
2 3   0.0692714
3 1   0.105648
3 2   0.0567463
3 3   0.0938625
4 1   0.0875826
4 2   0.0654995
4 3   0.093291
;

l [*,1,*]
:       1           2           3        :=
1    0.185521   -0.0127645   1.26009
2    0.678069    0.732855    0.803463
3   -0.403242    1.1644      0.344942
4   -0.897511    0.419469    0.800837

 [*,2,*]
:       1            2            3         :=
1    0.602316    -1.15638     0.00184477
2   -0.417146    -1.06707     0.672826
3   -0.955416    -0.858017   -0.238099
4    0.0631884   -0.946997   -0.910531

 [*,3,*]
:       1            2           3        :=
1   -0.0957252   -0.784412   -1.01342
2   -0.741297     0.111523   -1.0436
3    0.197248     0.790381   -0.993318
4    0.844314    -0.104473   -0.96305
;

np :=
1 1   -0.0434034
1 2    0.444191
1 3    0.698951
2 1   -0.184576
2 2   -0.921016
2 3    4.60449e-10
3 1    0.000181394
3 2    5.47106e-05
3 3   -0.975667
;

vp :=
1 1   -0.109487
1 2    0.575693
1 3    0.802514
2 1   -0.176358
2 2   -1.00715
2 3   -0.118758
3 1    0.0513926
3 2    0.00289793
3 3   -1.00334
;

