solve_message = ' \
Ipopt 3.9.1: Optimal Solution Found'

Solve time:
_solve_time = 0.686404

Objective:
p :=
1 1    0.0124026
1 2   -0.000793885
1 3   -0.0644855
2 1   -0.00846287
2 2   -0.033937
2 3    0.0251392
3 1   -0.00393982
3 2    0.0347309
3 3    0.0393462
;

phi :=
1 1   0.0320158
1 2   0.187427
1 3   0.0523919
2 1   0.0375865
2 2   0.0755929
2 3   0.0511897
3 1   0.0721851
3 2   0.0402416
3 3   0.170178
4 1   0.0603232
4 2   0.101467
4 3   0.153916
;

l [*,1,*]
:       1           2           3        :=
1   -0.723203   -0.353556   -1.00648
2   -0.175631    0.708114   -1.10661
3    0.782624    0.228779   -1.06991
4    0.236578   -0.833654   -0.969726

 [*,2,*]
:        1            2           3        :=
1   -0.00446642   -1.09072     0.676627
2   -0.973586     -0.764816    0.31465
3   -0.57719      -0.811549   -0.791526
4    0.392561     -1.13753    -0.431311

 [*,3,*]
:       1           2           3        :=
1    0.0357784   1.03927    -0.752096
2   -0.906644    0.900117   -0.111892
3   -0.285667    0.950318    0.814615
4    0.657744    1.08955     0.175886
;

np :=
1 1    0.000710155
1 2   -4.54594e-05
1 3   -0.94589
2 1   -0.240815
2 2   -0.965692
2 3    0.0012944
3 1   -0.111674
3 2    0.984449
3 3    0.0297803
;

vp :=
1 1    0.0298744
1 2   -0.0630023
1 3   -1.03814
2 1   -0.290284
2 2   -0.951284
2 3   -0.0577462
3 1   -0.124321
3 2    0.994869
3 3    0.0313736
;

