solve_message = ' \
Ipopt 3.9.1: Optimal Solution Found'

Solve time:
_solve_time = 0.951606

Objective:
p :=
1 1   -0.00368789
1 2   -0.016517
1 3   -0.0651361
2 1   -0.00342607
2 2    0.0352693
2 3    0.000119388
3 1    0.00711341
3 2   -0.0187449
3 3    0.0650166
;

phi :=
1 1   0.0659092
1 2   0.0272822
1 3   0.0364836
2 1   0.0480813
2 2   0.0216763
2 3   0.131976
3 1   0.145183
3 2   0.0733066
3 3   0.188536
4 1   0.162194
4 2   0.0791969
4 3   0.0535747
;

l [*,1,*]
:       1           2           3        :=
1   -1.17521    -0.368987   -0.336158
2   -0.628839    0.774035   -0.808427
3   -0.013458    0.299803   -1.24886
4   -0.558851   -0.843975   -0.777294

 [*,2,*]
:       1          2           3        :=
1   -0.849468   1.00002    -0.249481
2   -0.57958    0.996989    0.663057
3    0.691402   1.09362     0.294219
4    0.423538   1.0968     -0.618906

 [*,3,*]
:       1           2          3        :=
1   -0.587454    0.349062   1.08483
2   -0.121282   -0.779454   1.01184
3    0.830931   -0.380936   0.901157
4    0.366275    0.748214   0.973979
;

np :=
1 1   -0.00134685
1 2   -0.00602868
1 3   -1.01474
2 1   -0.105423
2 2    1.08526
2 3    7.03352e-20
3 1    0.00718094
3 2   -0.018922
3 3    1.00179
;

vp :=
1 1   -0.594307
1 2   -0.0352368
1 3   -0.792497
2 1   -0.0786341
2 2    1.04686
2 3    0.0218585
3 1    0.121932
3 2   -0.0153286
3 3    0.992981
;

