solve_message = ' \
Ipopt 3.9.1: Optimal Solution Found'

Solve time:
_solve_time = 0.670804

Objective:
p :=
1 1    0.000553104
1 2   -0.0350076
1 3   -0.0331959
2 1    0.00353514
2 2    0.000176976
2 3    0.0657252
3 1   -0.00405091
3 2    0.0347835
3 3   -0.0325265
;

phi :=
1 1   0.104259
1 2   0.0498519
1 3   0.0583436
2 1   0.058688
2 2   0.0486787
2 3   0.0997647
3 1   0.092416
3 2   0.0476807
3 3   0.1653
4 1   0.164908
4 2   0.0488654
4 3   0.0964805
;

l [*,1,*]
:       1            2           3        :=
1    0.799814    -0.983706   -0.190586
2    0.0547804   -1.00863     0.789407
3   -0.764674    -1.01572     0.167878
4   -0.0209452   -0.990803   -0.813106

 [*,2,*]
:       1           2          3        :=
1    0.893734    0.459622   0.828926
2   -0.163437    0.699877   1.07925
3   -0.403868   -0.43206    1.15263
4    0.65292    -0.674117   0.902425

 [*,3,*]
:       1           2           3        :=
1    0.0177786   1.01949     0.778146
2    0.671143    1.08527    -0.130995
3   -0.247255    0.97132    -0.800451
4   -0.902083    0.905358    0.107623
;

np :=
1 1    0.0158354
1 2   -1.00227
1 3   -0.00906127
2 1   -2.83332e-07
2 2    1.56867e-07
2 3    1.08077
3 1   -0.11611
3 2    0.996987
3 3   -0.00785711
;

vp :=
1 1    0.0175405
1 2   -0.999706
1 3   -0.0119925
2 1    0.245258
2 2    0.0132342
2 3    0.990707
3 1   -0.115365
3 2    0.995332
3 3   -0.0110573
;

