solve_message = ' \
Ipopt 3.9.1: Optimal Solution Found'

Solve time:
_solve_time = 0.982806

Objective:
p :=
1 1    0.0156918
1 2   -0.0210591
1 3   -0.0649678
2 1    0.0146911
2 2    0.0314508
2 3    0.00735833
3 1   -0.0304052
3 2   -0.0103653
3 3    0.0576095
;

phi :=
1 1   0.248944
1 2   0
1 3   0
2 1   0.0514477
2 2   0
2 3   0.0318015
3 1   0
3 2   0.152692
3 3   0.1941
4 1   0.117772
4 2   0.155
4 3   0.116082
;

l [*,1,*]
:       1           2           3        :=
1   -0.17027    -0.234468   -1.25006
2    0.221009    0.716442   -1.03153
3    1.16742     0.202973   -0.477916
4    0.777646   -0.748754   -0.695563

 [*,2,*]
:       1          2           3        :=
1    0.989      0.706544    0.344591
2    0.428733   0.942742   -0.673238
3   -0.417101   1.11559    -0.177254
4    0.141819   0.879669    0.841366

 [*,3,*]
:       1            2          3        :=
1    1.20652      0.234306   0.349451
2    0.364215     0.712739   0.903256
3   -0.0433558   -0.294619   1.15515
4    0.798299    -0.774656   0.601749
;

np :=
1 1    0.0800044
1 2   -0.107368
1 3   -0.996537
2 1    0.3995
2 2    0.855248
2 3    2.38108e-07
3 1   -0.519207
3 2   -0.177029
3 3    0.429596
;

vp :=
1 1    0.498795
1 2   -0.0163308
1 3   -0.863855
2 1    0.285836
2 2    0.911042
2 3    0.0842718
3 1    0.581755
3 2   -0.0307487
3 3    0.752181
;

