solve_message = ' \
Ipopt 3.9.1: Optimal Solution Found'

Solve time:
_solve_time = 2.01241

Objective:
p :=
1 1    0.00022702
1 2    0.0292075
1 3   -0.0629072
2 1   -0.0022688
2 2   -0.0349628
2 3   -0.00181293
3 1    0.00204183
3 2    0.0057553
3 3    0.0647202
;

phi :=
1 1   0.109723
1 2   0.0475573
1 3   0.136242
2 1   0.145632
2 2   0.0729265
2 3   0.0959873
3 1   0.0866366
3 2   0.0801382
3 3   0.0592242
4 1   0.0655628
4 2   0.0527669
4 3   0.0840784
;

l [*,1,*]
:       1           2           3        :=
1   -0.338337    1.02988    -0.681358
2    0.643869    0.768796   -0.796893
3    0.299903   -0.349356   -1.19547
4   -0.68285    -0.090054   -1.08057

 [*,2,*]
:       1           2           3        :=
1   -0.701951   -0.960385   -0.478662
2    0.394579   -1.02878    -0.657423
3    0.579744   -1.04022     0.477786
4   -0.51649    -0.971848    0.658354

 [*,3,*]
:       1            2          3        :=
1    0.404302     0.423465   1.12225
2   -0.658757     0.753204   0.773207
3   -0.979106    -0.288203   0.740233
4    0.0834421   -0.619602   1.08922
;

np :=
1 1    0.00221651
1 2    0.281809
1 3   -0.795262
2 1   -0.065228
2 2   -1.00518
2 3   -1.31279e-11
3 1    1.63852e-06
3 2    4.62314e-06
3 3    0.97025
;

vp :=
1 1   -0.019745
1 2    0.33992
1 3   -0.938529
2 1   -0.0614665
2 2   -1.00028
2 3    8.55233e-05
3 1   -0.287106
3 2    0.0670842
3 3    0.931368
;

solve_message = ' \
Ipopt 3.9.1: Optimal Solution Found'

Solve time:
_solve_time = 1.31041

Objective:
p :=
1 1    0.0148898
1 2    0.000548491
1 3    0.0658766
2 1   -0.00860935
2 2    0.0343727
2 3   -0.0379734
3 1   -0.00628054
3 2   -0.0349212
3 3   -0.027903
;

phi :=
1 1   0.0677133
1 2   0.00117359
1 3   0.0121813
2 1   0.0136879
2 2   0.0945578
2 3   0.190566
3 1   0.0215889
3 2   0
3 3   0.195943
4 1   0.0522394
4 2   0.364169
4 3   0.0785636
;

l [*,1,*]
:      1           2          3        :=
1   0.285784    0.495223   1.29931
2   0.570082   -0.694388   1.02422
3   1.22652    -0.341229   0.171158
4   0.943264    0.848946   0.444888

 [*,2,*]
:       1           2            3         :=
1    0.0147047   1.08421    -0.859367
2   -1.02664     0.81766     0.00142945
3   -0.464172    0.950675    0.752
4    0.578073    1.21743    -0.107601

 [*,3,*]
:       1           2           3        :=
1    0.715863   -1.08964     0.131078
2   -0.643122   -1.15227     0.510548
3   -0.904237   -1.00502    -0.34997
4    0.454333   -0.942153   -0.730811
;

np :=
1 1    0.00253225
1 2    9.32811e-05
1 3    1.09831
2 1   -0.264881
2 2    1.05753
2 3   -0.0232255
3 1   -0.194772
3 2   -1.08298
3 3   -0.00268633
;

vp :=
1 1    0.756298
1 2    0.0776121
1 3    0.735003
2 1   -0.224094
2 2    1.0176
2 3   -0.0537276
3 1   -0.0937493
3 2   -1.04725
3 3   -0.10994
;

