solve_message = ' \
Ipopt 3.9.1: Optimal Solution Found'

Solve time:
_solve_time = 0.998406

Objective:
p :=
1 1    0.0328777
1 2    0.000362174
1 3    0.0598129
2 1    0.00165542
2 2   -0.000606531
2 3   -0.0640222
3 1   -0.034533
3 2    0.000244397
3 3    0.00419333
;

phi :=
1 1   0.0517086
1 2   0.041226
1 3   0.150431
2 1   0.10071
2 2   0.0461208
2 3   0.0676928
3 1   0.145852
3 2   0.0556514
3 3   0.0788679
4 1   0.0734253
4 2   0.0494505
4 3   0.174881
;

l [*,1,*]
:      1           2          3        :=
1   1.31156     0.11274    0.135995
2   0.528236    0.745054   0.926776
3   0.189773   -0.107287   1.2764
4   0.97256    -0.740959   0.48618

 [*,2,*]
:      1           2            3        :=
1   0.775808   -0.0826124   -1.02003
2   1.01451     0.776405    -0.109055
3   1.15994     0.0528081    0.537497
4   0.921468   -0.807362    -0.372449

 [*,3,*]
:       1           2           3        :=
1   -1.06754     0.61572    -0.432635
2   -0.164449    0.457725   -1.17867
3   -0.274285   -0.617178   -1.08564
4   -1.17755    -0.460895   -0.339455
;

np :=
1 1    0.645644
1 2    0.00711228
1 3    0.558689
2 1    7.71993e-10
2 2   -2.83002e-10
2 3   -0.899334
3 1   -0.910393
3 2    0.00644315
3 3    4.16474e-10
;

vp :=
1 1    0.750844
1 2    0.00213488
1 3    0.706024
2 1    0.967836
2 2   -0.0155328
2 3   -0.241372
3 1   -0.671318
3 2   -0.0010943
3 3   -0.758802
;

