solve_message = ' \
Ipopt 3.9.1: Optimal Solution Found'

Solve time:
_solve_time = 1.01401

Objective:
p :=
1 1   -0.000770677
1 2    0.00817613
1 3    0.0653218
2 1    0.00706492
2 2   -0.034298
2 3   -0.00137142
3 1   -0.00629424
3 2    0.0261219
3 3   -0.0639504
;

phi :=
1 1   0.109096
1 2   0.0586794
1 3   0.0697048
2 1   0.0610638
2 2   0.0569177
2 3   0.0846609
3 1   0.0759417
3 2   0.0535493
3 3   0.15033
4 1   0.135461
4 2   0.0552239
4 3   0.12436
;

l [*,1,*]
:       1           2           3        :=
1   0.0348506    0.125133    1.27626
2   0.530413    -0.767319    0.883129
3   1.25219     -0.0921161   0.258393
4   0.757777     0.801412    0.650527

 [*,2,*]
:       1           2           3        :=
1    0.782851   -0.868619    0.525781
2   -0.425773   -1.09017     0.520221
3   -0.421233   -1.09702    -0.510519
4    0.787398   -0.875483   -0.506601

 [*,3,*]
:       1           2           3        :=
1   -0.550445   -0.585801   -1.00068
2   -1.23077    -0.205835   -0.283701
3   -0.79055     0.900921   -0.451505
4   -0.109526    0.522719   -1.16875
;

np :=
1 1   -3.6653e-06
1 2    3.8962e-05
1 3    1.03517
2 1    0.202483
2 2   -0.982991
2 3   -1.86119e-12
3 1   -0.0368079
3 2    0.152777
3 3   -0.892292
;

vp :=
1 1    0.64361
1 2    0.0171332
1 3    0.767233
2 1    0.181292
2 2   -0.982735
2 3    0.00722251
3 1   -0.670051
3 2    0.15785
3 3   -0.726445
;

