solve_message = ' \
Ipopt 3.9.1: Optimal Solution Found'

Solve time:
_solve_time = 0.889206

Objective:
p :=
1 1    0.0127891
1 2   -0.0323793
1 3   -0.0117476
2 1   -0.0142401
2 2   -0.00170581
2 3    0.0651181
3 1    0.00145012
3 2    0.0340851
3 3   -0.0533705
;

phi :=
1 1   0.160081
1 2   0.0796605
1 3   0.118882
2 1   0.0983551
2 2   0.0754872
2 3   0.165266
3 1   0.0490824
3 2   0.0486296
3 3   0.0598194
4 1   0.067342
4 2   0.0530586
4 3   0.0599811
;

l [*,1,*]
:       1            2           3        :=
1    0.0336733   -1.13469    -0.603219
2    0.908426    -0.756357   -0.469096
3    0.68062     -0.68324     0.797371
4   -0.194496    -1.06145     0.665266

 [*,2,*]
:       1           2          3        :=
1   -0.688884    0.478694   0.96411
2   -0.461626   -0.695201   0.986304
3    0.586629   -0.492132   1.04147
4    0.36104     0.682087   1.01937

 [*,3,*]
:       1          2           3        :=
1   -0.106901   0.705321   -1.06754
2   -0.724989   0.934062   -0.498285
3    0.238719   1.16798     0.451047
4    0.858342   0.939613   -0.116694
;

np :=
1 1    0.353879
1 2   -0.895945
1 3   -6.29869e-06
2 1   -0.00192535
2 2   -0.000230663
2 3    1.01279
3 1    0.0355362
3 2    0.83528
3 3   -0.251603
;

vp :=
1 1    0.356707
1 2   -0.909085
1 3    0.0975274
2 1   -0.0508006
2 2   -0.00616999
2 3    1.00281
3 1    0.0665391
3 2    0.936654
3 3   -0.308094
;

