solve_message = ' \
Ipopt 3.9.1: Optimal Solution Found'

Solve time:
_solve_time = 1.38841

Objective:
p :=
1 1    0.000744182
1 2    0.0352472
1 3    0.0330176
2 1    0.00153946
2 2   -0.000591583
2 3   -0.0647148
3 1   -0.002286
3 2   -0.0347185
3 3    0.0316954
;

phi :=
1 1   0.0692132
1 2   0.0364616
1 3   0.176833
2 1   0.0670637
2 2   0.051899
2 3   0.0537297
3 1   0.139247
3 2   0.0430127
3 3   0.0519639
4 1   0.157075
4 2   0.0295605
4 3   0.158721
;

l [*,1,*]
:       1          2            3         :=
1    0.232507   1.01778    -0.770428
2   -0.852329   0.971991   -0.0139951
3   -0.321339   1.00154     0.753495
4    0.764342   1.04737    -0.00171529

 [*,2,*]
:       1            2           3        :=
1   -1.2173      -0.178651   -0.379523
2   -0.527011     0.882359   -0.767194
3    0.0565787    0.328769   -1.24873
4   -0.632785    -0.733123   -0.86183

 [*,3,*]
:       1            2           3         :=
1   -0.1083      -1.11505     0.700079
2   -0.866915    -0.957131   -0.244825
3   -0.0471454   -0.950507   -0.909304
4    0.712775    -1.10842     0.0345414
;

np :=
1 1    0.0222091
1 2    1.0519
1 3    0.00872622
2 1    2.82611e-10
2 2    5.68002e-11
2 3   -0.969692
3 1   -0.0630383
3 2   -0.957391
3 3    0.00655516
;

vp :=
1 1   -0.0437721
1 2    1.00969
1 3   -0.00846199
2 1   -0.580405
2 2    0.0744154
2 3   -0.814166
3 1   -0.077094
3 2   -1.03284
3 3   -0.104501
;

