solve_message = ' \
Ipopt 3.9.1: Optimal Solution Found'

Solve time:
_solve_time = 0.873606

Objective:
p :=
1 1   -0.00619622
1 2   -0.0342577
1 3   -0.0442966
2 1    0.0117443
2 2   -0.000326132
2 3    0.0650483
3 1   -0.00554807
3 2    0.0345839
3 3   -0.0207517
;

phi :=
1 1   0.116321
1 2   0.0693001
1 3   0.109266
2 1   0.140424
2 2   0.0654203
2 3   0.138602
3 1   0.0794651
3 2   0.0487566
3 3   0.0842908
4 1   0.0654158
4 2   0.0522168
4 3   0.0662455
;

l [*,1,*]
:       1            2           3        :=
1   -0.914422    -0.825423   -0.356232
2    0.0424056   -0.965479   -0.843378
3    0.552172    -1.13822     0.206372
4   -0.403844    -0.998439    0.69519

 [*,2,*]
:      1          2          3        :=
1   1.12459   -0.476511   0.381845
2   1.0747     0.549187   0.428632
3   0.10989    0.467993   1.18867
4   0.15824   -0.557834   1.14309

 [*,3,*]
:       1          2           3        :=
1    0.525384   1.10463    -0.385558
2   -0.532131   0.915343   -0.722712
3   -0.87039    0.868426    0.362078
4    0.186587   1.05764     0.70096
;

np :=
1 1   -0.171452
1 2   -0.947928
1 3   -0.0682649
2 1    0.00048008
2 2   -1.33315e-05
2 3    1.00521
3 1   -0.159226
3 2    0.992535
3 3   -0.000338055
;

vp :=
1 1   -0.181303
1 2   -0.981835
1 3   -0.0743176
2 1    0.616874
2 2   -0.00469987
2 3    0.785539
3 1   -0.172216
3 2    0.986585
3 3   -0.0111731
;

