solve_message = ' \
Ipopt 3.9.1: Optimal Solution Found'

Solve time:
_solve_time = 0.530403

Objective:
p :=
1 1   -0.0187035
1 2   -0.0187709
1 3    0.0644055
2 1    0.025465
2 2   -0.0154149
2 3   -0.061108
3 1   -0.00676114
3 2    0.034186
3 3   -0.00329748
;

phi :=
1 1   0
1 2   0.0250026
1 3   0.0863046
2 1   0
2 2   0
2 3   0.352378
3 1   0.244269
3 2   0.0190578
3 3   0.000133305
4 1   0.0494122
4 2   0.307265
4 3   0
;

l [*,1,*]
:       1           2          3        :=
1    0.473531    0.49158    1.07693
2   -0.626985    0.495438   0.987284
3   -0.626745   -0.655053   0.890466
4    0.473771   -0.660743   0.979956

 [*,2,*]
:      1           2           3         :=
1   1.20448     0.40216    -0.0148225
2   0.44399     0.429206    1.03926
3   0.386306   -0.501429    1.01709
4   1.1467     -0.529957   -0.0370289

 [*,3,*]
:       1          2           3        :=
1    0.502418   1.02968    -0.459024
2   -0.732687   0.964495   -0.370106
3   -0.655251   0.87934     0.625622
4    0.579977   0.94439     0.53829
;

np :=
1 1   -0.10064
1 2   -0.101002
1 3    0.937705
2 1    0.275353
2 2   -0.166681
2 3   -0.649072
3 1   -0.188202
3 2    0.951595
3 3   -8.64684e-10
;

vp :=
1 1   -0.0761685
1 2   -0.0821966
1 3    0.983694
2 1    0.795671
2 2   -0.0500162
2 3    0.500705
3 1   -0.0758934
3 2    0.954502
3 3    0.0836603
;

