solve_message = ' \
Ipopt 3.9.1: Optimal Solution Found'

Solve time:
_solve_time = 1.37281

Objective:
p :=
1 1    0.00531785
1 2    0.000119265
1 3   -0.0639723
2 1   -0.00202286
2 2    0.0341716
2 3    0.0555406
3 1   -0.00329502
3 2   -0.0342903
3 3    0.00842309
;

phi :=
1 1   0.0536353
1 2   0.0556364
1 3   0.0553255
2 1   0.0550967
2 2   0.0584695
2 3   0.0702093
3 1   0.060297
3 2   0.179583
3 3   0.147195
4 1   0.0589513
4 2   0.139255
4 3   0.106717
;

l [*,1,*]
:       1           2           3        :=
1   -0.892451   -0.356872   -0.852127
2   -0.64268     0.647266   -0.916883
3    0.523621    0.343088   -1.16456
4    0.275708   -0.661534   -1.1002

 [*,2,*]
:       1          2           3        :=
1    0.209779   1.07719    -0.515646
2   -0.771415   0.964209   -0.10731
3   -0.305592   0.814782    0.97087
4    0.676344   0.927528    0.564251

 [*,3,*]
:       1           2           3        :=
1   -0.55188    -0.821621   -0.692032
2    0.518837   -0.830522   -0.70094
3    0.526244   -1.13463     0.421883
4   -0.544462   -1.12621     0.432579
;

np :=
1 1    1.87209e-06
1 2    4.19878e-08
1 3   -0.894438
2 1   -0.0505871
2 2    0.854552
2 3    0.332566
3 1   -0.085583
3 2   -0.89064
3 3    6.04168e-07
;

vp :=
1 1   -0.18405
1 2   -0.00741322
1 3   -1.00842
2 1   -0.0473299
2 2    0.945973
2 3    0.227879
3 1   -0.0132417
3 2   -0.978243
3 3   -0.134623
;

