solve_message = ' \
Ipopt 3.9.1: Optimal Solution Found'

Solve time:
_solve_time = 2.55842

Objective:
p :=
1 1   -0.0152967
1 2   -0.0236053
1 3    0.0623332
2 1   -0.0186698
2 2    0.0175189
2 3   -0.0650525
3 1    0.0339643
3 2    0.00608819
3 3    0.00271933
;

phi :=
1 1   0.0445406
1 2   0.106971
1 3   0.0873195
2 1   0.0722996
2 2   0.171194
2 3   0.0707948
3 1   0.10657
3 2   0.128998
3 3   0.0418589
4 1   0.0737797
4 2   0.0762834
4 3   0.0548072
;

l [*,1,*]
:       1           2           3        :=
1    0.686462   -0.653396    0.900702
2    0.212315    0.33404     1.22468
3   -0.813546   -0.0768135   0.995208
4   -0.341033   -1.0649      0.670865

 [*,2,*]
:       1           2           3        :=
1    0.327266   -0.637601   -1.06542
2   -0.635477   -0.347585   -1.06761
3   -0.274219    0.841912   -0.890177
4    0.6891      0.553791   -0.887702

 [*,3,*]
:      1           2          3        :=
1   0.200069    0.805144   0.902919
2   0.20004    -0.315625   1.17018
3   1.06929    -0.473771   0.528657
4   1.07071     0.646746   0.260372
;

np :=
1 1   -0.117744
1 2   -0.181669
1 3    0.745836
2 1   -0.0817137
2 2    0.0766797
2 3   -1.00567
3 1    0.890924
3 2    0.159704
3 3    2.24284e-10
;

vp :=
1 1   -0.0637616
1 2   -0.365662
1 3    0.947734
2 1    0.0270515
2 2    0.102514
2 3   -0.977726
3 1    0.635028
3 2    0.16607
3 3    0.715426
;

