solve_message = ' \
Ipopt 3.9.1: Optimal Solution Found'

Solve time:
_solve_time = 0.842405

Objective:
p :=
1 1    0.0169608
1 2    0.0168911
1 3   -0.0645763
2 1   -0.0348638
2 2   -0.000260577
2 3   -3.49899e-05
3 1    0.0178935
3 2   -0.0166324
3 3    0.0646122
;

phi :=
1 1   0.0830308
1 2   0.056179
1 3   0.0982338
2 1   0.0540751
2 2   0.0661361
2 3   0.0893426
3 1   0.070214
3 2   0.060629
3 3   0.140928
4 1   0.106902
4 2   0.0515626
4 3   0.158516
;

l [*,1,*]
:       1           2           3        :=
1    0.411803   -0.629862   -1.04038
2   -0.636834   -0.32617    -1.06526
3   -0.315718    0.793915   -0.952796
4    0.733429    0.492007   -0.927739

 [*,2,*]
:       1           2           3        :=
1   -1.08732     0.606603   -0.332861
2   -0.20179     0.319465   -1.23018
3   -0.345761   -0.621023   -1.07402
4   -1.23152    -0.335384   -0.176446

 [*,3,*]
:       1           2          3        :=
1   -0.410499    0.533537   1.09325
2   -0.52821    -0.634201   0.975862
3    0.546338   -0.735227   0.892245
4    0.665761    0.432351   1.0095
;

np :=
1 1    0.0495873
1 2    0.0493835
1 3   -0.95525
2 1   -0.97324
2 2   -0.00727413
2 3   -1.41332e-22
3 1    0.059117
3 2   -0.0549504
3 3    0.958978
;

vp :=
1 1    0.0485879
1 2    0.0823518
1 3   -0.996533
2 1   -0.716949
2 2   -0.00747061
2 3   -0.703019
3 1    0.0683945
3 2   -0.10042
3 3    0.992762
;

