solve_message = ' \
Ipopt 3.9.1: Optimal Solution Found'

Solve time:
_solve_time = 0.608404

Objective:
p :=
1 1   -0.00016311
1 2    0.0331001
1 3   -0.0573627
2 1   -0.00250148
2 2   -0.034915
2 3   -0.00777354
3 1    0.00266458
3 2    0.00181488
3 3    0.0651362
;

phi :=
1 1   0.116137
1 2   0.0796656
1 3   0.0761641
2 1   0.100576
2 2   0.0754974
2 3   0.069716
3 1   0.0872893
3 2   0.0954823
3 3   0.064745
4 1   0.100559
4 2   0.0998249
4 3   0.0708239
;

l [*,1,*]
:       1          2           3        :=
1    0.20292    0.443365   -1.18627
2   -0.764632   0.689914   -0.764723
3   -0.234206   1.25569     0.123643
4    0.734192   1.01004    -0.296493

 [*,2,*]
:       1           2           3        :=
1    0.402355   -1.0705      0.584391
2   -0.659053   -0.989111    0.486058
3   -0.544762   -0.925047   -0.700021
4    0.516828   -1.00633    -0.603577

 [*,3,*]
:       1           2          3        :=
1    0.6003      0.601243   0.95782
2   -0.545585    0.586615   0.998612
3   -0.530771   -0.529022   1.04386
4    0.615137   -0.51617    1.00314
;

np :=
1 1   -0.00333432
1 2    0.676638
1 3   -0.416883
2 1   -0.0715264
2 2   -0.998346
2 3   -3.49894e-07
3 1    4.64061e-08
3 2    3.15622e-08
3 3    1.01476
;

vp :=
1 1   -0.0150457
1 2    0.849654
1 3   -0.531129
2 1   -0.070735
2 2   -0.997781
2 3   -0.0582485
3 1    0.0352271
3 2    0.0356718
3 3    1.00084
;

