solve_message = ' \
Ipopt 3.9.1: Optimal Solution Found'

Solve time:
_solve_time = 1.37281

Objective:
p :=
1 1    0.00145061
1 2    0.0349995
1 3   -0.00668671
2 1   -0.00124116
2 2   -0.00226772
2 3    0.0650331
3 1   -0.000209439
3 2   -0.0327317
3 3   -0.0583464
;

phi :=
1 1   0.0933634
1 2   0.0583151
1 3   0.109083
2 1   0.0982785
2 2   0.0734351
2 3   0.127626
3 1   0.0720697
3 2   0.0858803
3 3   0.0976404
4 1   0.0686042
4 2   0.068407
4 3   0.0835439
;

l [*,1,*]
:        1           2           3         :=
1    0.00682016   1.00198    -0.800332
2   -0.753862     1.03462     0.0772561
3    0.076461     0.99959     0.799648
4    0.838465     0.966899   -0.0767899

 [*,2,*]
:       1           2          3        :=
1    0.952009    0.342541   0.78793
2   -0.129736    0.688019   1.07446
3   -0.443993   -0.35461    1.14977
4    0.637252   -0.701748   0.863367

 [*,3,*]
:       1           2           3        :=
1   -0.5601     -1.14572    -0.137048
2   -0.61865    -0.485089   -1.01364
3    0.543496   -0.454537   -1.06907
4    0.603896   -1.11512    -0.192566
;

np :=
1 1    0.0416561
1 2    1.00505
1 3   -1.21926e-07
2 1   -5.75787e-09
2 2   -1.05203e-08
2 3    1.00357
3 1   -0.00400359
3 2   -0.625691
3 3   -0.469576
;

vp :=
1 1    0.0422746
1 2    1.00076
1 3   -0.000403999
2 1    0.254314
2 2   -0.0065876
2 3    0.968768
3 1   -0.00781557
3 2   -0.800381
3 3   -0.602729
;

