solve_message = ' \
Ipopt 3.9.1: Optimal Solution Found'

Solve time:
_solve_time = 0.561604

Objective:
p :=
1 1   -0.0202209
1 2   -0.0127355
1 3    0.0652155
2 1    0.0105806
2 2   -0.0207618
2 3   -0.0645844
3 1    0.00963984
3 2    0.0334997
3 3   -0.000631097
;

phi :=
1 1   0.106576
1 2   0.113678
1 3   0.0619074
2 1   0.158024
2 2   0.14857
2 3   0.0607107
3 1   0.0831898
3 2   0.0827695
3 3   0.0473148
4 1   0.0569268
4 2   0.0674018
4 3   0.0484279
;

l [*,1,*]
:       1             2           3        :=
1   -0.705787    -0.0944738    1.07054
2    0.112235    -0.849405     0.959739
3    0.887599    -0.00511809   0.928396
4    0.0708119    0.751158     1.03915

 [*,2,*]
:       1           2           3        :=
1    0.492551   -0.337061   -1.16576
2   -0.421612   -0.865799   -0.886729
3   -1.01526     0.206149   -0.776861
4   -0.102043    0.736594   -1.05571

 [*,3,*]
:       1          2           3        :=
1    0.97861    0.781993    0.352023
2    0.700319   0.878504   -0.671487
3   -0.419676   1.19644    -0.337228
4   -0.143169   1.10043     0.686815
;

np :=
1 1   -0.0585324
1 2   -0.0368652
1 3    1.02344
2 1    0.0263291
2 2   -0.0516645
2 3   -0.956094
3 1    0.268839
3 2    0.934251
3 3   -8.13145e-15
;

vp :=
1 1    0.0908892
1 2   -0.0491587
1 3    0.999499
2 1   -0.261227
2 2   -0.0648184
2 3   -0.971376
3 1    0.279132
3 2    0.989304
3 3    0.00793879
;

