solve_message = ' \
Ipopt 3.9.1: Optimal Solution Found'

Solve time:
_solve_time = 0.748805

Objective:
p :=
1 1    0.00584427
1 2    0.0348997
1 3   -0.0250827
2 1    0.00256929
2 2   -0.000480991
2 3    0.0650467
3 1   -0.00841828
3 2   -0.0344119
3 3   -0.0399139
;

phi :=
1 1   0.21445
1 2   0.0422934
1 3   0.101387
2 1   0.113705
2 2   0.0502517
2 3   0.0508868
3 1   0.048268
3 2   0.0858286
3 3   0.0657537
4 1   0.0401531
4 2   0.0435087
4 3   0.176993
;

l [*,1,*]
:       1          2           3         :=
1    0.227345   1.02849    -0.767336
2   -0.622488   1.13725    -0.0932651
3    0.1007     0.980629    0.840901
4    0.951685   0.871622    0.168318

 [*,2,*]
:       1            2          3        :=
1    0.287852     0.784647   1.00323
2   -0.655828     0.264332   1.09598
3   -0.0725044   -0.815432   1.01447
4    0.872105    -0.296838   0.921584

 [*,3,*]
:       1           2           3        :=
1    0.63384    -1.07303     0.305441
2   -0.180358   -0.945934    0.882731
3   -0.934355   -0.901483   -0.218464
4   -0.121358   -1.0285     -0.797508
;

np :=
1 1    0.178327
1 2    1.0649
1 3   -0.00123861
2 1    1.21271e-08
2 2   -2.11155e-09
2 3    1.00504
3 1   -0.258658
3 2   -1.05733
3 3   -0.0329197
;

vp :=
1 1    0.164649
1 2    1.00445
1 3    0.0368863
2 1    0.108282
2 2   -0.0156157
2 3    1.00878
3 1   -0.150233
3 2   -0.987288
3 3    0.0428198
;

