solve_message = ' \
Ipopt 3.9.1: Optimal Solution Found'

Solve time:
_solve_time = 2.12161

Objective:
p :=
1 1    0.0346421
1 2    0.00355157
1 3   -0.00875151
2 1   -0.0227915
2 2   -0.0236788
2 3   -0.0558071
3 1   -0.0118504
3 2    0.020127
3 3    0.0645586
;

phi :=
1 1   0.0283041
1 2   0.152866
1 3   0.032809
2 1   0.0843363
2 2   0.0354618
2 3   0.13163
3 1   0.243878
3 2   0.0289033
3 3   0.090729
4 1   0.0751648
4 2   0.107338
4 3   0.0226081
;

l [*,1,*]
:      1           2          3        :=
1   0.298887   -0.42888    1.1709
2   1.0847     -0.578959   0.359403
3   1.14876     0.534948   0.212786
4   0.363045    0.6868     1.02405

 [*,2,*]
:       1            2           3        :=
1   -0.0967577   -0.766209   -1.04867
2   -0.123765    -1.17357     0.255877
3   -0.872457    -0.748879    0.372236
4   -0.846641    -0.340842   -0.932123

 [*,3,*]
:       1           2            3        :=
1   -0.505037    0.162835     1.16807
2   -0.984333    0.791177     0.209752
3   -1.25499    -0.0842222   -0.230667
4   -0.776123   -0.713958     0.726954
;

np :=
1 1    0.960228
1 2    0.0984444
1 3   -8.01988e-07
2 1   -0.446413
2 2   -0.463792
2 3   -0.343901
3 1   -0.0299005
3 2    0.0507839
3 3    0.953426
;

vp :=
1 1    0.723535
1 2    0.0535374
1 3    0.692109
2 1   -0.484895
2 2   -0.757212
2 3   -0.338689
3 1   -0.87993
3 2    0.0387073
3 3    0.46891
;

