solve_message = ' \
Ipopt 3.9.1: Optimal Solution Found'

Solve time:
_solve_time = 0.982806

Objective:
p :=
1 1    0.00181588
1 2   -0.00815792
1 3    0.0652707
2 1   -0.00580876
2 2   -0.0267295
2 3   -0.0641892
3 1    0.00399327
3 2    0.0348874
3 3   -0.00108149
;

phi :=
1 1   0.142744
1 2   0.165569
1 3   0.0455101
2 1   0.0873481
2 2   0.116205
2 3   0.0630981
3 1   0.0593981
3 2   0.0574384
3 3   0.0551762
4 1   0.110273
4 2   0.0935493
4 3   0.0402714
;

l [*,1,*]
:       1           2          3        :=
1    0.167333   -0.796885   0.99174
2    1.00371    -0.2749     0.751905
3    0.388817    0.794654   0.930984
4   -0.448544    0.274372   1.1711

 [*,2,*]
:       1           2           3        :=
1   -0.411116   -0.869427   -0.853435
2   -0.834401    0.17256    -0.955602
3    0.211689    0.588157   -1.12224
4    0.63664    -0.453168   -1.02034

 [*,3,*]
:       1           2           3        :=
1    0.0266572   1.01072    -0.774807
2   -0.60023     1.08531     0.321794
3    0.247016    0.952708    0.816928
4    0.875252    0.877901   -0.278884
;

np :=
1 1    9.58011e-06
1 2   -4.31443e-05
1 3    1.02952
2 1   -0.0377987
2 2   -0.173985
2 3   -0.915886
3 1    0.116365
3 2    1.01663
3 3   -3.52999e-13
;

vp :=
1 1    0.277497
1 2   -0.000897655
1 3    0.961529
2 1   -0.0991279
2 2   -0.140885
2 3   -0.987866
3 1    0.137424
3 2    0.981629
3 3    0.0208208
;

