solve_message = ' \
Ipopt 3.9.1: Optimal Solution Found'

Solve time:
_solve_time = 0.764405

Objective:
p :=
1 1    0.00627132
1 2   -0.0342411
1 3    0.0446305
2 1   -0.00553766
2 2   -0.000910143
2 3   -0.0648879
3 1   -0.00073366
3 2    0.0351512
3 3    0.0202574
;

phi :=
1 1   0.0758935
1 2   0.0518626
1 3   0.0687842
2 1   0.135536
2 2   0.0552938
2 3   0.0797154
3 1   0.133151
3 2   0.0565791
3 3   0.135519
4 1   0.0737
4 2   0.0531333
4 3   0.11646
;

l [*,1,*]
:       1           2           3         :=
1    0.167318   -1.04694    -0.720842
2    0.966361   -0.829316    0.148737
3    0.199435   -0.914953    0.876627
4   -0.600829   -1.13272     0.0082077

 [*,2,*]
:       1           2           3         :=
1   -1.01099     0.717783   -0.331691
2   -0.375455    0.407551   -1.15847
3   -0.578446   -0.718947   -0.892567
4   -1.2143     -0.410509   -0.0653615

 [*,3,*]
:       1          2           3        :=
1   -0.338396   1.00264    -0.715527
2   -0.766541   0.970064    0.323098
3    0.284888   0.99148     0.758288
4    0.714708   1.02409    -0.279644
;

np :=
1 1    0.173443
1 2   -0.946988
1 3    0.0719501
2 1   -2.68865e-06
2 2   -4.41894e-07
2 3   -0.987994
3 1   -0.0215392
3 2    1.03199
3 3    0.000285557
;

vp :=
1 1    0.182753
1 2   -0.981069
1 3    0.0778364
2 1   -0.795051
2 2   -0.000907201
2 3   -0.611693
3 1   -0.0261643
3 2    0.997081
3 3    0.02114
;

