solve_message = ' \
Ipopt 3.9.1: Optimal Solution Found'

Solve time:
_solve_time = 1.12321

Objective:
p :=
1 1    0.0075783
1 2   -0.00541598
1 3    0.0650704
2 1   -0.0152267
2 2   -0.0287556
2 3   -0.0589531
3 1    0.00764838
3 2    0.0341716
3 3   -0.00611733
;

phi :=
1 1   0.0845571
1 2   0.109117
1 3   0.0725243
2 1   0.0683715
2 2   0.0958785
2 3   0.0753283
3 1   0.0676482
3 2   0.109759
3 3   0.0758042
4 1   0.0869046
4 2   0.118419
4 3   0.0722825
;

l [*,1,*]
:       1           2          3        :=
1    0.659925   -0.776981   0.77802
2    1.15626     0.258951   0.488632
3    0.339433    0.782687   0.957808
4   -0.158203   -0.252411   1.24794

 [*,2,*]
:       1            2             3         :=
1   -0.88367     -0.923632    -0.00673151
2   -1.09843     -0.0591676   -0.64727
3   -0.119401    -0.263065    -1.24789
4    0.0969138   -1.12785     -0.608304

 [*,3,*]
:       1           2           3        :=
1    0.917509    0.812235    0.366348
2    0.385273    0.950729   -0.769346
3   -0.491402    1.13591    -0.33779
4    0.0394382   0.997707    0.798591
;

np :=
1 1    7.69308e-05
1 2   -5.498e-05
1 3    1.00761
2 1   -0.280863
2 2   -0.530412
2 3   -0.504839
3 1    0.219167
3 2    0.979199
3 3   -6.53941e-08
;

vp :=
1 1    0.499156
1 2    0.00264877
1 3    0.868217
2 1   -0.50106
2 2   -0.593774
2 3   -0.627293
3 1    0.212916
3 2    0.974089
3 3    0.0149036
;

