solve_message = ' \
Ipopt 3.9.1: Optimal Solution Found'

Solve time:
_solve_time = 1.02961

Objective:
p :=
1 1    0.0271671
1 2   -0.0180223
1 3    0.0586201
2 1   -0.0273374
2 2   -0.0170193
2 3   -0.0593833
3 1    0.000170328
3 2    0.0350416
3 3    0.000763152
;

phi :=
1 1   0.0989718
1 2   0.0844909
1 3   0.0777575
2 1   0.0886673
2 2   0.0906271
2 3   0.0772081
3 1   0.0807571
3 2   0.0958699
3 3   0.0833482
4 1   0.0906761
4 2   0.0861695
4 3   0.0822055
;

l [*,1,*]
:      1           2           3        :=
1   0.028404   -0.844633    0.963772
2   0.683434   -1.07422     0.143589
3   1.24528    -0.0400025   0.301987
4   0.591141    0.191229    1.12242

 [*,2,*]
:       1            2            3         :=
1   -0.319331     0.0530183   -1.24296
2   -0.0295702   -0.877288    -0.934499
3   -0.931686    -0.877673    -0.0860764
4   -1.22288      0.0526325   -0.393186

 [*,3,*]
:       1          2           3        :=
1    0.260206   0.976654   -0.790277
2   -0.728099   1.00615    -0.323258
3   -0.228695   1.02609     0.733944
4    0.760405   0.996628    0.268609
;

np :=
1 1    0.506967
1 2   -0.33632
1 3    0.485215
2 1   -0.473792
2 2   -0.294968
2 3   -0.531196
3 1    0.00490314
3 2    1.00842
3 3    3.04124e-14
;

vp :=
1 1    0.636803
1 2   -0.441814
1 3    0.633269
2 1   -0.625984
2 2   -0.411957
2 3   -0.664303
3 1    0.0163481
3 2    1.00137
3 3   -0.0279314
;

