solve_message = ' \
Ipopt 3.9.1: Optimal Solution Found'

Solve time:
_solve_time = 2.34002

Objective:
p :=
1 1   -0.0343412
1 2    0.00522809
1 3   -0.00139023
2 1    0.016613
2 2    0.0109099
2 3    0.0654332
3 1    0.0176839
3 2   -0.0161594
3 3   -0.064046
;

phi :=
1 1   0.0989357
1 2   0.144147
1 3   0.0505904
2 1   0.13034
2 2   0.0952188
2 3   0.0805607
3 1   0.0920298
3 2   0.0638471
3 3   0.0721373
4 1   0.0631659
4 2   0.0982522
4 3   0.0471683
;

l [*,1,*]
:       1           2            3         :=
1   -0.743566   -0.526298   -0.925571
2   -1.22612     0.161459    0.00257702
3   -0.685532    0.933063   -0.293529
4   -0.202115    0.246534   -1.22215

 [*,2,*]
:       1           2          3        :=
1   -0.060499   -0.466637   1.20021
2    0.85026    -0.68223    0.688014
3    1.05392     0.491389   0.55467
4    0.143482    0.708852   1.06665

 [*,3,*]
:      1           2           3        :=
1   1.25535     0.183559   -0.160962
2   0.637782   -0.84101    -0.720356
3   0.142142   -0.256854   -1.24522
4   0.75892     0.768646   -0.686664
;

np :=
1 1   -0.937751
1 2    0.142763
1 3   -1.80861e-12
2 1    0.0159065
2 2    0.0104492
2 3    1.04759
3 1    0.0519199
3 2   -0.0474385
3 3   -0.90168
;

vp :=
1 1   -0.714142
1 2    0.203415
1 3   -0.610038
2 1    0.496427
2 2    0.0129299
2 3    0.87759
3 1    0.698794
3 2   -0.0360061
3 3   -0.703078
;

