solve_message = ' \
Ipopt 3.9.1: Optimal Solution Found'

Solve time:
_solve_time = 1.10761

Objective:
p :=
1 1   -0.0176886
1 2   -0.0192041
1 3   -0.0635896
2 1    0.0349351
2 2    0.00305209
2 3   -0.00108524
3 1   -0.0172464
3 2    0.016152
3 3    0.0646748
;

phi :=
1 1   0.0830356
1 2   0.0378665
1 3   0.259881
2 1   0.0220086
2 2   0.0115024
2 3   0.0530822
3 1   0.0688977
3 2   0.0323271
3 3   0.0348195
4 1   0.21512
4 2   0.0744379
4 3   0.133671
;

l [*,1,*]
:      1           2           3         :=
1   1.02097     0.755224   -0.139889
2   1.05089     0.200778    0.661152
3   0.955357   -0.831356   -0.0483762
4   0.925283   -0.278555   -0.850548

 [*,2,*]
:      1           2          3        :=
1   0.515946    0.877324   0.775582
2   0.23217    -0.244331   1.24135
3   0.902573   -0.674137   0.618387
4   1.18742     0.446833   0.151624

 [*,3,*]
:       1           2           3         :=
1   -1.25485    -0.263502   0.00512824
2   -0.627902   -0.709644   0.864474
3   -0.350315    0.313047   1.19502
4   -0.976824    0.760818   0.336196
;

np :=
1 1   -0.0870898
1 2   -0.0945512
1 3   -0.857645
2 1    1.00986
2 2    0.0882261
2 3   -3.61242e-13
3 1   -0.0466533
3 2    0.0436927
3 3    0.965501
;

vp :=
1 1    0.988111
1 2   -0.0382566
1 3   -0.0947347
2 1    0.70964
2 2    0.101869
2 3    0.696551
3 1   -0.802723
3 2    0.0253581
3 3    0.599861
;

