solve_message = ' \
Ipopt 3.9.1: Optimal Solution Found'

Solve time:
_solve_time = 0.327602

Objective:
p :=
1 1   -0.0213725
1 2    0.0259343
1 3   -0.0568851
2 1    0.0341614
2 2    0.00582276
2 3    0.00886097
3 1   -0.0127878
3 2   -0.0317583
3 3    0.0480242
;

phi :=
1 1   0.145658
1 2   0.0671398
1 3   0
2 1   0.0622455
2 2   0.0288631
2 3   0.0562887
3 1   0.00186629
3 2   0.327437
3 3   0.142998
4 1   0.141024
4 2   0
4 3   0.094083
;

l [*,1,*]
:       1          2           3        :=
1   -0.588249   0.25833    -1.11883
2   -1.16809    0.551383   -0.1662
3   -0.338052   1.23451     0.128355
4    0.243114   0.942543   -0.823809

 [*,2,*]
:      1           2          3        :=
1   1.26114    -0.118158   0.121988
2   0.947805    0.752526   0.428315
3   0.157503    0.179659   1.25112
4   0.469581   -0.691938   0.946103

 [*,3,*]
:       1           2           3         :=
1   -0.261464   -0.881331    0.864207
2   -1.0181     -0.775495    0.178258
3   -0.230639   -1.00952    -0.730561
4    0.527251   -1.11573    -0.0460597
;

np :=
1 1   -0.478504
1 2    0.580637
1 3   -0.393186
2 1    0.919573
2 2    0.15674
2 3    8.74808e-07
3 1   -0.320057
3 2   -0.794854
3 3    0.120178
;

vp :=
1 1   -0.462589
1 2    0.746574
1 3   -0.495501
2 1    0.709133
2 2    0.0301751
2 3    0.686759
3 1   -0.245436
3 2   -0.945561
3 3    0.0667343
;

