solve_message = ' \
Ipopt 3.9.1: Optimal Solution Found'

Solve time:
_solve_time = 0.499203

Objective:
p :=
1 1   -0.0202752
1 2    0.0151756
1 3    0.0653731
2 1   -0.0146234
2 2   -0.0148635
2 3   -0.0649518
3 1    0.0348988
3 2   -0.000311986
3 3   -0.00042127
;

phi :=
1 1   0.0693858
1 2   0.151822
1 3   0.0415261
2 1   0.0738892
2 2   0.0800707
2 3   0.0655623
3 1   0.0775748
3 2   0.101776
3 3   0.078943
4 1   0.0735429
4 2   0.169396
4 3   0.0535345
;

l [*,1,*]
:       1           2          3        :=
1    1.11176     0.414735   0.371659
2    0.251741    0.86116    0.916416
3   -0.151067   -0.173913   1.26158
4    0.708309   -0.621987   0.717376

 [*,2,*]
:        1            2           3        :=
1   -0.803344      0.665051   -0.748075
2    0.212086      0.415046   -1.19631
3   -0.00921582   -0.683816   -1.08709
4   -1.025        -0.435561   -0.638679

 [*,3,*]
:      1           2          3        :=
1   1.04983     0.634951   0.37164
2   0.292866    0.539046   1.12551
3   0.362807   -0.64558    1.04607
4   1.11989    -0.551562   0.292066
;

np :=
1 1   -0.0831447
1 2    0.0622319
1 3    1.04088
2 1   -0.0186788
2 2   -0.0189856
2 3   -0.994823
3 1    0.980177
3 2   -0.00876252
3 3   -4.80125e-16
;

vp :=
1 1    0.480528
1 2    0.11982
1 3    0.816542
2 1   -0.406773
2 2   -0.00972074
2 3   -0.917358
3 1    0.70665
3 2   -0.0057485
3 3    0.708521
;

