solve_message = ' \
Ipopt 3.9.1: Optimal Solution Found'

Solve time:
_solve_time = 0.748805

Objective:
p :=
1 1   -0.00671679
1 2   -0.0117496
1 3    0.0647295
2 1    0.00165817
2 2   -0.0230667
2 3   -0.0640569
3 1    0.00505862
3 2    0.0348162
3 3   -0.000672603
;

phi :=
1 1   0.074919
1 2   0.245572
1 3   0.10789
2 1   0.229144
2 2   0.0514414
2 3   0.0168628
3 1   0.0652809
3 2   0.00887497
3 3   0.0240221
4 1   0.0166334
4 2   0.0746333
4 3   0.114044
;

l [*,1,*]
:       1           2          3        :=
1   0.0468925   -0.547267   1.1847
2   1.06093     -0.551107   0.545901
3   1.06044      0.559873   0.540009
4   0.046393     0.565482   1.1788

 [*,2,*]
:       1           2           3        :=
1   -1.05141    -0.508513   -0.591555
2   -0.933034   -0.467919    0.743882
3   -0.967712    0.471173    0.726462
4   -1.08614     0.432074   -0.609002

 [*,3,*]
:       1          2           3        :=
1   -0.171042   0.990295   -0.781318
2   -0.615101   1.06369     0.353972
3    0.348459   0.987714    0.737093
4    0.794053   0.914193   -0.397586
;

np :=
1 1   -0.000641518
1 2   -0.00112223
1 3    0.971233
2 1    0.00394254
2 2   -0.0548442
2 3   -0.902753
3 1    0.149096
3 2    1.02616
3 3   -1.27021e-14
;

vp :=
1 1    0.55326
1 2    0.00674717
1 3    0.862607
2 1   -1.00962
2 2   -0.018312
2 3    0.0669143
3 1    0.0892695
3 2    0.988945
3 3   -0.022412
;

