solve_message = ' \
Ipopt 3.9.1: Optimal Solution Found'

Solve time:
_solve_time = 0.436803

Objective:
p :=
1 1    0.00674792
1 2    0.00727545
1 3    0.0657522
2 1   -0.00712218
2 2   -0.0337947
2 3   -0.00144527
3 1    0.000374251
3 2    0.0265192
3 3   -0.0643069
;

phi :=
1 1   0.131026
1 2   0.0663956
1 3   0.085429
2 1   0.0843967
2 2   0.0551083
2 3   0.0970595
3 1   0.0614472
3 2   0.0408797
3 3   0.138179
4 1   0.101788
4 2   0.0490024
4 3   0.125076
;

l [*,1,*]
:       1           2          3        :=
1   -0.148037    0.775573   1.00436
2   -0.726025   -0.165117   1.03754
3    0.25731    -0.772268   0.98389
4    0.836864    0.167456   0.950628

 [*,2,*]
:       1           2           3         :=
1   -0.144442   -0.841511    0.925402
2   -0.915604   -0.885699    0.136594
3   -0.129496   -1.15527    -0.697269
4    0.642918   -1.11152     0.0902114

 [*,3,*]
:       1           2           3        :=
1    0.425844   -0.474805   -1.10846
2   -0.631779   -0.215851   -1.0935
3   -0.358819    0.884156   -0.836539
4    0.699239    0.626953   -0.851087
;

np :=
1 1    0.000100129
1 2    0.000107957
1 3    1.08387
2 1   -0.187865
2 2   -0.891419
2 3   -2.68684e-12
3 1    0.00202447
3 2    0.143453
3 3   -0.927707
;

vp :=
1 1    0.0552587
1 2    0.00178567
1 3    0.99409
2 1   -0.136348
2 2   -0.998483
2 3    0.114049
3 1    0.0340428
3 2    0.20501
3 3   -0.972403
;

