solve_message = ' \
Ipopt 3.9.1: Optimal Solution Found'

Solve time:
_solve_time = 0.577204

Objective:
p :=
1 1   -0.0182473
1 2    0.0245477
1 3   -0.0622286
2 1    0.0341679
2 2    0.00634912
2 3    0.0240529
3 1   -0.01591
3 2   -0.030913
3 3    0.0381757
;

phi :=
1 1   0.0742421
1 2   0.0913868
1 3   0.0666535
2 1   0.0704705
2 2   0.126899
2 3   0.0762001
3 1   0.0989657
3 2   0.110394
3 3   0.0679346
4 1   0.109732
4 2   0.0860449
4 3   0.0576998
;

l [*,1,*]
:       1            2            3        :=
1    0.0739233   -0.0794576   -1.28451
2   -0.735371    -0.481241    -0.937223
3   -1.05585      0.637991    -0.375785
4   -0.247071     1.04156     -0.722177

 [*,2,*]
:      1           2            3        :=
1   1.24032     0.324519    0.0887683
2   0.564565    0.970093    0.615969
3   0.181066    0.0437819   1.25969
4   0.856213   -0.603267    0.733517

 [*,3,*]
:       1            2           3        :=
1    0.267034    -1.20294     0.33156
2   -0.638504    -0.898461    0.649225
3   -0.9701      -0.6484     -0.531401
4   -0.0650899   -0.952477   -0.850947
;

np :=
1 1   -0.232232
1 2    0.312416
1 3   -0.737118
2 1    0.935572
2 2    0.173851
2 3    0.000948785
3 1   -0.436708
3 2   -0.848514
3 3    0.0240919
;

vp :=
1 1   -0.490771
1 2    0.279873
1 3   -0.830062
2 1    0.71081
2 2    0.183524
2 3    0.674277
3 1   -0.351304
3 2   -0.92569
3 3   -0.100518
;

