solve_message = ' \
Ipopt 3.9.1: Optimal Solution Found'

Solve time:
_solve_time = 0.764405

Objective:
p :=
1 1    0.0345831
1 2    0.00280849
1 3   -0.00181614
2 1   -0.017978
2 2   -0.0216732
2 3   -0.0623928
3 1   -0.0166052
3 2    0.0188653
3 3    0.064209
;

phi :=
1 1   0.0834899
1 2   0.0710267
1 3   0.0743832
2 1   0.0751289
2 2   0.110117
2 3   0.117721
3 1   0.0480726
3 2   0.184784
3 3   0.0699101
4 1   0.0534662
4 2   0.0980576
4 3   0.0501517
;

l [*,1,*]
:      1           2          3        :=
1   1.07513     0.634313   0.315368
2   0.351304    0.651308   1.05399
3   0.353037   -0.574476   1.08448
4   1.07687    -0.593424   0.345905

 [*,2,*]
:       1           2           3        :=
1    0.103712   -1.06603    -0.572121
2   -0.803578   -0.590534   -0.756057
3   -0.211945    0.351205   -1.23055
4    0.696287   -0.122796   -1.04737

 [*,3,*]
:       1            2          3        :=
1    0.180537     0.55342    1.14916
2   -0.779694     0.653627   0.793369
3   -0.879994    -0.569924   0.719347
4    0.0800775   -0.672079   1.07502
;

np :=
1 1    0.937836
1 2    0.0761602
1 3   -1.32938e-11
2 1   -0.139284
2 2   -0.16787
2 3   -0.75084
3 1   -0.0649797
3 2    0.0738256
3 3    0.917856
;

vp :=
1 1    0.714372
1 2    0.0294232
1 3    0.699643
2 1   -0.0535195
2 2   -0.357229
2 3   -0.901449
3 1   -0.349386
3 2   -0.00877939
3 3    0.934367
;

