solve_message = ' \
Ipopt 3.9.1: Optimal Solution Found'

Solve time:
_solve_time = 0.546003

Objective:
p :=
1 1    0.0349969
1 2   -0.00072959
1 3   -0.00030262
2 1   -0.0163877
2 2    0.0189057
2 3    0.0646459
3 1   -0.0186055
3 2   -0.018178
3 3   -0.0643433
;

phi :=
1 1   0.0658534
1 2   0.0590584
1 3   0.130025
2 1   0.0528588
2 2   0.0497335
2 3   0.0794843
3 1   0.0873735
3 2   0.0565547
3 3   0.106231
4 1   0.105469
4 2   0.0666066
4 3   0.176286
;

l [*,1,*]
:      1           2          3        :=
1   0.449986    0.690838   0.981746
2   0.18643    -0.318931   1.22785
3   0.971017   -0.71918    0.427946
4   1.23582     0.289952   0.18057

 [*,2,*]
:       1           2          3        :=
1   -0.211931    0.790959   0.988867
2   -0.674625   -0.195127   1.07162
3    0.380864   -0.696758   1.00501
4    0.845239    0.288528   0.922159

 [*,3,*]
:       1           2           3        :=
1   -0.535457   -0.792003   -0.861364
2   -1.25965    -0.183553   -0.156214
3   -0.874724    0.744561   -0.560685
4   -0.149917    0.13759    -1.26648
;

np :=
1 1    1.00068
1 2   -0.0208614
1 3   -4.67466e-17
2 1   -0.0624487
2 2    0.0720385
2 3    0.962484
3 1   -0.0895482
3 2   -0.087487
3 3   -0.931386
;

vp :=
1 1    0.710919
1 2   -0.013928
1 3    0.704429
2 1    0.0850715
2 2    0.0472934
2 3    0.996881
3 1   -0.704649
3 2   -0.0235935
3 3   -0.711467
;

