solve_message = ' \
Ipopt 3.9.1: Optimal Solution Found'

Solve time:
_solve_time = 0.811205

Objective:
p :=
1 1    0.0349047
1 2   -0.0042002
1 3    0.00152543
2 1   -0.0174141
2 2   -0.0159139
2 3   -0.0647118
3 1   -0.0174903
3 2    0.0201145
3 3    0.0631863
;

phi :=
1 1   0.0680076
1 2   0.139933
1 3   0.0966676
2 1   0.0562624
2 2   0.131114
2 3   0.0809611
3 1   0.0621869
3 2   0.0944225
3 3   0.0592354
4 1   0.0749372
4 2   0.100733
4 3   0.0714916
;

l [*,1,*]
:      1           2          3        :=
1   1.08024    -0.671448   0.153119
2   1.20601     0.386141   0.274528
3   0.406581    0.378834   1.1602
4   0.279534   -0.678767   1.0402

 [*,2,*]
:       1           2           3        :=
1   -0.525547   -0.719677   -0.928013
2   -0.833226    0.372489   -0.902482
3    0.23641     0.678635   -1.0622
4    0.545793   -0.413044   -1.08799

 [*,3,*]
:       1            2          3        :=
1   -0.920239     0.408607   0.768051
2   -0.291845    -0.484626   1.16007
3    0.615205     0.132452   1.11462
4   -0.0117449    1.02667    0.722524
;

np :=
1 1    1.02434
1 2   -0.123262
1 3    3.92055e-12
2 1   -0.046647
2 2   -0.0426286
2 3   -0.969369
3 1   -0.0975032
3 2    0.112132
3 3    0.820292
;

vp :=
1 1    0.743042
1 2   -0.146731
1 3    0.656962
2 1   -0.144019
2 2   -0.0208343
2 3   -0.995182
3 1   -0.152406
3 2    0.271131
3 3    0.941161
;

