solve_message = ' \
Ipopt 3.9.1: Optimal Solution Found'

Solve time:
_solve_time = 0.951606

Objective:
p :=
1 1   -0.0188195
1 2    0.0261871
1 3   -0.0576253
2 1   -0.0153778
2 2   -0.0198004
2 3    0.0642543
3 1    0.0341982
3 2   -0.00638575
3 3   -0.006629
;

phi :=
1 1   0.0788803
1 2   0.0387712
1 3   0.167134
2 1   0.180785
2 2   0.04672
2 3   0.0601909
3 1   0.0609238
3 2   0.111765
3 3   0.0466507
4 1   0.0382924
4 2   0.071518
4 3   0.132287
;

l [*,1,*]
:       1          2           3        :=
1    0.4456     0.853675   -0.761537
2   -0.246538   0.409893   -1.21584
3   -1.05765    0.697473   -0.238836
4   -0.366804   1.14171     0.217023

 [*,2,*]
:       1           2           3        :=
1   -0.242334    0.103295   1.24539
2   -0.86902     0.758482   0.531891
3   -1.26412    -0.150446   0.0421899
4   -0.638067   -0.807081   0.75491

 [*,3,*]
:      1            2             3         :=
1   1.13285    -0.508975     -0.00809532
2   0.927284    0.501601      0.73549
3   0.268017    0.00295999    1.23539
4   0.472531   -1.00841       0.492598
;

np :=
1 1   -0.328969
1 2    0.457758
1 3   -0.430429
2 1   -0.0593442
2 2   -0.0764111
2 3    0.92241
3 1    0.942329
3 2   -0.175959
3 3   -1.14746e-07
;

vp :=
1 1   -0.306073
1 2    0.775866
1 3   -0.499616
2 1   -0.753136
2 2   -0.0241986
2 3    0.64388
3 1    0.700252
3 2   -0.253609
3 3    0.613548
;

