solve_message = ' \
Ipopt 3.9.1: Optimal Solution Found'

Solve time:
_solve_time = 0.592804

Objective:
p :=
1 1   -7.2375e-06
1 2    0.0349697
1 3    0.000136038
2 1   -0.00645742
2 2   -0.0204382
2 3    0.0648993
3 1    0.00646454
3 2   -0.0145311
3 3   -0.0650353
;

phi :=
1 1   0.0605752
1 2   0.0688258
1 3   0.123734
2 1   0.054985
2 2   0.0595693
2 3   0.133736
3 1   0.0372247
3 2   0.142756
3 3   0.0756117
4 1   0.0518648
4 2   0.161697
4 3   0.0650753
;

l [*,1,*]
:       1          2           3        :=
1    0.140912   0.975393   -0.848764
2   -0.759484   1.00555    -0.322299
3   -0.143      1.06858     0.743046
4    0.758378   1.03853     0.218279

 [*,2,*]
:       1           2          3        :=
1    0.593219    0.449523   1.04415
2   -0.429255    0.665251   1.00887
3   -0.67843    -0.523086   0.953877
4    0.343647   -0.740707   0.989078

 [*,3,*]
:       1           2           3        :=
1    0.718572   -0.427298   -0.972079
2   -0.286223   -0.742748   -1.0052
3   -0.647625    0.409192   -1.02816
4    0.356595    0.726476   -0.995072
;

np :=
1 1   -0.000205714
1 2    0.993949
1 3    1.75884e-19
2 1   -0.00973183
2 2   -0.0308024
2 3    0.989202
3 1    0.00162595
3 2   -0.00365465
3 3   -1.00381
;

vp :=
1 1   -0.000439168
1 2    1.022
1 3   -0.0526439
2 1   -0.0422974
2 2   -0.0373411
2 3    0.999008
3 1    0.0357301
3 2   -0.00846864
3 3   -1.00011
;

