solve_message = ' \
Ipopt 3.9.1: Optimal Solution Found'

Solve time:
_solve_time = 0.842405

Objective:
p :=
1 1   -0.0181683
1 2   -0.0287901
1 3   -0.0537864
2 1   -0.0160118
2 2    0.0227632
2 3    0.0633346
3 1    0.0341803
3 2    0.00602667
3 3   -0.00954819
;

phi :=
1 1   0.00877666
1 2   0.20003
1 3   0.17133
2 1   0.0256169
2 2   0.0270555
2 3   0.0629941
3 1   0.278168
3 2   0.00814111
3 3   0.00692527
4 1   0.146085
4 2   0.0586657
4 3   0.0371259
;

l [*,1,*]
:       1            2           3        :=
1   -0.0429465   -1.09618     0.523762
2   -0.905913    -0.706659    0.43408
3   -0.73526     -0.628478   -0.842799
4    0.127978    -1.01787    -0.755151

 [*,2,*]
:       1           2           3        :=
1   -0.368693    0.92526     0.769207
2   -0.718542   -0.0121972   1.0382
3    0.428885   -0.416016    1.12788
4    0.780561    0.520797    0.85903

 [*,3,*]
:      1           2          3        :=
1   1.12414     0.564914   0.170321
2   0.36635     0.746384   0.960356
3   0.306643   -0.38006    1.16412
4   1.06434    -0.563324   0.374408
;

np :=
1 1   -0.439577
1 2   -0.696567
1 3   -0.26565
2 1   -0.115639
2 2    0.164398
2 3    0.833858
3 1    0.928633
3 2    0.163736
3 3   -1.47569e-06
;

vp :=
1 1   -0.388692
1 2   -0.862453
1 3   -0.159992
2 1    0.0306926
2 2    0.254834
2 3    0.948473
3 1    0.715672
3 2    0.0919058
3 3    0.666986
;

