solve_message = ' \
Ipopt 3.9.1: Optimal Solution Found'

Solve time:
_solve_time = 1.02961

Objective:
p :=
1 1    0.0155371
1 2    0.0147053
1 3    0.0649083
2 1   -0.00801478
2 2   -0.0336055
2 3    5.58879e-05
3 1   -0.00752226
3 2    0.0189002
3 3   -0.0649642
;

phi :=
1 1   0.157001
1 2   0.0495193
1 3   0.123107
2 1   0.0714626
2 2   0.0516642
2 3   0.165526
3 1   0.057752
3 2   0.0544789
3 3   0.0711773
4 1   0.128671
4 2   0.0522188
4 3   0.0521396
;

l [*,1,*]
:      1           2          3        :=
1   0.50276     0.790145   0.875474
2   0.144685   -0.209709   1.25728
3   0.880814   -0.736027   0.572459
4   1.24006     0.262989   0.189567

 [*,2,*]
:       1           2           3        :=
1   -0.556606   -0.837193    0.817286
2   -0.670558   -1.09163    -0.490977
3    0.272484   -1.22946    -0.553734
4    0.387938   -0.975242    0.75443

 [*,3,*]
:       1           2           3        :=
1   -1.05123     0.674326   -0.283471
2   -0.316507    0.518449   -1.12981
3   -0.451367   -0.602148   -1.04129
4   -1.18631    -0.448057   -0.194812
;

np :=
1 1    0.0231459
1 2    0.0219068
1 3    0.990162
2 1   -0.211814
2 2   -0.888117
2 3    3.47014e-22
3 1   -0.00828404
3 2    0.0208143
3 3   -0.996146
;

vp :=
1 1    0.692223
1 2    0.0272477
1 3    0.723542
2 1   -0.14164
2 2   -1.03328
2 3    0.132273
3 1   -0.751646
3 2    0.0357042
3 3   -0.662009
;

