solve_message = ' \
Ipopt 3.9.1: Optimal Solution Found'

Solve time:
_solve_time = 1.02961

Objective:
p :=
1 1    0.00780151
1 2    0.00020044
1 3    0.0649322
2 1    0.000232071
2 2    0.0334326
2 3   -0.0563042
3 1   -0.00803358
3 2   -0.0336331
3 3   -0.00862796
;

phi :=
1 1   0.0784131
1 2   0.148701
1 3   0.0708135
2 1   0.0476954
2 2   0.134254
2 3   0.0527805
3 1   0.0464253
3 2   0.061944
3 3   0.101952
4 1   0.0887456
4 2   0.0885541
4 3   0.115406
;

l [*,1,*]
:       1           2          3        :=
1    0.422846    0.539896   1.08156
2   -0.628728    0.65626    0.904801
3   -0.758444   -0.525527   0.895954
4    0.292924   -0.643773   1.0727

 [*,2,*]
:       1          2           3         :=
1    0.705529   0.730317   -0.784297
2   -0.554609   0.660786   -0.951569
3   -0.695862   1.06943    -0.0702414
4    0.564052   1.13961     0.0984346

 [*,3,*]
:       1           2           3        :=
1    0.166032   -1.05573     0.802286
2   -0.889013   -0.849261    0.459856
3   -0.572467   -0.976827   -0.63638
4    0.483082   -1.1835     -0.295695
;

np :=
1 1    2.73861e-05
1 2    7.0487e-07
1 3    0.99272
2 1    0.00503769
2 2    0.72574
2 3   -0.365927
3 1   -0.213464
3 2   -0.893676
3 3   -7.26028e-07
;

vp :=
1 1   -0.167432
1 2    0.00666738
1 3    0.988826
2 1    0.00527966
2 2    0.900063
2 3   -0.426851
3 1   -0.202671
3 2   -1.01641
3 3    0.082653
;

