solve_message = ' \
Ipopt 3.9.1: Optimal Solution Found'

Solve time:
_solve_time = 2.01241

Objective:
p :=
1 1    0.00022702
1 2    0.0292075
1 3   -0.0629072
2 1   -0.0022688
2 2   -0.0349628
2 3   -0.00181293
3 1    0.00204183
3 2    0.0057553
3 3    0.0647202
;

phi :=
1 1   0.109723
1 2   0.0475573
1 3   0.136242
2 1   0.145632
2 2   0.0729265
2 3   0.0959873
3 1   0.0866366
3 2   0.0801382
3 3   0.0592242
4 1   0.0655628
4 2   0.0527669
4 3   0.0840784
;

l [*,1,*]
:       1           2           3        :=
1   -0.338337    1.02988    -0.681358
2    0.643869    0.768796   -0.796893
3    0.299903   -0.349356   -1.19547
4   -0.68285    -0.090054   -1.08057

 [*,2,*]
:       1           2           3        :=
1   -0.701951   -0.960385   -0.478662
2    0.394579   -1.02878    -0.657423
3    0.579744   -1.04022     0.477786
4   -0.51649    -0.971848    0.658354

 [*,3,*]
:       1            2          3        :=
1    0.404302     0.423465   1.12225
2   -0.658757     0.753204   0.773207
3   -0.979106    -0.288203   0.740233
4    0.0834421   -0.619602   1.08922
;

np :=
1 1    0.00221651
1 2    0.281809
1 3   -0.795262
2 1   -0.065228
2 2   -1.00518
2 3   -1.31279e-11
3 1    1.63852e-06
3 2    4.62314e-06
3 3    0.97025
;

vp :=
1 1   -0.019745
1 2    0.33992
1 3   -0.938529
2 1   -0.0614665
2 2   -1.00028
2 3    8.55233e-05
3 1   -0.287106
3 2    0.0670842
3 3    0.931368
;

solve_message = ' \
Ipopt 3.9.1: Optimal Solution Found'

Solve time:
_solve_time = 0.280802

Objective:
p :=
1 1    0.00119234
1 2    0.000320638
1 3    0.0649901
2 1   -0.000769528
2 2   -0.035022
2 3   -0.0178506
3 1   -0.000422808
3 2    0.0347013
3 3   -0.0471395
;

phi :=
1 1   0.0484149
1 2   0.0838069
1 3   0.0932175
2 1   0.0660426
2 2   0.0663025
2 3   0.0598115
3 1   0.0528124
3 2   0.103735
3 3   0.108461
4 1   0.0404189
4 2   0.159696
4 3   0.15231
;

l [*,1,*]
:      1           2           3        :=
1   0.981662    0.816532    0.126814
2   0.786387    0.242045    0.989489
3   0.969912   -0.772012    0.357317
4   1.16548    -0.19914    -0.506365

 [*,2,*]
:       1            2           3        :=
1    0.0605375   -0.982872   -0.830851
2    0.719267    -1.0504      0.210166
3   -0.14991     -1.03111     0.766281
4   -0.810023    -0.963552   -0.273851

 [*,3,*]
:       1          2           3         :=
1    0.279823   1.08885     0.619033
2    0.764433   1.01115    -0.198396
3   -0.354706   0.892159   -0.850505
4   -0.841098   0.96967    -0.0341149
;

np :=
1 1    6.56568e-11
1 2    1.76561e-11
1 3    0.998939
2 1   -0.0221014
2 2   -1.00585
2 3   -0.000117809
3 1   -0.0114798
3 2    0.94219
3 3   -0.105512
;

vp :=
1 1    0.975938
1 2    0.0220851
1 3    0.24147
2 1   -0.0452949
2 2   -1.00696
2 3   -0.0324785
3 1   -0.0380804
3 2    0.990486
3 3   -0.11567
;

