solve_message = ' \
Ipopt 3.9.1: Optimal Solution Found'

Solve time:
_solve_time = 0.421203

Objective:
p :=
1 1    0.0210814
1 2   -0.0197493
1 3    0.0639664
2 1   -0.033868
2 2   -0.00637413
2 3   -0.00232946
3 1    0.0127865
3 2    0.0261236
3 3   -0.061637
;

phi :=
1 1   0.0807955
1 2   0.127291
1 3   0.0701118
2 1   0.211407
2 2   0.0660151
2 3   0.0590301
3 1   0.104727
3 2   0.0556476
3 3   0.0542819
4 1   0.0652224
4 2   0.0793192
4 3   0.0664164
;

l [*,1,*]
:       1           2           3        :=
1   0.752922     0.752474    0.701804
2   0.0614069   -0.0367666   1.27976
3   0.567659    -0.836613    0.795721
4   1.25998     -0.0486463   0.216992

 [*,2,*]
:        1            2           3        :=
1   -1.25         -0.239231   -0.252758
2   -0.640903      0.644395   -0.84363
3    0.00565258   -0.047583   -1.18317
4   -0.602419     -0.932311   -0.592834

 [*,3,*]
:       1            2           3        :=
1   -0.594597     0.251183   -1.0817
2   -0.0930197    1.17458    -0.550111
3    0.871463     0.70806    -0.631118
4    0.371422    -0.216079   -1.16284
;

np :=
1 1    0.190388
1 2   -0.178357
1 3    0.893865
2 1   -0.881867
2 2   -0.165972
2 3   -7.59238e-11
3 1    0.120305
3 2    0.245791
3 3   -0.689439
;

vp :=
1 1    0.660768
1 2   -0.0420738
1 3    0.748339
2 1   -0.622161
2 2   -0.144035
2 3   -0.717861
3 1    0.138618
3 2    0.479068
3 3   -0.856654
;

