solve_message = ' \
Ipopt 3.9.1: Optimal Solution Found'

Solve time:
_solve_time = 0.561604

Objective:
p :=
1 1   -0.0153542
1 2    0.016262
1 3    0.0647431
2 1    0.0351639
2 2    0.00186659
2 3   -0.00166816
3 1   -0.0198097
3 2   -0.0181286
3 3   -0.0630749
;

phi :=
1 1   0.0383542
1 2   0.10245
1 3   0.0901933
2 1   0.176012
2 2   0.0282467
2 3   0.0306943
3 1   0.224598
3 2   0.0282198
3 3   0.0420974
4 1   0.0445981
4 2   0.0940877
4 3   0.131682
;

l [*,1,*]
:       1           2           3         :=
1   -0.57306     0.37588     1.07097
2   -1.12278     0.595304   -0.0876633
3   -1.20817    -0.337648   -0.225804
4   -0.658589   -0.558558    0.932612

 [*,2,*]
:      1           2          3        :=
1   1.13606     0.530019   0.178414
2   0.285666    0.588895   1.09303
3   0.292014   -0.408649   1.16511
4   1.14242    -0.469114   0.250618

 [*,3,*]
:      1           2           3        :=
1   1.07279     0.467336   -0.531421
2   0.947693    0.13529     0.734037
3   0.817516   -0.70884     0.499434
4   0.942403   -0.378139   -0.766397
;

np :=
1 1   -0.029867
1 2    0.0316327
1 3    0.972656
2 1    1.042
2 2    0.0553125
2 3   -7.33113e-12
3 1   -0.115433
3 2   -0.105637
3 3   -0.810219
;

vp :=
1 1   -0.890431
1 2    0.0186569
1 3    0.422991
2 1    0.714379
2 2    0.060264
2 3    0.671429
3 1    0.945149
3 2   -0.120956
3 3   -0.0165908
;

