solve_message = ' \
Ipopt 3.9.1: Optimal Solution Found'

Solve time:
_solve_time = 1.26361

Objective:
p :=
1 1    0.0230328
1 2   -0.0100358
1 3    0.0642444
2 1   -0.00240273
2 2    0.034986
2 3   -0.00546499
3 1   -0.0206301
3 2   -0.0249503
3 3   -0.0587794
;

phi :=
1 1   0.0803053
1 2   0.0924838
1 3   0.101864
2 1   0.0518208
2 2   0.0982184
2 3   0.0688488
3 1   0.07538
3 2   0.0596005
3 3   0.0992419
4 1   0.112484
4 2   0.0566893
4 3   0.139772
;

l [*,1,*]
:       1           2          3        :=
1    0.562169    0.64238    0.947756
2   -0.54551     0.35483    1.09815
3   -0.278763   -0.71716    1.02299
4    0.82934    -0.431317   0.87248

 [*,2,*]
:       1          2           3        :=
1    0.654404   1.04073     0.367286
2    0.244715   1.01438    -0.745255
3   -0.764631   0.959851   -0.373535
4   -0.356549   0.986117    0.739599

 [*,3,*]
:       1           2            3        :=
1   -0.260303   -1.23796     -0.107342
2   -1.11232    -0.592937    -0.258256
3   -0.555164   -0.0696409   -1.15953
4    0.297744   -0.713836    -1.01006
;

np :=
1 1    0.0900374
1 2   -0.0392307
1 3    0.921415
2 1   -0.069459
2 2    1.01139
2 3   -2.96981e-08
3 1   -0.369194
3 2   -0.446508
3 3   -0.494521
;

vp :=
1 1    0.142251
1 2   -0.0377024
1 3    0.985284
2 1   -0.0553523
2 2    1.00028
2 3   -0.00253278
3 1   -0.407172
3 2   -0.653851
3 3   -0.633737
;

