solve_message = ' \
Ipopt 3.9.1: Optimal Solution Found'

Solve time:
_solve_time = 0.951606

Objective:
p :=
1 1    0.0053895
1 2   -0.0162753
1 3   -0.0659177
2 1   -0.000504134
2 2   -0.0188506
2 3    0.0656138
3 1   -0.00489012
3 2    0.0351581
3 3    0.000297058
;

phi :=
1 1   0.00679683
1 2   0.365252
1 3   0.173786
2 1   0.185965
2 2   0
2 3   0
3 1   0
3 2   0
3 3   0
4 1   0
4 2   0.0463396
4 3   0.445665
;

l [*,1,*]
:       1           2           3        :=
1   -0.791796    0.282665   -1.07919
2   -0.842702   -0.522167   -0.87199
3   -1.23956    -0.150578    0.494841
4   -1.18929     0.654845    0.289818

 [*,2,*]
:       1           2           3        :=
1   -1.12173    -0.794906    0.196672
2   -1.00227     0.362876    0.766652
3   -0.984257    0.821226   -0.174529
4   -1.1037     -0.335826   -0.746009

 [*,3,*]
:       1          2          3        :=
1    0.504124   1.05194   -0.516507
2   -0.676758   1.07035   -0.46516
3   -0.622329   1.04492    0.642948
4    0.55864    1.02646    0.593365
;

np :=
1 1    0.00212637
1 2   -0.00640753
1 3   -1.10312
2 1   -0.000356118
2 2   -0.0131624
2 3    1.06801
3 1   -0.15204
3 2    1.09311
3 3    2.8455e-22
;

vp :=
1 1   -1.01582
1 2    0.0665121
1 3   -0.291713
2 1   -1.05304
2 2    0.0128815
2 3    0.0104689
3 1   -0.0586102
3 2    1.04841
3 3    0.0636415
;

