solve_message = ' \
Ipopt 3.9.1: Optimal Solution Found'

Solve time:
_solve_time = 0.842405

Objective:
p :=
1 1    0.0116053
1 2    0.0313496
1 3    0.0547949
2 1    0.000267147
2 2   -0.0346836
2 3    0.0095791
3 1   -0.0118724
3 2    0.00333407
3 3   -0.064374
;

phi :=
1 1   0.0782372
1 2   0.087705
1 3   0.0728858
2 1   0.0929248
2 2   0.0684878
2 3   0.0712317
3 1   0.137515
3 2   0.0772223
3 3   0.0617019
4 1   0.121513
4 2   0.107575
4 3   0.0600886
;

l [*,1,*]
:       1          2           3         :=
1   -0.1625     1.19466    -0.295515
2   -0.45681    0.824605    0.798467
3    0.567861   0.598648    0.998554
4    0.863802   0.96834    -0.0951099

 [*,2,*]
:       1           2           3        :=
1   -0.303209   -0.928202    0.76208
2   -0.750976   -0.935791   -0.175881
3    0.339355   -1.02824    -0.697948
4    0.788858   -1.0208      0.239181

 [*,3,*]
:       1            2           3        :=
1    0.0283283   -0.161619   -1.26197
2   -0.294872    -0.838067   -0.873148
3   -1.27959     -0.026737   -0.265222
4   -0.957954     0.651002   -0.653079
;

np :=
1 1    0.251708
1 2    0.679944
1 3    0.302542
2 1    0.00722936
2 2   -0.938586
2 3    1.50967e-06
3 1   -0.000648925
3 2    0.000182234
3 3   -0.934498
;

vp :=
1 1    0.203206
1 2    0.89671
1 3    0.351163
2 1    0.0186859
2 2   -0.978256
2 3    0.0322318
3 1   -0.625892
3 2   -0.0935854
3 3   -0.76351
;

