solve_message = ' \
Ipopt 3.9.1: Optimal Solution Found'

Solve time:
_solve_time = 1.99681

Objective:
p :=
1 1    0.00022702
1 2    0.0292075
1 3   -0.0629072
2 1   -0.0022688
2 2   -0.0349628
2 3   -0.00181293
3 1    0.00204183
3 2    0.0057553
3 3    0.0647202
;

phi :=
1 1   0.109723
1 2   0.0475573
1 3   0.136242
2 1   0.145632
2 2   0.0729265
2 3   0.0959873
3 1   0.0866366
3 2   0.0801382
3 3   0.0592242
4 1   0.0655628
4 2   0.0527669
4 3   0.0840784
;

l [*,1,*]
:       1           2           3        :=
1   -0.338337    1.02988    -0.681358
2    0.643869    0.768796   -0.796893
3    0.299903   -0.349356   -1.19547
4   -0.68285    -0.090054   -1.08057

 [*,2,*]
:       1           2           3        :=
1   -0.701951   -0.960385   -0.478662
2    0.394579   -1.02878    -0.657423
3    0.579744   -1.04022     0.477786
4   -0.51649    -0.971848    0.658354

 [*,3,*]
:       1            2          3        :=
1    0.404302     0.423465   1.12225
2   -0.658757     0.753204   0.773207
3   -0.979106    -0.288203   0.740233
4    0.0834421   -0.619602   1.08922
;

np :=
1 1    0.00221651
1 2    0.281809
1 3   -0.795262
2 1   -0.065228
2 2   -1.00518
2 3   -1.31279e-11
3 1    1.63852e-06
3 2    4.62314e-06
3 3    0.97025
;

vp :=
1 1   -0.019745
1 2    0.33992
1 3   -0.938529
2 1   -0.0614665
2 2   -1.00028
2 3    8.55233e-05
3 1   -0.287106
3 2    0.0670842
3 3    0.931368
;

solve_message = ' \
Ipopt 3.9.1: Optimal Solution Found'

Solve time:
_solve_time = 0.296402

Objective:
p :=
1 1    0.00503641
1 2    0.0349669
1 3    0.0300183
2 1   -0.000864398
2 2   -0.000139107
2 3   -0.0648439
3 1   -0.00417201
3 2   -0.0348277
3 3    0.0348257
;

phi :=
1 1   0.0732945
1 2   0.0473733
1 3   0.140704
2 1   0.061693
2 2   0.0459074
2 3   0.164763
3 1   0.137826
3 2   0.0481168
3 3   0.0573865
4 1   0.157178
4 2   0.0494575
4 3   0.0513688
;

l [*,1,*]
:       1          2           3        :=
1    0.347593   0.947426   -0.815952
2   -0.681941   1.05744    -0.341599
3   -0.202509   1.1086      0.68844
4    0.827789   0.998664    0.215728

 [*,2,*]
:       1            2           3        :=
1   -1.274        0.031632   -0.26313
2   -0.470353     0.646596   -1.03708
3   -0.0480065   -0.217251   -1.2907
4   -0.850979    -0.833591   -0.517147

 [*,3,*]
:       1           2           3        :=
1    0.647373   -1.10968     0.136578
2    0.10143    -1.04173     0.754225
3   -0.938038   -0.85344    -0.192829
4   -0.39375    -0.921094   -0.811985
;

np :=
1 1    0.152173
1 2    1.05651
1 3    0.00448029
2 1   -6.05106e-12
2 2   -9.73795e-13
2 3   -0.983314
3 1   -0.120777
3 2   -1.00824
3 3    0.0126736
;

vp :=
1 1    0.0731435
1 2    1.02799
1 3   -0.0635347
2 1   -0.661154
2 2   -0.0933987
2 3   -0.776705
3 1   -0.145529
3 2   -0.981514
3 3   -0.0287491
;

