solve_message = ' \
Ipopt 3.9.1: Optimal Solution Found'

Solve time:
_solve_time = 1.06081

Objective:
p :=
1 1    0.00572708
1 2    0.0345706
1 3    0.00573023
2 1    0.0185144
2 2   -0.0269412
2 3    0.0584963
3 1   -0.0242413
3 2   -0.00762925
3 3   -0.0642265
;

phi :=
1 1   0.0768165
1 2   0.0915959
1 3   0.0716484
2 1   0.0701051
2 2   0.098298
2 3   0.0779703
3 1   0.0750243
3 2   0.108619
3 3   0.0958354
4 1   0.0798527
4 2   0.101095
4 3   0.0885946
;

l [*,1,*]
:       1          2           3        :=
1    0.557443   0.934292   -0.674549
2   -0.572901   1.08187    -0.362749
3   -0.293263   1.04165     0.677299
4    0.837526   0.894011    0.367155

 [*,2,*]
:       1            2            3         :=
1    1.0256      -0.0558389    0.7503
2    0.1735      -0.297776     1.23665
3   -0.0386191   -1.21389      0.41671
4    0.813144    -0.97341     -0.0709412

 [*,3,*]
:       1           2           3        :=
1   -0.956914    0.704963   -0.457188
2   -0.248414    0.419284   -1.18953
3   -0.462609   -0.739905   -0.94263
4   -1.17145    -0.456072   -0.20989
;

np :=
1 1    0.164806
1 2    0.994823
1 3    4.13818e-08
2 1    0.351153
2 2   -0.51098
2 3    0.478084
3 1   -0.101501
3 2   -0.0319444
3 3   -0.919616
;

vp :=
1 1    0.132652
1 2    0.987897
1 3    0.00166485
2 1    0.493746
2 2   -0.635132
2 3    0.582985
3 1   -0.710129
3 2   -0.0178189
3 3   -0.699519
;

