solve_message = ' \
Ipopt 3.9.1: Optimal Solution Found'

Solve time:
_solve_time = 0.483603

Objective:
p :=
1 1   -0.0129265
1 2   -0.0312172
1 3   -0.0546376
2 1    0.0110285
2 2   -0.00373413
2 3    0.0651072
3 1    0.00189795
3 2    0.0349514
3 3   -0.0104695
;

phi :=
1 1   0.0817932
1 2   0.0663956
1 3   0.112129
2 1   0.0806727
2 2   0.0567781
2 3   0.0924797
3 1   0.126569
3 2   0.0657604
3 3   0.0667793
4 1   0.128956
4 2   0.076599
4 3   0.0812964
;

l [*,1,*]
:       1           2           3         :=
1   -0.12204    -1.23996     0.292409
2   -1.04032    -0.745       0.0790369
3   -0.636272   -0.464885   -1.01165
4    0.282647   -0.959402   -0.800018

 [*,2,*]
:       1            2          3        :=
1    0.775839     0.662816   0.774609
2   -0.310068     0.358532   1.18864
3   -0.0598298   -0.664722   1.09302
4    1.02648     -0.362068   0.678837

 [*,3,*]
:       1          2           3        :=
1    0.473765   0.979052   -0.680653
2   -0.671728   1.03519    -0.351287
3   -0.377589   1.02261     0.67681
4    0.768372   0.966455    0.349081
;

np :=
1 1   -0.29892
1 2   -0.721887
1 3   -0.296518
2 1    0.000427117
2 2   -0.000144617
2 3    1.0116
3 1    0.0542535
3 2    0.999098
3 3   -2.81253e-06
;

vp :=
1 1   -0.378629
1 2   -0.852509
1 3   -0.359972
2 1    0.358537
2 2   -0.00123985
2 3    0.93361
3 1    0.0486619
3 2    1.0008
3 3   -0.00164305
;

