solve_message = ' \
Ipopt 3.9.1: Optimal Solution Found'

Solve time:
_solve_time = 0.280802

Objective:
p :=
1 1   -0.00943657
1 2    0.000259315
1 3    0.0651243
2 1    0.00914149
2 2    0.0335714
2 3   -0.014449
3 1    0.000295043
3 2   -0.0338308
3 3   -0.0506753
;

phi :=
1 1   0.0569259
1 2   0.0808805
1 3   0.0832203
2 1   0.0619821
2 2   0.127179
2 3   0.0642482
3 1   0.0681317
3 2   0.107852
3 3   0.105544
4 1   0.0624813
4 2   0.0693307
4 3   0.147199
;

l [*,1,*]
:       1           2           3        :=
1    0.312576   -0.0152328   1.2415
2   -0.290177    0.791034    0.964276
3   -1.14467     0.0185445   0.573933
4   -0.543278   -0.788952    0.850534

 [*,2,*]
:        1            2           3        :=
1    0.924232      0.741615    0.472628
2    0.550959      0.904067   -0.698097
3   -0.372096      1.16712    -0.369116
4   -0.000293402   1.00509     0.802133

 [*,3,*]
:       1           2           3         :=
1    0.744116   -1.056       0.0394493
2   -0.229316   -1.18342     0.465316
3   -0.726722   -0.895256   -0.58444
4    0.245919   -0.767377   -1.01198
;

np :=
1 1   -0.000103802
1 2    2.85246e-06
1 3    1.01346
2 1    0.252084
2 2    0.925759
2 3   -2.68208e-05
3 1    0.00687668
3 2   -0.788506
3 3   -0.175057
;

vp :=
1 1   -0.416147
1 2    0.00102673
1 3    0.907671
2 1    0.275849
2 2    0.954408
2 3    0.0523535
3 1    0.008887
3 2   -0.975464
3 3   -0.273083
;

