solve_message = ' \
Ipopt 3.9.1: Optimal Solution Found'

Solve time:
_solve_time = 1.23241

Objective:
p :=
1 1   -0.00885738
1 2   -0.00295157
1 3    0.0649404
2 1    0.00588651
2 2   -0.0318339
2 3   -0.0594829
3 1    0.00297088
3 2    0.0347854
3 3   -0.00545754
;

phi :=
1 1   0.0941246
1 2   0.104714
1 3   0.0879236
2 1   0.0941112
2 2   0.121947
2 3   0.0960706
3 1   0.0606695
3 2   0.0948348
3 3   0.0759743
4 1   0.0650701
4 2   0.0762184
4 3   0.0646792
;

l [*,1,*]
:       1            2          3        :=
1   -0.430799    -0.76812    0.931155
2   -0.0876617    0.3119     1.24114
3   -0.856818     0.741034   0.602488
4   -1.20118     -0.338304   0.291482

 [*,2,*]
:       1           2           3        :=
1    0.57607    -0.214847   -1.12875
2    0.82904    -0.930845   -0.342636
3   -0.30673    -1.2273     -0.251304
4   -0.561508   -0.511777   -1.03727

 [*,3,*]
:       1           2           3        :=
1    0.318562    0.953432    0.788064
2    0.944385    0.836186   -0.20825
3    0.0521574   1.0062     -0.790019
4   -0.575087    1.12371     0.205369
;

np :=
1 1   -9.02978e-05
1 2   -3.01358e-05
1 3    0.993602
2 1    0.105321
2 2   -0.569557
2 3   -0.537466
3 1    0.0836002
3 2    0.978886
3 3   -2.94128e-08
;

vp :=
1 1   -0.644252
1 2   -0.0138027
1 3    0.766444
2 1    0.134117
2 2   -0.720908
2 3   -0.690301
3 1    0.184755
3 2    0.979929
3 3   -0.000812162
;

