solve_message = ' \
Ipopt 3.9.1: Optimal Solution Found'

Solve time:
_solve_time = 0.858006

Objective:
p :=
1 1    0.0176102
1 2   -0.021366
1 3    0.0624564
2 1   -0.0323583
2 2   -0.00569915
2 3    0.0553605
3 1    0.0176094
3 2    0.0213665
3 3    0.0624565
;

phi :=
1 1   0.0255701
1 2   0.231235
1 3   0.0190553
2 1   0.130469
2 2   0.0480203
2 3   0.0963734
3 1   0.109547
3 2   0.0360498
3 3   0.093754
4 1   0.0163826
4 2   0.202283
4 3   0.0168276
;

l [*,1,*]
:       1           2           3        :=
1   -0.842663    0.602225    0.699718
2   -0.862565    0.641556   -0.57619
3   -1.00707    -0.303145   -0.604479
4   -0.987398   -0.34398     0.671385

 [*,2,*]
:       1           2          3        :=
1   1.07296      0.3256     0.304886
2   0.132058     0.385833   1.2258
3   0.0433917   -0.507384   1.1922
4   0.984152    -0.56904    0.271234

 [*,3,*]
:       1           2           3        :=
1   -0.95802     0.295932    0.708665
2   -1.03264     0.368777   -0.547556
3   -0.891996   -0.593401   -0.613373
4   -0.817148   -0.667778    0.642744
;

np :=
1 1    0.123319
1 2   -0.149618
1 3    0.756214
2 1   -0.632734
2 2   -0.111441
2 3    0.325092
3 1    0.123309
3 2    0.149618
3 3    0.756219
;

vp :=
1 1   -0.924916
1 2    0.149148
1 3    0.0481169
2 1    0.558515
2 2   -0.0912721
2 3    0.748164
3 1   -0.924922
3 2   -0.149147
3 3    0.0481206
;

