solve_message = ' \
Ipopt 3.9.1: Optimal Solution Found'

Solve time:
_solve_time = 0.795605

Objective:
p :=
1 1   -0.0173788
1 2   -0.0183741
1 3    0.0635612
2 1   -0.0177306
2 2    0.0202827
2 3   -0.0631031
3 1    0.0351097
3 2   -0.00190876
3 3   -0.000458126
;

phi :=
1 1   0.0684075
1 2   0.0629772
1 3   0.122283
2 1   0.0232141
2 2   0.198545
2 3   0.0388201
3 1   0.0116079
3 2   0.193089
3 3   0.0437709
4 1   0.0513338
4 2   0.0643128
4 3   0.1284
;

l [*,1,*]
:      1           2          3        :=
1   1.08248     0.527648   0.316487
2   0.400594    0.606969   1.01993
3   0.303389   -0.621485   1.06284
4   0.985121   -0.702763   0.359467

 [*,2,*]
:       1           2           3        :=
1   -1.05        0.560922    0.205431
2   -0.847207    0.777765   -0.464002
3   -0.731055   -0.639783   -0.875624
4   -0.933666   -0.858884   -0.206846

 [*,3,*]
:      1           2          3        :=
1   1.08399     0.546524   0.495634
2   0.203432    0.409111   1.16894
3   0.262316   -0.711258   1.01319
4   1.14297    -0.575629   0.339632
;

np :=
1 1   -0.0706826
1 2   -0.0747313
1 3    0.854973
2 1   -0.10535
2 2    0.120513
2 3   -0.812758
3 1    1.03123
3 2   -0.0560638
3 3   -8.63967e-16
;

vp :=
1 1    0.693168
1 2   -0.0474398
1 3    0.689402
2 1   -0.890564
2 2   -0.040082
2 3   -0.334994
3 1    0.673527
3 2   -0.0827585
3 3    0.754082
;

