solve_message = ' \
Ipopt 3.9.1: Optimal Solution Found'

Solve time:
_solve_time = 0.546003

Objective:
p :=
1 1   -0.0150937
1 2   -0.0217956
1 3   -0.0640432
2 1    0.033717
2 2   -0.0072012
2 3    0.0405885
3 1   -0.0186218
3 2    0.0289993
3 3    0.0234548
;

phi :=
1 1   0.0416752
1 2   0.0895656
1 3   0.0826576
2 1   0.0575608
2 2   0.0534064
2 3   0.0590356
3 1   0.155785
3 2   0.107065
3 3   0.0337652
4 1   0.099735
4 2   0.208238
4 3   0.0460796
;

l [*,1,*]
:       1           2            3        :=
1   -1.0891      0.0315103    0.613049
2   -0.925856    0.716942    -0.469042
3   -0.819495   -0.0887475   -0.9652
4   -0.982569   -0.775462     0.116101

 [*,2,*]
:      1           2          3        :=
1   1.0734      0.54644    0.32665
2   0.339729    0.382517   1.12273
3   0.371472   -0.751202   0.919425
4   1.10519    -0.589084   0.123021

 [*,3,*]
:       1          2           3        :=
1    0.192946   1.00602    -0.663887
2   -0.956523   0.55989    -0.634848
3   -0.991296   0.689292    0.358911
4    0.158118   1.13563     0.331454
;

np :=
1 1   -0.0814581
1 2   -0.117627
1 3   -0.901402
2 1    0.880202
2 2   -0.187992
2 3    0.0370177
3 1   -0.484957
3 2    0.755212
3 3    0.000796511
;

vp :=
1 1   -0.954319
1 2   -0.0292128
1 3   -0.175842
2 1    0.72274
2 2   -0.102767
2 3    0.622639
3 1   -0.398731
3 2    0.847886
3 3   -0.152103
;

