solve_message = ' \
Ipopt 3.9.1: Optimal Solution Found'

Solve time:
_solve_time = 0.842405

Objective:
p :=
1 1   -0.00729978
1 2    0.0246161
1 3   -0.0644012
2 1    0.0081069
2 2   -0.0341064
2 3   -0.00047889
3 1   -0.000805548
3 2    0.00948963
3 3    0.06488
;

phi :=
1 1   0.0895106
1 2   0.0677957
1 3   0.0792817
2 1   0.029765
2 2   0.024613
2 3   0.183769
3 1   0.0711413
3 2   0.0539832
3 3   0.0798257
4 1   0.194295
4 2   0.128653
4 3   0.0310876
;

l [*,1,*]
:       1           2           3        :=
1   -0.317938   -0.503607   -1.13302
2   -1.02249    -0.674259   -0.360881
3   -1.16528     0.516214   -0.228848
4   -0.460961    0.688762   -1.00078

 [*,2,*]
:       1           2           3        :=
1    0.657372   -0.841555    0.706543
2   -0.350804   -1.11834     0.52232
3   -0.142773   -1.09022    -0.658985
4    0.865734   -0.813389   -0.476643

 [*,3,*]
:       1           2          3        :=
1    0.646795   -0.461172   1.01837
2    0.463536    0.747522   0.938901
3   -0.563753    0.596008   0.994148
4   -0.38213    -0.612928   1.07371
;

np :=
1 1   -0.0324606
1 2    0.109554
1 3   -0.937266
2 1    0.233882
2 2   -0.983961
2 3   -1.17816e-15
3 1   -9.15197e-06
3 2    0.000109642
3 3    0.987152
;

vp :=
1 1   -0.741386
1 2    0.00684609
1 3   -0.681192
2 1    0.257784
2 2   -0.965764
2 3    0.0233818
3 1    0.0411845
3 2    0.066876
3 3    1.00631
;

