solve_message = ' \
Ipopt 3.9.1: Optimal Solution Found'

Solve time:
_solve_time = 0.795605

Objective:
p :=
1 1   -0.0168125
1 2    0.0198611
1 3    0.064359
2 1    0.0278788
2 2    0.0129525
2 3   -0.0601232
3 1   -0.0110657
3 2   -0.0328141
3 3   -0.00423573
;

phi :=
1 1   0.00288287
1 2   0.178585
1 3   0
2 1   0.172015
2 2   0.00123477
2 3   0.0263006
3 1   0.137852
3 2   0.00185574
3 3   0.256332
4 1   0
4 2   0.186025
4 3   0.0701443
;

l [*,1,*]
:       1            2           3        :=
1   -0.0861913   -0.0409305   1.26911
2   -0.735322     0.837926    0.615886
3   -1.25224      0.131286    0.176434
4   -0.603934    -0.748696    0.828958

 [*,2,*]
:      1           2            3        :=
1   0.80622     0.805479    0.505975
2   0.196966   -0.0494767   1.22037
3   0.64725    -0.771027    0.743983
4   1.25722     0.0827804   0.0288287

 [*,3,*]
:       1            2           3        :=
1   -0.0388822   -0.950702    0.831055
2   -0.96763     -0.825662    0.261015
3   -0.384006    -0.980856   -0.73236
4    0.545672    -1.10614    -0.163902
;

np :=
1 1   -0.0811254
1 2    0.0958358
1 3    0.932975
2 1    0.365635
2 2    0.169884
2 3   -0.5793
3 1   -0.296617
3 2   -0.879585
3 3   -4.98999e-09
;

vp :=
1 1   -0.669164
1 2    0.044546
1 3    0.722857
2 1    0.727158
2 2    0.0172796
2 3    0.624504
3 1   -0.210841
3 2   -0.965891
3 3    0.0491789
;

