solve_message = ' \
Ipopt 3.9.1: Optimal Solution Found'

Solve time:
_solve_time = 0.483603

Objective:
p :=
1 1    0.00291874
1 2    0.0348782
1 3   -0.00775808
2 1   -0.0200018
2 2   -0.0264673
2 3   -0.0572865
3 1    0.0170842
3 2   -0.00841164
3 3    0.0650446
;

phi :=
1 1   0.0652629
1 2   0.144105
1 3   0.112878
2 1   0.0390072
2 2   0.140837
2 3   0.0562138
3 1   0.0881235
3 2   0.0588711
3 3   0.0397578
4 1   0.153893
4 2   0.0564422
4 3   0.079688
;

l [*,1,*]
:       1          2           3        :=
1   -0.307596   1.04158    -0.683114
2   -0.55768    1.06994     0.437943
3    0.523191   0.950963    0.682707
4    0.774997   0.922413   -0.43796

 [*,2,*]
:       1            2           3        :=
1   -0.0563826   -0.526692   -1.1679
2    0.0489738   -1.23034    -0.361223
3   -0.965275    -0.836899    0.11484
4   -1.07225     -0.132626   -0.691083

 [*,3,*]
:       1            2           3        :=
1    0.539697     0.0884829   1.17709
2   -0.0459051    0.738673    1.0944
3   -1.03578     -0.189723    0.74933
4   -0.451758    -0.841392    0.831475
;

np :=
1 1    0.0833946
1 2    0.996547
1 3   -3.45054e-07
2 1   -0.414445
2 2   -0.548414
2 3   -0.413024
3 1    0.0126612
3 2   -0.00623375
3 3    1.00482
;

vp :=
1 1    0.108328
1 2    0.996213
1 3   -0.000552761
2 1   -0.511275
2 2   -0.681358
2 3   -0.526664
3 1   -0.248204
3 2   -0.0512489
3 3    0.963108
;

