solve_message = ' \
Ipopt 3.9.1: Optimal Solution Found'

Solve time:
_solve_time = 0.608404

Objective:
p :=
1 1   -0.0121216
1 2    0.0213981
1 3    0.0645417
2 1    0.0348166
2 2    0.00303394
2 3   -0.0078706
3 1   -0.0226951
3 2   -0.024432
3 3   -0.0566711
;

phi :=
1 1   0.0965746
1 2   0.223376
1 3   0.0302932
2 1   0.0800082
2 2   0.102011
2 3   0.0669683
3 1   0.0200994
3 2   0.0316426
3 3   0.19004
4 1   0.0321409
4 2   0.0698141
4 3   0.0899465
;

l [*,1,*]
:       1           2            3        :=
1   -0.873002    0.842926     0.416786
2   -1.27579     0.063286    -0.128219
3   -0.796363   -0.750295     0.679228
4   -0.392808    0.0280488    1.22552

 [*,2,*]
:      1           2          3        :=
1   1.13152     0.557026   0.214501
2   0.434418    0.788095   0.910365
3   0.293321   -0.421986   1.17253
4   0.9902     -0.654982   0.47708

 [*,3,*]
:       1           2           3        :=
1   -0.647876   -1.05146     0.303325
2   -1.21259    -0.367897   -0.188756
3   -0.418663   -0.399878   -1.14511
4    0.147314   -1.0835     -0.654549
;

np :=
1 1   -0.0416798
1 2    0.0735775
1 3    0.95168
2 1    0.986015
2 2    0.0859208
2 3   -3.81555e-07
3 1   -0.485015
3 2   -0.522131
3 3   -0.382947
;

vp :=
1 1   -0.834331
1 2    0.0463018
1 3    0.548546
2 1    0.712643
2 2    0.0669458
2 3    0.693341
3 1   -0.532728
3 2   -0.725957
3 3   -0.421076
;

