solve_message = ' \
Ipopt 3.9.1: Optimal Solution Found'

Solve time:
_solve_time = 2.44922

Objective:
p :=
1 1    0.020041
1 2   -0.0276858
1 3    0.0526331
2 1    0.0104295
2 2    0.0333825
2 3    0.00774235
3 1   -0.0304708
3 2   -0.0056967
3 3   -0.0603754
;

phi :=
1 1   0.100072
1 2   0.0745679
1 3   0.0883718
2 1   0.126566
2 2   0.0979866
2 3   0.0841093
3 1   0.0994103
3 2   0.0904356
3 3   0.0643953
4 1   0.0748992
4 2   0.0665782
4 3   0.0684339
;

l [*,1,*]
:       1           2           3        :=
1    1.11649    -0.41411     0.484873
2    0.30393    -0.637136    1.06839
3   -0.206721   -1.24162     0.124966
4    0.605028   -1.01956    -0.460051

 [*,2,*]
:       1          2           3        :=
1   -0.419907   1.05606    -0.505612
2   -0.340706   1.05237     0.580547
3    0.802046   0.867695    0.496259
4    0.724665   0.871083   -0.590034

 [*,3,*]
:       1           2           3        :=
1   -1.08364    -0.582925   -0.337762
2   -1.14415     0.479733   -0.186002
3   -0.325329    0.658946   -1.01953
4   -0.263517   -0.403427   -1.17262
;

np :=
1 1    0.49652
1 2   -0.68592
1 3    0.228253
2 1    0.296646
2 2    0.949501
2 3    3.40186e-07
3 1   -0.420218
3 2   -0.0785622
3 3   -0.596523
;

vp :=
1 1    0.455006
1 2   -0.828019
1 3    0.304311
2 1    0.191493
2 2    0.961804
2 3   -0.00514287
3 1   -0.704135
3 2    0.0376584
3 3   -0.679038
;

