solve_message = ' \
Ipopt 3.9.1: Optimal Solution Found'

Solve time:
_solve_time = 1.01401

Objective:
p :=
1 1    5.45066e-06
1 2   -0.0274436
1 3    0.0637581
2 1   -0.00156346
2 2    0.0349899
2 3    0.00130659
3 1    0.00155801
3 2   -0.00754629
3 3   -0.0650647
;

phi :=
1 1   0.0663952
1 2   0.0566745
1 3   0.0563668
2 1   0.146359
2 2   0.0816094
2 3   0.0695505
3 1   0.136338
3 2   0.0628169
3 3   0.143862
4 1   0.0600135
4 2   0.0415002
4 3   0.113945
;

l [*,1,*]
:       1            2           3        :=
1   0.699376      0.570502    0.91016
2   0.00473338   -0.402882    1.22363
3   0.548487     -0.993674    0.588519
4   1.244        -0.0212306   0.274034

 [*,2,*]
:       1          2           3        :=
1   -0.240539   1.01199    -0.752894
2   -0.829554   0.964137    0.156867
3    0.157721   0.987209    0.797963
4    0.748309   1.0351     -0.110777

 [*,3,*]
:       1            2            3        :=
1    0.0607769    0.70419     -1.07168
2    0.542164    -0.142182    -1.15151
3   -0.528404    -0.778309    -0.864105
4   -1.0115       0.0670508   -0.783814
;

np :=
1 1    3.62365e-05
1 2   -0.182228
1 3    0.873681
2 1   -0.0448609
2 2    1.00398
2 3    1.32615e-12
3 1    5.0685e-06
3 2   -2.4549e-05
3 3   -1.00698
;

vp :=
1 1    0.624425
1 2   -0.211433
1 3    0.748961
2 1   -0.0407809
2 2    0.999628
2 3    0.0224274
3 1   -0.234432
3 2   -0.0369755
3 3   -0.967745
;

