solve_message = ' \
Ipopt 3.9.1: Optimal Solution Found'

Solve time:
_solve_time = 1.06081

Objective:
p :=
1 1    0.0124981
1 2   -0.025284
1 3    0.062736
2 1   -0.00513445
2 2   -0.00902799
2 3   -0.064872
3 1   -0.00736365
3 2    0.034312
3 3    0.00213596
;

phi :=
1 1   0.0559321
1 2   0.0909938
1 3   0.0916733
2 1   0.10909
2 2   0.0366062
2 3   0.0752081
3 1   0.172306
3 2   0.0674314
3 3   0.0363446
4 1   0.0910661
4 2   0.159624
4 3   0.0478637
;

l [*,1,*]
:      1           2          3        :=
1   0.361697    0.473235   1.12615
2   0.295825   -0.828431   0.954644
3   0.976622   -0.780787   0.312348
4   1.04358     0.520955   0.482834

 [*,2,*]
:       1           2           3        :=
1   -0.996139   -0.784714   -0.149435
2   -1.16819     0.502798    0.147693
3   -0.807266    0.739267   -0.660717
4   -0.634644   -0.547868   -0.959132

 [*,3,*]
:       1          2           3        :=
1    0.391531   1.11912    -0.498961
2   -0.638747   0.861447   -0.698292
3   -0.85615    0.828577    0.463253
4    0.173782   1.0862      0.664433
;

np :=
1 1    0.0977783
1 2   -0.197812
1 3    0.780235
2 1   -0.000100114
2 2   -0.000176067
2 3   -0.986295
3 1   -0.213774
3 2    0.996111
3 3    4.13767e-11
;

vp :=
1 1    0.669457
1 2   -0.153238
1 3    0.719063
2 1   -0.90149
2 2   -0.0231425
2 3   -0.405517
3 1   -0.231986
3 2    0.973937
3 3   -0.017312
;

