solve_message = ' \
Ipopt 3.9.1: Optimal Solution Found'

Solve time:
_solve_time = 0.280802

Objective:
p :=
1 1   -0.0165318
1 2   -0.0106853
1 3   -0.0652288
2 1   -0.017855
2 2    0.0159292
2 3    0.0642253
3 1    0.0343964
3 2   -0.00524129
3 3    0.00100312
;

phi :=
1 1   0.165766
1 2   0.0583655
1 3   0.0584002
2 1   0.0580464
2 2   0.0721453
2 3   0.0435664
3 1   0.0394758
3 2   0.167088
3 3   0.0423437
4 1   0.124686
4 2   0.145802
4 3   0.0567599
;

l [*,1,*]
:      1           2           3        :=
1   0.58066     0.3922     -1.07715
2   1.07327     0.692421   -0.105725
3   1.20489    -0.400246    0.16661
4   0.712494   -0.702207   -0.804377

 [*,2,*]
:       1           2           3         :=
1   -0.443491   -0.28291     1.18129
2   -0.431339    0.678859    1.00132
3   -1.18974     0.499023   -0.0114988
4   -1.2031     -0.463032    0.166857

 [*,3,*]
:       1            2            3        :=
1   1.27583     -0.000215772   0.199908
2   0.791339     0.546292      0.886281
3   0.0677715   -0.425306      1.18217
4   0.551106    -0.973361      0.496267
;

np :=
1 1   -0.014946
1 2   -0.00966097
1 3   -1.0249
2 1   -0.0520767
2 2    0.0464559
2 3    0.919497
3 1    0.948471
3 2   -0.144527
3 3    2.04461e-13
;

vp :=
1 1    0.892633
1 2   -0.00457797
1 3   -0.455547
2 1   -0.816921
2 2    0.107601
2 3    0.584565
3 1    0.671704
3 2   -0.213366
3 3    0.690883
;

