solve_message = ' \
Ipopt 3.9.1: Optimal Solution Found'

Solve time:
_solve_time = 1.74721

Objective:
p :=
1 1   -2.17325e-09
1 2    0.0355072
1 3    0.00451867
2 1   -0.0193123
2 2   -0.028522
2 3    0.000152908
3 1    0.0193123
3 2   -0.028522
3 3   -0.00467158
;

phi :=
1 1   0.115999
1 2   0.0655168
1 3   0.0762517
2 1   0.113865
2 2   0.0738413
2 3   0.0759772
3 1   0.11563
3 2   0.0777517
3 3   0.0671459
4 1   0.117801
4 2   0.0691869
4 3   0.0674317
;

l [*,1,*]
:       1          2           3         :=
1    0.115673   1.00079    -0.792701
2   -0.801789   0.99933     0.0281198
3   -0.117965   0.999343    0.794355
4    0.800587   1.0008     -0.0252448

 [*,2,*]
:       1           2           3        :=
1    0.225343   -1.19255     0.183167
2   -0.966037   -0.662488    0.378071
3   -1.0291     -0.471625   -0.506447
4    0.162178   -1.00138    -0.70276

 [*,3,*]
:       1           2           3        :=
1    0.979444   -0.65289    -0.35982
2    0.619703   -0.592068    0.892856
3   -0.176238   -1.01117     0.685124
4    0.182236   -1.07266    -0.567882
;

np :=
1 1   -6.58424e-08
1 2    1.10596
1 3    7.67025e-09
2 1   -0.501336
2 2   -0.740414
2 3   -6.78028e-13
3 1    0.501336
3 2   -0.740414
3 3    5.91979e-09
;

vp :=
1 1   -0.000507455
1 2    1.00007
1 3    0.000805572
2 1   -0.401429
2 2   -0.832221
2 3   -0.16207
3 1    0.401429
3 2   -0.832221
3 3    0.16207
;

