solve_message = ' \
Ipopt 3.9.1: Optimal Solution Found'

Solve time:
_solve_time = 1.23241

Objective:
p :=
1 1    0.0247553
1 2   -0.00127932
1 3    0.0634717
2 1   -0.0150564
2 2   -0.0317907
2 3   -0.0201567
3 1   -0.00969888
3 2    0.03307
3 3   -0.043315
;

phi :=
1 1   0.0769719
1 2   0.125169
1 3   0.0687067
2 1   0.0846439
2 2   0.126951
2 3   0.0869305
3 1   0.0654144
3 2   0.078909
3 3   0.10655
4 1   0.05596
4 2   0.0745716
4 3   0.085921
;

l [*,1,*]
:      1           2          3        :=
1   1.23319    -0.297349   0.254765
2   1.0678      0.568134   0.150056
3   0.128361    0.510953   1.10966
4   0.292256   -0.354621   1.21589

 [*,2,*]
:       1           2           3        :=
1   -0.915135   -0.726427   -0.633254
2    0.086216   -1.01018    -0.780418
3    0.212742   -1.1863      0.421838
4   -0.788407   -0.902832    0.570917

 [*,3,*]
:        1           2           3        :=
1    0.00984639   1.0876      0.678272
2    0.538524     1.02319    -0.427111
3   -0.395369     0.882423   -0.867094
4   -0.925534     0.946609    0.237588
;

np :=
1 1    0.0892644
1 2   -0.00461305
1 3    0.846574
2 1   -0.44332
2 2   -0.93604
2 3   -0.000275766
3 1   -0.252556
3 2    0.861133
3 3   -0.0583542
;

vp :=
1 1    0.680469
1 2    0.106434
1 3    0.682635
2 1   -0.351545
2 2   -0.956321
2 3   -0.10517
3 1   -0.193344
3 2    0.984981
3 3   -0.0941459
;

