solve_message = ' \
Ipopt 3.9.1: Optimal Solution Found'

Solve time:
_solve_time = 1.06081

Objective:
p :=
1 1   -0.00324775
1 2    0.0348811
1 3   -0.00184776
2 1    0.027935
2 2   -0.0140135
2 3    0.0610365
3 1   -0.0246869
3 2   -0.0208677
3 3   -0.0591888
;

phi :=
1 1   0.0756957
1 2   0.0777915
1 3   0.0986572
2 1   0.0764517
2 2   0.0820288
2 3   0.100875
3 1   0.0830257
3 2   0.0941818
3 3   0.0884371
4 1   0.0828702
4 2   0.0893639
4 3   0.0870269
;

l [*,1,*]
:       1          2           3        :=
1   -0.603152   0.961098    0.602569
2    0.472653   1.03641     0.593141
3    0.462346   1.04202    -0.592929
4   -0.613475   0.966724   -0.585389

 [*,2,*]
:      1           2           3        :=
1   0.864465    0.513842    0.797109
2   0.122345   -0.0428102   1.27519
3   0.443347   -1.02574     0.6313
4   1.18598    -0.470659    0.152198

 [*,3,*]
:       1            2            3         :=
1   -0.284723    -0.180257    -1.2372
2    0.0369193   -1.07361     -0.687731
3   -0.86169     -0.95099      0.0424369
4   -1.18476     -0.0574388   -0.505874
;

np :=
1 1   -0.0933021
1 2    1.00207
1 3   -1.49723e-11
2 1    0.404587
2 2   -0.202959
2 3    0.643776
3 1   -0.43774
3 2   -0.370017
3 3   -0.519134
;

vp :=
1 1   -0.0708357
1 2    1.00153
1 3    0.00435128
2 1    0.65433
2 2   -0.256122
2 3    0.713758
3 1   -0.573693
3 2   -0.565219
3 3   -0.597312
;

