solve_message = ' \
Ipopt 3.9.1: Optimal Solution Found'

Solve time:
_solve_time = 1.99681

Objective:
p :=
1 1    0.00022702
1 2    0.0292075
1 3   -0.0629072
2 1   -0.0022688
2 2   -0.0349628
2 3   -0.00181293
3 1    0.00204183
3 2    0.0057553
3 3    0.0647202
;

phi :=
1 1   0.109723
1 2   0.0475573
1 3   0.136242
2 1   0.145632
2 2   0.0729265
2 3   0.0959873
3 1   0.0866366
3 2   0.0801382
3 3   0.0592242
4 1   0.0655628
4 2   0.0527669
4 3   0.0840784
;

l [*,1,*]
:       1           2           3        :=
1   -0.338337    1.02988    -0.681358
2    0.643869    0.768796   -0.796893
3    0.299903   -0.349356   -1.19547
4   -0.68285    -0.090054   -1.08057

 [*,2,*]
:       1           2           3        :=
1   -0.701951   -0.960385   -0.478662
2    0.394579   -1.02878    -0.657423
3    0.579744   -1.04022     0.477786
4   -0.51649    -0.971848    0.658354

 [*,3,*]
:       1            2          3        :=
1    0.404302     0.423465   1.12225
2   -0.658757     0.753204   0.773207
3   -0.979106    -0.288203   0.740233
4    0.0834421   -0.619602   1.08922
;

np :=
1 1    0.00221651
1 2    0.281809
1 3   -0.795262
2 1   -0.065228
2 2   -1.00518
2 3   -1.31279e-11
3 1    1.63852e-06
3 2    4.62314e-06
3 3    0.97025
;

vp :=
1 1   -0.019745
1 2    0.33992
1 3   -0.938529
2 1   -0.0614665
2 2   -1.00028
2 3    8.55233e-05
3 1   -0.287106
3 2    0.0670842
3 3    0.931368
;

solve_message = ' \
Ipopt 3.9.1: Optimal Solution Found'

Solve time:
_solve_time = 0.608404

Objective:
p :=
1 1    0.0348817
1 2   -0.00122574
1 3    0.0038724
2 1   -0.0312746
2 2   -0.000494021
2 3    0.0611113
3 1   -0.00360711
3 2    0.00171975
3 3   -0.0649837
;

phi :=
1 1   0.0837691
1 2   0.0666518
1 3   0.0957745
2 1   0.0668234
2 2   0.0560451
2 3   0.172609
3 1   0.0628183
3 2   0.0504984
3 3   0.15363
4 1   0.0779944
4 2   0.0593834
4 3   0.0888898
;

l [*,1,*]
:      1           2          3        :=
1   1.13265     0.525808   0.349984
2   0.315071    0.423467   1.17787
3   0.309532   -0.664882   1.03914
4   1.1271     -0.564274   0.211035

 [*,2,*]
:      1           2          3        :=
1   1.1311      0.480044   0.370098
2   0.288214    0.586273   1.09983
3   0.176668   -0.549558   1.13759
4   1.01937    -0.657596   0.407915

 [*,3,*]
:       1           2            3         :=
1   -1.2034      0.441824    0.00931283
2   -0.540791    0.556533   -1.02304
3   -0.47516    -0.466311   -1.09626
4   -1.13767    -0.582649   -0.0640217
;

np :=
1 1    0.980193
1 2   -0.0344442
1 3    2.66361e-09
2 1   -0.455185
2 2   -0.00719022
2 3    0.649314
3 1   -2.28279e-07
3 2    1.08828e-07
3 3   -0.998242
;

vp :=
1 1    0.721414
1 2   -0.0699297
1 3    0.694177
2 1    0.654174
2 2   -0.0352521
2 3    0.753566
3 1   -0.839519
3 2   -0.0126968
3 3   -0.543092
;

