solve_message = ' \
Ipopt 3.9.1: Optimal Solution Found'

Solve time:
_solve_time = 0.343202

Objective:
p :=
1 1   -9.87308e-05
1 2    0.000505506
1 3    0.0650564
2 1   -0.00250638
2 2    0.0344262
2 3   -0.0493583
3 1    0.00260511
3 2   -0.0349317
3 3   -0.0156982
;

phi :=
1 1   0.0573984
1 2   0.106638
1 3   0.104115
2 1   0.0540663
2 2   0.0640109
2 3   0.0635186
3 1   0.0498387
3 2   0.0926627
3 3   0.0865049
4 1   0.0548158
4 2   0.150922
4 3   0.151268
;

l [*,1,*]
:       1           2          3        :=
1    0.268486    0.476421   1.16037
2   -0.798619    0.632462   0.779459
3   -0.943127   -0.476588   0.72717
4    0.123748   -0.634395   1.108

 [*,2,*]
:       1          2           3        :=
1   -0.726758   0.859109   -0.614127
2   -0.47458    1.07107     0.522255
3    0.577094   1.1101      0.282656
4    0.326591   0.898196   -0.854107

 [*,3,*]
:       1           2           3        :=
1    0.839878   -0.942554    0.225405
2   -0.213943   -1.02174     0.744783
3   -0.692222   -1.055      -0.228777
4    0.360837   -0.975862   -0.749705
;

np :=
1 1   -2.86465e-14
1 2    1.46678e-13
1 3    1.00609
2 1   -0.0658861
2 2    0.904976
2 3   -0.145562
3 1    0.074799
3 2   -1.00298
3 3   -4.78411e-05
;

vp :=
1 1   -0.336953
1 2   -0.000587687
1 3    0.943903
2 1   -0.0745136
2 2    0.984534
2 3   -0.166284
3 1    0.0740572
3 2   -0.998757
3 3   -0.00228089
;

