solve_message = ' \
Ipopt 3.9.1: Optimal Solution Found'

Solve time:
_solve_time = 0.561604

Objective:
p :=
1 1   -0.0165923
1 2    0.00426559
1 3    0.0648024
2 1    0.00166621
2 2    0.0271809
2 3   -0.064147
3 1    0.0149257
3 2   -0.0314468
3 3   -0.0006639
;

phi :=
1 1   0.0669585
1 2   0.131845
1 3   0.0527954
2 1   0.112566
2 2   0.0767188
2 3   0.0580281
3 1   0.118006
3 2   0.0771194
3 3   0.0680394
4 1   0.0689942
4 2   0.140957
4 3   0.0643038
;

l [*,1,*]
:       1            2          3        :=
1    0.73754     -0.323825   0.998171
2    0.0487658    0.804949   0.997747
3   -0.746027     0.322582   0.993684
4   -0.0585188   -0.80696    0.994101

 [*,2,*]
:       1           2           3        :=
1    0.207783    0.962013   -0.855885
2    0.569285   -0.277474   -1.13765
3   -0.345001   -0.551568   -1.13
4   -0.70796     0.687483   -0.848231

 [*,3,*]
:       1           2           3         :=
1    0.167433   -1.14216    -0.61892
2    1.13377    -0.585791    0.0350142
3    0.630851   -0.659962    0.856371
4   -0.336284   -1.21645     0.203745
;

np :=
1 1   -0.00651995
1 2    0.00167617
1 3    0.978918
2 1    0.0105614
2 2    0.172289
2 3   -0.911681
3 1    0.412685
3 2   -0.86948
3 3    7.04108e-14
;

vp :=
1 1   -0.00428584
1 2   -0.00126349
1 3    0.995926
2 1   -0.0691178
2 2    0.205607
2 3   -0.992829
3 1    0.398556
3 2   -0.901313
3 3    0.118792
;

