solve_message = ' \
Ipopt 3.9.1: Optimal Solution Found'

Solve time:
_solve_time = 1.01401

Objective:
p :=
1 1   -0.0233985
1 2   -0.0164296
1 3    0.0625195
2 1   -0.0106003
2 2    0.0230491
2 3   -0.0636234
3 1    0.0339986
3 2   -0.00661987
3 3    0.00110387
;

phi :=
1 1   0
1 2   0.69227
1 3   0.559963
2 1   0.154239
2 2   0
2 3   0
3 1   0
3 2   0
3 3   0
4 1   0
4 2   0
4 3   0.108934
;

l [*,1,*]
:       1            2           3        :=
1    0.680526     0.763395    0.773744
2   -0.0107055    0.0163283   1.25832
3    0.599866    -0.83274     0.775215
4    1.29207     -0.0870262   0.289874

 [*,2,*]
:      1           2           3        :=
1   0.794713    0.845107   -0.33939
2   0.842567    0.394679    0.741381
3   1.09137    -0.599209    0.379301
4   1.04391    -0.150365   -0.702047

 [*,3,*]
:      1           2           3        :=
1   0.302476   -0.998721    0.5824
2   1.27691     0.0155154   0.153476
3   1.01952     0.497785    0.677431
4   0.044672   -0.515684    1.10719
;

np :=
1 1   -0.198632
1 2   -0.139472
1 3    0.761577
2 1   -0.0439274
2 2    0.0955152
2 3   -0.86084
3 1    0.912502
3 2   -0.177673
3 3    4.07404e-13
;

vp :=
1 1    0.640715
1 2   -0.0347135
1 3    0.774094
2 1    0.943122
2 2    0.122732
2 3    0.0193804
3 1    0.660505
3 2   -0.25068
3 3    0.630295
;

