solve_message = ' \
Ipopt 3.9.1: Optimal Solution Found'

Solve time:
_solve_time = 0.780005

Objective:
p :=
1 1   -0.0128118
1 2    0.0281606
1 3   -0.0606508
2 1    0.00750956
2 2   -0.0340484
2 3   -0.00448185
3 1    0.00530223
3 2    0.00588778
3 3    0.0651327
;

phi :=
1 1   0.0952882
1 2   0.0742602
1 3   0.0696412
2 1   0.103591
2 2   0.0744888
2 3   0.0706404
3 1   0.105149
3 2   0.0773941
3 3   0.0916718
4 1   0.118958
4 2   0.077791
4 3   0.0778863
;

l [*,1,*]
:       1           2           3        :=
1    0.156393   1.2194      -0.311454
2    0.662093   0.58125     -0.919328
3   -0.40866    0.0293649   -1.23315
4   -0.916066   0.666639    -0.625773

 [*,2,*]
:       1           2           3        :=
1    0.276853   -0.873695    0.876403
2   -0.441453   -1.21449     0.13585
3    0.345057   -1.02325    -0.716422
4    1.06462    -0.682157    0.022773

 [*,3,*]
:       1           2          3        :=
1    0.397935   -0.619224   1.00255
2    0.586698    0.54071    1.04884
3   -0.491777    0.721419   0.995381
4   -0.682258   -0.438227   0.949002
;

np :=
1 1   -0.174616
1 2    0.38381
1 3   -0.615835
2 1    0.209701
2 2   -0.950788
2 3   -7.40977e-09
3 1    2.03628e-05
3 2    2.26196e-05
3 3    1.01438
;

vp :=
1 1   -0.126762
1 2    0.624418
1 3   -0.772183
2 1    0.311555
2 2   -0.948263
2 3    0.0799457
3 1   -0.0474258
3 2    0.0507078
3 3    0.998925
;

