solve_message = ' \
Ipopt 3.9.1: Optimal Solution Found'

Solve time:
_solve_time = 1.21681

Objective:
p :=
1 1   -0.0144734
1 2   -0.0217651
1 3   -0.0643165
2 1    0.0315091
2 2   -0.00832106
2 3    0.0590117
3 1   -0.0170355
3 2    0.0300865
3 3    0.00530475
;

phi :=
1 1   0.0145327
1 2   0.295937
1 3   0.0727293
2 1   0.131549
2 2   0.00103152
2 3   0.0917363
3 1   0.0839728
3 2   0
3 3   0.113937
4 1   0.0175931
4 2   0.109123
4 3   0.110059
;

l [*,1,*]
:       1            2            3        :=
1   -1.04603     0.673975     -0.219486
2   -1.04487    -0.14847      -0.744788
3   -0.95819    -0.816623      0.341504
4   -0.959208    0.00475802    0.868537

 [*,2,*]
:      1           2          3        :=
1   1.15386    -0.472987   0.157665
2   0.687208    0.83634    0.613503
3   0.257675    0.498922   1.11665
4   0.723646   -0.810943   0.661613

 [*,3,*]
:       1          2           3        :=
1    0.355477   1.14703     0.111749
2   -0.425171   0.803118   -0.923256
3   -1.08814    0.607042   -0.347043
4   -0.308553   0.950641    0.68888
;

np :=
1 1   -0.0717346
1 2   -0.107874
1 3   -0.92867
2 1    0.586667
2 2   -0.154938
2 3    0.508362
3 1   -0.45229
3 2    0.798791
3 3    2.41114e-08
;

vp :=
1 1   -1.00207
1 2   -0.0712624
1 3    0.0616514
2 1    0.705784
2 2    0.0123113
2 3    0.637176
3 1   -0.366287
3 2    0.877095
3 3   -0.117005
;

