solve_message = ' \
Ipopt 3.9.1: Optimal Solution Found'

Solve time:
_solve_time = 0.468003

Objective:
p :=
1 1   -0.00487627
1 2    0.0328272
1 3   -0.0571181
2 1    0.00215847
2 2    0.00195132
2 3    0.0648568
3 1    0.00271781
3 2   -0.0347785
3 3   -0.0077386
;

phi :=
1 1   0.11467
1 2   0.0402092
1 3   0.0497114
2 1   0.0680547
2 2   0.0825915
2 3   0.0806268
3 1   0.0842637
3 2   0.102012
3 3   0.121148
4 1   0.137082
4 2   0.0540462
4 3   0.101741
;

l [*,1,*]
:       1          2           3         :=
1   -0.554167   1.1717      0.153395
2    0.490529   1.19425    -0.0934915
3    0.27031    0.556604   -1.09546
4   -0.774737   0.533046   -0.850167

 [*,2,*]
:      1           2           3        :=
1   1.26533     0.0937833   0.170703
2   0.502947    0.784008    0.876095
3   0.108398   -0.0566045   1.27501
4   0.87015    -0.748168    0.570251

 [*,3,*]
:       1           2           3         :=
1    0.835321   -0.902206   -0.27796
2    0.332546   -1.04149     0.671749
3   -0.659326   -1.08879     0.0704245
4   -0.158131   -0.949585   -0.880242
;

np :=
1 1   -0.101263
1 2    0.681708
1 3   -0.404599
2 1    2.03611e-08
2 2    1.8407e-08
2 3    0.984676
3 1    0.0761277
3 2   -0.974171
3 3   -3.39034e-07
;

vp :=
1 1   -0.142432
1 2    0.863891
1 3   -0.471332
2 1    0.687009
2 2    0.0179794
2 3    0.722733
3 1    0.0878026
3 2   -0.995462
3 3   -0.104386
;

