solve_message = ' \
Ipopt 3.9.1: Optimal Solution Found'

Solve time:
_solve_time = 0.686404

Objective:
p :=
1 1    0.0195039
1 2   -0.0168987
1 3   -0.0644377
2 1   -0.0130251
2 2   -0.0175374
2 3    0.0646235
3 1   -0.00647845
3 2    0.0344378
3 3   -0.000185826
;

phi :=
1 1   0.0949943
1 2   0.0607264
1 3   0.0395444
2 1   0.0459198
2 2   0.063295
2 3   0.0593264
3 1   0.0825453
3 2   0.150094
3 3   0.0727125
4 1   0.165217
4 2   0.148098
4 3   0.0505456
;

l [*,1,*]
:       1            2           3        :=
1   -1.26842      0.021667   -0.187025
2   -0.533572     0.708623   -0.923746
3   -0.0944183   -0.13386    -1.27343
4   -0.828562    -0.822158   -0.537264

 [*,2,*]
:      1           2           3        :=
1   1.25797     0.21906    -0.199393
2   0.733253    0.706426    0.785758
3   0.519292   -0.251275    1.14905
4   1.04366    -0.740167    0.164479

 [*,3,*]
:       1          2           3        :=
1    0.371808   1.07872    -0.584757
2   -0.846819   0.864716   -0.427142
3   -0.722643   0.890091    0.577135
4    0.496182   1.10414     0.421119
;

np :=
1 1    0.0895073
1 2   -0.0775624
1 3   -0.940992
2 1   -0.0219611
2 2   -0.0295718
2 3    0.960153
3 1   -0.18643
3 2    0.991015
3 3   -1.55496e-18
;

vp :=
1 1   -0.681535
1 2   -0.0567059
1 3   -0.730072
2 1    0.888753
2 2   -0.0166833
2 3    0.474581
3 1   -0.174883
3 2    0.984502
3 3   -0.00347369
;

