solve_message = ' \
Ipopt 3.9.1: Optimal Solution Found'

Solve time:
_solve_time = 0.592804

Objective:
p :=
1 1    0.0345373
1 2    0.00150091
1 3   -0.00831012
2 1   -0.0126852
2 2   -0.0282307
2 3    0.0598746
3 1   -0.021848
3 2    0.0267293
3 3   -0.0515645
;

phi :=
1 1   0.0369143
1 2   0.0425066
1 3   0.0544389
2 1   0.051689
2 2   0.0424596
2 3   0.0598076
3 1   0.10153
3 2   0.112667
3 3   0.17314
4 1   0.0772126
4 2   0.110955
4 3   0.171081
;

l [*,1,*]
:      1           2          3        :=
1   0.386307    0.494911   1.13213
2   0.236959   -0.616234   1.06507
3   1.02416    -0.674454   0.249605
4   1.17477     0.436598   0.315358

 [*,2,*]
:       1           2          3        :=
1    0.347754   -0.167545   1.2011
2   -0.540989   -0.252808   1.10928
3   -0.353246   -1.16813    0.15424
4    0.535796   -1.08432    0.244541

 [*,3,*]
:       1           2           3        :=
1   -0.945552    0.802249    0.352941
2    0.01245     1.26328     0.106251
3   -0.0592206   0.819084   -0.995599
4   -1.01734     0.357347   -0.750663
;

np :=
1 1    0.916212
1 2    0.0398184
1 3   -5.58273e-07
2 1   -0.173286
2 2   -0.385641
2 3    0.562734
3 1   -0.574805
3 2    0.703218
3 3   -0.197724
;

vp :=
1 1    0.705608
1 2   -0.089352
1 3    0.690567
2 1   -0.00231673
2 2   -0.668166
2 3    0.677326
3 1   -0.502797
3 2    0.810306
3 3   -0.321669
;

