solve_message = ' \
Ipopt 3.9.1: Optimal Solution Found'

Solve time:
_solve_time = 1.20121

Objective:
p :=
1 1   -0.0105189
1 2   -0.0163924
1 3   -0.0653444
2 1    0.0130044
2 2    0.0320202
2 3    0.000726557
3 1   -0.00248565
3 2   -0.0156283
3 3    0.0646166
;

phi :=
1 1   0.144109
1 2   0.0353613
1 3   0.0423156
2 1   0.0531362
2 2   0.0670922
2 3   0.067133
3 1   0.0697604
3 2   0.0622373
3 3   0.164413
4 1   0.186495
4 2   0.0320922
4 3   0.10986
;

l [*,1,*]
:       1            2            3        :=
1   -0.976067     0.0877068   -0.825202
2    0.0389944    0.727915    -1.05406
3    0.579943    -0.155008    -1.13068
4   -0.434256    -0.796622    -0.90194

 [*,2,*]
:       1          2           3         :=
1    0.218942   1.12167    -0.623804
2   -0.400867   1.18495     0.252828
3    0.473117   0.723793    0.905006
4    1.09432    0.659775    0.0294132

 [*,3,*]
:       1            2          3        :=
1    1.1606       0.316019   0.442655
2    0.249758     0.731165   1.02534
3   -0.0796732   -0.300571   1.24843
4    0.830642    -0.71736    0.666103
;

np :=
1 1   -0.00892565
1 2   -0.0139095
1 3   -1.03769
2 1    0.344409
2 2    0.848022
2 3    2.14367e-14
3 1   -0.000606717
3 2   -0.00381469
3 3    0.95943
;

vp :=
1 1   -0.198251
1 2   -0.0342576
1 3   -0.977878
2 1    0.346625
2 2    0.922523
2 3    0.140512
3 1    0.540694
3 2    0.00714783
3 3    0.845401
;

