solve_message = ' \
Ipopt 3.9.1: Optimal Solution Found'

Solve time:
_solve_time = 2.35562

Objective:
p :=
1 1   -0.000594393
1 2    0.0224252
1 3   -0.0647128
2 1    0.00451328
2 2    0.0123025
2 3    0.065111
3 1   -0.00391995
3 2   -0.0347314
3 3   -0.000398156
;

phi :=
1 1   0.100862
1 2   0.0784682
1 3   0.0618152
2 1   0.153744
2 2   0.16113
2 3   0.0512992
3 1   0.0839778
3 2   0.119719
3 3   0.0485546
4 1   0.055579
4 2   0.0593419
4 3   0.0596206
;

l [*,1,*]
:       1           2           3        :=
1   -1.24331     0.179757    0.228908
2   -0.714131    0.768571   -0.733881
3   -0.510848   -0.120811   -1.16789
4   -1.0397     -0.711042   -0.205793

 [*,2,*]
:      1           2            3        :=
1   1.24782    -0.0393311   -0.325958
2   0.901135    0.878876     0.291432
3   0.580536    0.212144     1.10707
4   0.926711   -0.707124     0.490979

 [*,3,*]
:       1            2           3         :=
1   -0.881862    -0.935165   -0.0228584
2    0.0281115   -1.03766    -0.75592
3    0.711102    -1.05673     0.0928635
4   -0.197785    -0.954266    0.827277
;

np :=
1 1   -0.00117744
1 2    0.044422
1 3   -0.969475
2 1    0.000355108
2 2    0.000967987
2 3    1.01201
3 1   -0.111079
3 2   -0.984176
3 3   -3.23559e-16
;

vp :=
1 1   -0.877209
1 2    0.028884
1 3   -0.469281
2 1    0.914189
2 2    0.0857751
2 3    0.390635
3 1   -0.0854709
3 2   -0.995916
3 3    0.0356329
;

