solve_message = ' \
Ipopt 3.9.1: Optimal Solution Found'

Solve time:
_solve_time = 0.811205

Objective:
p :=
1 1    0.00169783
1 2   -0.0334831
1 3   -0.0563704
2 1   -0.0125236
2 2    0.000121712
2 3    0.0657902
3 1    0.0108258
3 2    0.0333614
3 3   -0.00941985
;

phi :=
1 1   0.0370557
1 2   0.031821
1 3   0.115337
2 1   0.0792528
2 2   0.0588085
2 3   0.0618954
3 1   0.125558
3 2   0.120907
3 3   0.0280244
4 1   0.156537
4 2   0.0826962
4 3   0.137617
;

l [*,1,*]
:       1            2           3        :=
1    0.840385    -0.93912    -0.102004
2   -0.0151504   -1.21541     0.323912
3   -0.64622     -0.856707   -0.700961
4    0.20831     -0.579843   -1.12851

 [*,2,*]
:       1           2          3        :=
1    0.96524    -0.236643   0.781027
2    0.325767    0.725255   0.996151
3   -0.550703    0.116556   1.1264
4    0.087374   -0.846311   0.911484

 [*,3,*]
:       1          2           3         :=
1   -0.426807   1.204      -0.0738495
2    0.330817   0.843271    0.852087
3    1.05908    0.65688     0.205556
4    0.302615   1.01731    -0.721411
;

np :=
1 1    0.0374728
1 2   -0.739005
1 3   -0.368946
2 1   -0.000751189
2 2    7.30052e-06
2 3    1.08827
3 1    0.313247
3 2    0.965321
3 3   -1.3425e-06
;

vp :=
1 1    0.0971718
1 2   -0.89766
1 3   -0.40206
2 1    0.207174
2 2   -0.0606693
2 3    0.95368
3 1    0.316124
3 2    0.93051
3 3    0.0652266
;

