solve_message = ' \
Ipopt 3.9.1: Optimal Solution Found'

Solve time:
_solve_time = 0.421203

Objective:
p :=
1 1   -0.00607544
1 2   -0.0345033
1 3   -0.00253891
2 1   -0.024464
2 2    0.0230955
2 3   -0.0562095
3 1    0.0305415
3 2    0.0114095
3 3    0.0587484
;

phi :=
1 1   0.0896259
1 2   0.0936292
1 3   0.0864589
2 1   0.103435
2 2   0.0965165
2 3   0.0783419
3 1   0.0954347
3 2   0.0772079
3 3   0.0753015
4 1   0.0829387
4 2   0.0750175
4 3   0.0827046
;

l [*,1,*]
:       1            2           3         :=
1   -0.917532    -0.899355    0.0858761
2   -0.278449    -0.970328   -0.792699
3    0.662091    -1.08793    -0.0999044
4    0.0245065   -1.01715     0.779774

 [*,2,*]
:       1          2           3         :=
1    0.09086    1.01541    -0.774398
2   -0.459646   0.3706     -1.14091
3   -1.20021    0.376386   -0.0437006
4   -0.650882   1.02121     0.324554

 [*,3,*]
:      1            2            3         :=
1   0.957411    0.814933     -0.0403614
2   0.110246    0.897188      0.890394
3   0.386668   -0.00265277    1.22351
4   1.23427    -0.0863411     0.293289
;

np :=
1 1   -0.174601
1 2   -0.991583
1 3   -1.38718e-10
2 1   -0.551396
2 2    0.520548
2 3   -0.361639
3 1    0.570121
3 2    0.212982
3 3    0.492697
;

vp :=
1 1   -0.1276
1 2   -0.993662
1 3   -0.00638797
2 1   -0.55475
2 2    0.696157
2 3   -0.408466
3 1    0.672487
3 2    0.405749
3 3    0.591338
;

