solve_message = ' \
Ipopt 3.9.1: Optimal Solution Found'

Solve time:
_solve_time = 2.60522

Objective:
p :=
1 1   -0.0272757
1 2    0.0133746
1 3    0.0607249
2 1    0.0108641
2 2   -0.0330489
2 3    0.00394647
3 1    0.0164118
3 2    0.0196751
3 3   -0.0646713
;

phi :=
1 1   0.00725053
1 2   0.0178962
1 3   0.00659257
2 1   0.185207
2 2   0.169126
2 3   0.0188491
3 1   0.154318
3 2   0.10125
3 3   0.222692
4 1   0.0131611
4 2   0
4 3   0.132193
;

l [*,1,*]
:       1            2           3        :=
1   1.24634      0.066813     0.231419
2   0.447327     0.805737     0.864282
3   0.0166132    0.00421421   1.25886
4   0.814944    -0.735986     0.626628

 [*,2,*]
:       1           2           3        :=
1    0.774977   -0.784611    0.661585
2   -0.517512   -1.07996     0.424668
3   -0.343      -1.17555    -0.471438
4    0.949767   -0.880348   -0.235948

 [*,3,*]
:       1           2            3        :=
1    1.1871     -0.0884823   -0.462791
2    0.582819   -0.717763    -0.882883
3   -0.180318    0.252905    -1.24106
4    0.422748    0.883732    -0.821541
;

np :=
1 1   -0.333119
1 2    0.16337
1 3    0.621114
2 1    0.299311
2 2   -0.910513
2 3    3.04066e-09
3 1    0.0721483
3 2    0.0864883
3 3   -0.965137
;

vp :=
1 1    0.631626
1 2    0.0348998
1 3    0.745046
2 1    0.216573
2 2   -0.98
2 3    0.0948109
3 1    0.503328
3 2    0.0828488
3 3   -0.851902
;

