solve_message = ' \
Ipopt 3.9.1: Optimal Solution Found'

Solve time:
_solve_time = 1.26361

Objective:
p :=
1 1    0.0350246
1 2    1.63274e-05
1 3   -0.000216291
2 1   -0.0148491
2 2   -0.000179446
2 3   -0.0647519
3 1   -0.0201734
3 2    0.000163626
3 3    0.0649684
;

phi :=
1 1   0.0511692
1 2   0.134699
1 3   0.062297
2 1   0.0576119
2 2   0.0801195
2 3   0.100873
3 1   0.0659941
3 2   0.0933672
3 3   0.109678
4 1   0.0594942
4 2   0.151473
4 3   0.0692926
;

l [*,1,*]
:      1           2          3        :=
1   1.0722      0.613802   0.342652
2   0.297404    0.544925   1.12182
3   0.34734    -0.614674   1.07
4   1.12222    -0.547645   0.290747

 [*,2,*]
:       1           2           3        :=
1   -0.389077    0.673393   -1.04861
2    0.776673    0.579321   -0.870176
3    0.704145   -0.500386   -0.955557
4   -0.46172    -0.408034   -1.13413

 [*,3,*]
:       1           2          3        :=
1    0.191201    0.547195   1.14479
2   -0.916163    0.508342   0.740418
3   -0.877894   -0.573892   0.736106
4    0.229531   -0.536763   1.14047
;

np :=
1 1    1.00494
1 2    0.000468471
1 3   -4.48993e-18
2 1   -0.00247509
2 2   -2.98972e-05
2 3   -0.973591
3 1   -0.0211381
3 2    0.000171456
3 3    0.996598
;

vp :=
1 1    0.710101
1 2   -0.000871023
1 3    0.705994
2 1    0.157041
2 2    0.0861107
2 3   -1.00219
3 1   -0.34289
3 2   -0.0137643
3 3    0.940609
;

