solve_message = ' \
Ipopt 3.9.1: Optimal Solution Found'

Solve time:
_solve_time = 0.748805

Objective:
p :=
1 1   -0.00953938
1 2    0.033708
1 3    0.0241708
2 1   -0.0117462
2 2   -0.0328549
2 3    0.0407439
3 1    0.0212857
3 2   -0.000853039
3 3   -0.0649147
;

phi :=
1 1   0.0970777
1 2   0.0605422
1 3   0.0781331
2 1   0.0381824
2 2   0.160892
2 3   0.0844918
3 1   0.073016
3 2   0.131608
3 3   0.0380981
4 1   0.189791
4 2   0.0486766
4 3   0.0345704
;

l [*,1,*]
:       1          2           3        :=
1    0.530926   1.15668    -0.13791
2   -0.314301   0.944896   -0.807859
3   -1.00631    0.787833    0.114616
4   -0.162183   0.999363    0.786034

 [*,2,*]
:       1           2           3        :=
1    0.235277   -1.09788    -0.610621
2    0.421422   -1.16058     0.333072
3   -0.791526   -0.809762    0.59501
4   -0.979602   -0.746509   -0.348266

 [*,3,*]
:       1           2           3        :=
1    0.834529    0.608726   -0.776511
2    0.923928   -0.49657    -0.759292
3   -0.166873   -0.591029   -1.13174
4   -0.258009    0.514117   -1.14955
;

np :=
1 1   -0.274042
1 2    0.968346
1 3    0.000982964
2 1   -0.329414
2 2   -0.921393
2 3    0.0380194
3 1    0.0309092
3 2   -0.00123866
3 3   -0.990849
;

vp :=
1 1   -0.23763
1 2    0.972276
1 3   -0.0110125
2 1   -0.278682
2 2   -0.953657
2 3   -0.0080772
3 1    0.333358
3 2    0.00925123
3 3   -0.954281
;

