solve_message = ' \
Ipopt 3.9.1: Optimal Solution Found'

Solve time:
_solve_time = 0.826805

Objective:
p :=
1 1   -0.0316567
1 2    0.00889368
1 3    0.0552651
2 1    0.0134337
2 2    0.0119276
2 3   -0.0659065
3 1    0.0176101
3 2   -0.0213655
3 3    0.0624568
;

phi :=
1 1   0.0594351
1 2   0.0918518
1 3   0.0654155
2 1   0.0505547
2 2   0.0420139
2 3   0.157097
3 1   0.0678863
3 2   0.0544453
3 3   0.176292
4 1   0.0808639
4 2   0.112841
4 3   0.0759965
;

l [*,1,*]
:       1           2          3        :=
1    0.987356    0.616256   0.406715
2   -0.032854    0.362485   1.17793
3    0.130364   -0.544172   1.0985
4    1.15083    -0.291844   0.327155

 [*,2,*]
:      1           2           3        :=
1   0.976025    0.480999   -0.686479
2   1.02016     0.575339    0.500279
3   1.01883    -0.486688    0.585692
4   0.974692   -0.58272    -0.60093

 [*,3,*]
:       1           2           3        :=
1   -0.801692    0.716279    0.599199
2   -0.920002    0.477096   -0.680622
3   -1.04818    -0.417522   -0.504059
4   -0.930072   -0.179764    0.776043
;

np :=
1 1   -0.621938
1 2    0.174728
1 3    0.321191
2 1    0.00701801
2 2    0.006231
2 3   -1.1018
3 1    0.123304
3 2   -0.149592
3 3    0.756245
;

vp :=
1 1    0.559332
1 2    0.035782
1 3    0.752266
2 1    0.997411
2 2   -0.00330537
2 3   -0.0508322
3 1   -0.924939
3 2    0.149117
3 3    0.0481502
;

