solve_message = ' \
Ipopt 3.9.1: Optimal Solution Found'

Solve time:
_solve_time = 1.20121

Objective:
p :=
1 1   -0.00240145
1 2    0.0351488
1 3   -0.00284068
2 1    0.00381393
2 2   -0.00488278
2 3    0.065631
3 1   -0.00140759
3 2   -0.0302435
3 3   -0.062827
;

phi :=
1 1   0.0409318
1 2   0.0373309
1 3   0.111565
2 1   0.064296
2 2   0.0922889
2 3   0.100513
3 1   0.106661
3 2   0.150012
3 3   0.147431
4 1   0.0658936
4 2   0.0525898
4 3   0.0639584
;

l [*,1,*]
:       1          2           3        :=
1    0.209447   0.803798   -0.823947
2   -0.59614    0.762455   -0.713744
3   -0.335484   1.0831      0.623261
4    0.470518   1.12495     0.515188

 [*,2,*]
:       1            2          3        :=
1    1.12241      0.389584   0.549654
2    0.121605     0.611649   1.14336
3   -0.0531103   -0.449918   1.24503
4    0.947414    -0.673675   0.651482

 [*,3,*]
:       1           2           3        :=
1    0.787378   -0.721852   -0.824767
2    0.140332   -1.21079    -0.470613
3   -0.814856   -0.321101   -0.982604
4   -0.169332    0.169254   -1.33757
;

np :=
1 1   -0.0713715
1 2    1.04463
1 3    1.56254e-10
2 1    3.31707e-06
2 2   -4.20505e-06
2 3    1.06997
3 1   -0.0168505
3 2   -0.362051
3 3   -0.788191
;

vp :=
1 1   -0.0625938
1 2    0.943592
1 3   -0.0998539
2 1    0.534978
2 2   -0.0306788
2 3    0.897146
3 1   -0.0138619
3 2   -0.520927
3 3   -0.904031
;

