solve_message = ' \
Ipopt 3.9.1: Optimal Solution Found'

Solve time:
_solve_time = 1.26361

Objective:
p :=
1 1    0.0339045
1 2   -0.00675926
1 3   -0.00499114
2 1   -0.0167917
2 2   -0.019719
2 3    0.0639412
3 1   -0.0171092
3 2    0.026481
3 3   -0.0589501
;

phi :=
1 1   0.124695
1 2   0.0709539
1 3   0.10035
2 1   0.0503534
2 2   0.140806
2 3   0.144626
3 1   0.0508748
3 2   0.0563251
3 3   0.0592104
4 1   0.153371
4 2   0.0355555
4 3   0.0481189
;

l [*,1,*]
:      1           2             3         :=
1   1.21926    -0.0604304   -0.00590823
2   0.647148    0.632007     0.871751
3   0.243194   -0.18544      1.25454
4   0.814661   -0.87918      0.37749

 [*,2,*]
:       1           2            3         :=
1   -1.22709     0.331386   -0.00923076
2   -1.0645     -0.678604    0.170789
3   -0.389293   -0.39647     1.14428
4   -0.550808    0.613969    0.965812

 [*,3,*]
:       1           2           3         :=
1    0.571476    0.597897   -0.868629
2   -0.382154    0.211988   -1.17192
3   -0.905794    0.818609   -0.332933
4    0.0470017   1.20548    -0.0283076
;

np :=
1 1    0.899677
1 2   -0.179361
1 3   -1.57358e-08
2 1   -0.0787428
2 2   -0.0924878
2 3    0.8914
3 1   -0.261113
3 2    0.404128
3 3   -0.504659
;

vp :=
1 1    0.731293
1 2   -0.123537
1 3    0.624119
2 1   -0.807989
2 2   -0.0320272
2 3    0.567842
3 1   -0.166988
3 2    0.708649
3 3   -0.600325
;

