solve_message = ' \
Ipopt 3.9.1: Optimal Solution Found'

Solve time:
_solve_time = 0.873606

Objective:
p :=
1 1    0.00431517
1 2    0.0166111
1 3   -0.0650107
2 1   -0.0133184
2 2    0.0175142
2 3    0.0647672
3 1    0.00900318
3 2   -0.0341286
3 3    0.000243513
;

phi :=
1 1   0.0430388
1 2   0.17076
1 3   0.0170511
2 1   0.00697361
2 2   0.00864524
2 3   0.00147351
3 1   0.0667127
3 2   0.00170896
3 3   0.119427
4 1   0.199996
4 2   0.14525
4 3   0.256867
;

l [*,1,*]
:       1           2           3        :=
1   -0.116227   -0.455714   -1.18474
2   -1.05442    -0.566384   -0.460563
3   -1.13799     0.494752   -0.385799
4   -0.199923    0.607113   -1.10986

 [*,2,*]
:       1           2           3        :=
1   -0.903424    0.812235    0.413623
2   -1.25007    -0.154184   -0.237976
3   -0.872994   -0.790213    0.501724
4   -0.525747    0.175193    1.1545

 [*,3,*]
:       1           2           3        :=
1   -0.194573   -1.092       0.66402
2   -0.390545   -1.15038    -0.32188
3    0.772637   -0.795679   -0.56626
4    0.970461   -0.736732    0.419251
;

np :=
1 1    0.00169043
1 2    0.00655971
1 3   -1.00115
2 1   -0.023435
2 2    0.0308536
2 3    0.975196
3 1    0.270571
3 2   -1.02566
3 3    1.03513e-17
;

vp :=
1 1   -0.626767
1 2    0.0199863
1 3   -0.785529
2 1   -0.887921
2 2    0.0111426
2 3    0.458228
3 1    0.289573
3 2   -0.943675
3 3    0.0491755
;

