solve_message = ' \
Ipopt 3.9.1: Optimal Solution Found'

Solve time:
_solve_time = 0.670804

Objective:
p :=
1 1    0.0217777
1 2   -0.00230365
1 3   -0.065217
2 1   -0.0347504
2 2   -0.000978524
2 3    0.000555553
3 1    0.0129726
3 2    0.00328223
3 3    0.0646537
;

phi :=
1 1   0.0656469
1 2   0.0480257
1 3   0.144411
2 1   0.0695059
2 2   0.0851026
2 3   0.0999018
3 1   0.051442
3 2   0.103126
3 3   0.107371
4 1   0.0472948
4 2   0.0565598
4 3   0.15716
;

l [*,1,*]
:       1           2           3         :=
1   -0.867137    0.716529   -0.638105
2   -0.784878   -0.408128   -0.943374
3   -1.0708     -0.714898    0.0883919
4   -1.15352     0.40927     0.395304

 [*,2,*]
:       1           2           3         :=
1   -1.20292     0.329802   -0.0731938
2   -0.498102    0.680188   -0.993922
3   -0.310459   -0.333237   -1.2436
4   -1.01498    -0.685237   -0.323274

 [*,3,*]
:      1           2          3        :=
1   1.06041     0.632924   0.358717
2   0.236005    0.409229   1.19761
3   0.372144   -0.63888    1.05348
4   1.19677    -0.416854   0.214358
;

np :=
1 1    0.0373346
1 2   -0.00394926
1 3   -1.0236
2 1   -0.953399
2 2   -0.0268464
2 3    9.1794e-16
3 1    0.00115759
3 2    0.000292885
3 3    0.963299
;

vp :=
1 1   -0.969116
1 2    0.0011416
1 3   -0.274324
2 1   -0.756896
2 2   -0.0022611
2 3   -0.658132
3 1    0.716662
3 2   -0.00330646
3 3    0.705707
;

