solve_message = ' \
Ipopt 3.9.1: Optimal Solution Found'

Solve time:
_solve_time = 1.96561

Objective:
p :=
1 1    0.00022702
1 2    0.0292075
1 3   -0.0629072
2 1   -0.0022688
2 2   -0.0349628
2 3   -0.00181293
3 1    0.00204183
3 2    0.0057553
3 3    0.0647202
;

phi :=
1 1   0.109723
1 2   0.0475573
1 3   0.136242
2 1   0.145632
2 2   0.0729265
2 3   0.0959873
3 1   0.0866366
3 2   0.0801382
3 3   0.0592242
4 1   0.0655628
4 2   0.0527669
4 3   0.0840784
;

l [*,1,*]
:       1           2           3        :=
1   -0.338337    1.02988    -0.681358
2    0.643869    0.768796   -0.796893
3    0.299903   -0.349356   -1.19547
4   -0.68285    -0.090054   -1.08057

 [*,2,*]
:       1           2           3        :=
1   -0.701951   -0.960385   -0.478662
2    0.394579   -1.02878    -0.657423
3    0.579744   -1.04022     0.477786
4   -0.51649    -0.971848    0.658354

 [*,3,*]
:       1            2          3        :=
1    0.404302     0.423465   1.12225
2   -0.658757     0.753204   0.773207
3   -0.979106    -0.288203   0.740233
4    0.0834421   -0.619602   1.08922
;

np :=
1 1    0.00221651
1 2    0.281809
1 3   -0.795262
2 1   -0.065228
2 2   -1.00518
2 3   -1.31279e-11
3 1    1.63852e-06
3 2    4.62314e-06
3 3    0.97025
;

vp :=
1 1   -0.019745
1 2    0.33992
1 3   -0.938529
2 1   -0.0614665
2 2   -1.00028
2 3    8.55233e-05
3 1   -0.287106
3 2    0.0670842
3 3    0.931368
;

solve_message = ' \
Ipopt 3.9.1: Optimal Solution Found'

Solve time:
_solve_time = 0.702005

Objective:
p :=
1 1   -0.0190505
1 2    0.0198994
1 3    0.0625751
2 1   -0.0151048
2 2   -0.0147111
2 3   -0.0657398
3 1    0.0341885
3 2   -0.00515712
3 3    0.0031647
;

phi :=
1 1   0.055473
1 2   0.134947
1 3   0.123058
2 1   0.0198368
2 2   0.215319
2 3   0.0414236
3 1   0.0393081
3 2   0.077849
3 3   0.065349
4 1   0.0644047
4 2   0.0351068
4 3   0.155683
;

l [*,1,*]
:       1            2          3        :=
1   -0.0375519    0.840578   1.02217
2   -0.729533     0.19468    1.02324
3    0.154597    -0.756404   0.930888
4    0.847987    -0.112022   0.929666

 [*,2,*]
:       1           2           3         :=
1   -0.876645    0.769248   -0.540167
2   -0.727371   -0.370985   -0.994902
3   -1.02367    -0.771308   -0.0966284
4   -1.17341     0.368288    0.359537

 [*,3,*]
:      1           2           3         :=
1   0.880543    0.702397    0.316139
2   0.319836    0.160821    1.25248
3   0.571426   -0.754833    0.882258
4   1.13253    -0.214716   -0.0546705
;

np :=
1 1   -0.129403
1 2    0.135159
1 3    0.766335
2 1   -0.0206156
2 2   -0.0200802
2 3   -1.08244
3 1    0.907815
3 2   -0.136938
3 3    6.48502e-10
;

vp :=
1 1    0.0591508
1 2    0.041965
1 3    0.97649
2 1   -0.950335
2 2   -0.000734974
2 3   -0.317859
3 1    0.726308
3 2   -0.0263672
3 3    0.598678
;

