solve_message = ' \
Ipopt 3.9.1: Optimal Solution Found'

Solve time:
_solve_time = 0.452403

Objective:
p :=
1 1    0.0174049
1 2    0.0289936
1 3    0.0503579
2 1   -0.0312097
2 2    0.00260862
2 3   -0.059161
3 1    0.0138038
3 2   -0.0316015
3 3    0.00880307
;

phi :=
1 1   0.0458749
1 2   0.0457271
1 3   0.11821
2 1   0.0682467
2 2   0.0686157
2 3   0.176942
3 1   0.114781
3 2   0.0979242
3 3   0.0837384
4 1   0.0934618
4 2   0.0706259
4 3   0.0521679
;

l [*,1,*]
:       1          2           3        :=
1    0.848532   0.759601   -0.556181
2   -0.188685   1.02248    -0.512273
3   -0.15109    0.991615    0.661893
4    0.886187   0.72869     0.619855

 [*,2,*]
:       1            2           3        :=
1   -0.218082    -0.291994   -1.19358
2   -1.02404     -0.278594   -0.716211
3   -0.832427     0.861467   -0.257463
4   -0.0261649    0.849882   -0.734098

 [*,3,*]
:       1           2           3        :=
1    0.862498   -0.822374    0.492322
2   -0.112828   -0.998435    0.684942
3   -0.345866   -1.01571    -0.523939
4    0.629089   -0.839677   -0.718485
;

np :=
1 1    0.404546
1 2    0.673906
1 3    0.167525
2 1   -0.457737
2 2    0.0382604
2 3   -0.51743
3 1    0.360812
3 2   -0.826007
3 3    8.35536e-07
;

vp :=
1 1    0.349149
1 2    0.875491
1 3    0.0533067
2 1   -0.524857
2 2    0.285185
2 3   -0.725527
3 1    0.258612
3 2   -0.918979
3 3   -0.0163671
;

