solve_message = ' \
Ipopt 3.9.1: Optimal Solution Found'

Solve time:
_solve_time = 1.15441

Objective:
p :=
1 1    0.0131908
1 2   -0.0324821
1 3    0.00397738
2 1   -0.024067
2 2    0.00250807
2 3   -0.0638395
3 1    0.0108767
3 2    0.029974
3 3    0.0598621
;

phi :=
1 1   0.071657
1 2   0.0637466
1 3   0.0954515
2 1   0.0627989
2 2   0.100064
2 3   0.12072
3 1   0.0956213
3 2   0.0938526
3 3   0.095193
4 1   0.103977
4 2   0.0587737
4 3   0.0743723
;

l [*,1,*]
:       1           2           3         :=
1    0.131591   -0.960417    0.856682
2   -0.433848   -1.20971     0.0302111
3    0.507769   -0.910434   -0.701092
4    1.07471    -0.660666    0.124214

 [*,2,*]
:       1           2           3        :=
1   -1.22724     0.328844   -0.186488
2   -0.599278    0.712752   -0.891585
3   -0.228236   -0.433163   -1.18546
4   -0.855608   -0.818896   -0.480831

 [*,3,*]
:       1          2          3        :=
1    0.56845    0.264589   1.11484
2    0.68805    1.05173    0.242879
3   -0.379832   1.18533    0.215399
4   -0.501132   0.398395   1.08732
;

np :=
1 1    0.380661
1 2   -0.937371
1 3    3.21209e-09
2 1   -0.075084
2 2    0.00782467
2 3   -0.881522
3 1    0.177686
3 2    0.489666
3 3    0.561916
;

vp :=
1 1    0.320281
1 2   -0.935207
1 3    0.0778328
2 1   -0.727841
2 2   -0.0527689
2 3   -0.68581
3 1    0.093836
3 2    0.724697
3 3    0.665458
;

