solve_message = ' \
Ipopt 3.9.1: Optimal Solution Found'

Solve time:
_solve_time = 0.608404

Objective:
p :=
1 1   -0.0172553
1 2   -0.0292761
1 3   -0.0519457
2 1   -0.0170402
2 2    0.0237549
2 3    0.0633519
3 1    0.034296
3 2    0.00552069
3 3   -0.0114062
;

phi :=
1 1   0.0162061
1 2   0.101971
1 3   0.00408735
2 1   0.0115765
2 2   0.122884
2 3   0.0189547
3 1   0.231845
3 2   0.00949572
3 3   0.176315
4 1   0.227047
4 2   0.00924298
4 3   0.0990361
;

l [*,1,*]
:       1           2           3        :=
1    0.294236   -1.20026     0.144148
2   -0.554376   -0.974318    0.587277
3   -1.02863    -0.587398   -0.523121
4   -0.180772   -0.812726   -0.968018

 [*,2,*]
:       1           2          3        :=
1    0.627766    0.817688   0.730507
2   -0.331341    0.740082   0.942753
3   -0.192822   -0.495162   1.10929
4    0.766506   -0.419523   0.897304

 [*,3,*]
:      1           2          3        :=
1   0.310078   -0.469794   1.1391
2   0.995827   -0.651103   0.447972
3   1.11122     0.588551   0.234773
4   0.425655    0.771834   0.925563
;

np :=
1 1   -0.413051
1 2   -0.700798
1 3   -0.208188
2 1   -0.165342
2 2    0.230495
2 3    0.835456
3 1    0.936617
3 2    0.150769
3 3   -5.1237e-06
;

vp :=
1 1   -0.367047
1 2   -0.893766
1 3   -0.190106
2 1    0.217909
2 2    0.160802
2 3    0.919878
3 1    0.710421
3 2    0.0599446
3 3    0.687128
;

