solve_message = ' \
Ipopt 3.9.1: Optimal Solution Found'

Solve time:
_solve_time = 1.66921

Objective:
p :=
1 1    0.00441595
1 2   -0.0347507
1 3    0.0017925
2 1    0.0246927
2 2    0.0215955
2 3    0.0565664
3 1   -0.0291108
3 2    0.0131579
3 3   -0.0583589
;

phi :=
1 1   0.133644
1 2   0.0743878
1 3   0.0736503
2 1   0.0396567
2 2   0.0839542
2 3   0.0891816
3 1   0.137173
3 2   0.0914385
3 3   0.0681596
4 1   0.0809605
4 2   0.0902484
4 3   0.0753904
;

l [*,1,*]
:       1           2           3        :=
1   -0.577711   -1.03725    -0.455
2    0.56858    -0.993514   -0.587792
3    0.691924   -0.957911    0.506567
4   -0.454171   -1.00159     0.641101

 [*,2,*]
:       1          2           3        :=
1    1.21554    0.346772    0.191971
2    0.474581   1.08509    -0.285589
3   -0.150267   1.0404      0.614544
4    0.589696   0.302017    1.09354

 [*,3,*]
:       1            2            3         :=
1    0.0188813    1.00928     -0.646765
2   -0.369931     0.082677    -1.21545
3   -1.17879     -0.0137378   -0.500323
4   -0.791261     0.912707     0.0695051
;

np :=
1 1    0.126827
1 2   -0.998004
1 3    1.19683e-11
2 1    0.478237
2 2    0.418253
2 3    0.378017
3 1   -0.48095
3 2    0.217386
3 3   -0.470278
;

vp :=
1 1    0.0566987
1 2   -0.997584
1 3    0.0262721
2 1    0.532682
2 2    0.693276
2 3    0.403806
3 1   -0.580119
3 2    0.498099
3 3   -0.573033
;

