solve_message = ' \
Ipopt 3.9.1: Optimal Solution Found'

Solve time:
_solve_time = 0.670804

Objective:
p :=
1 1   -0.0171187
1 2    0.0300462
1 3    0.0103093
2 1    0.0308017
2 2    0.00117706
2 3   -0.0606633
3 1   -0.0136823
3 2   -0.0312232
3 3    0.050354
;

phi :=
1 1   0.136653
1 2   0.0885159
1 3   0.116689
2 1   0.0905323
2 2   0.0594032
2 3   0.0690706
3 1   0.0698858
3 2   0.0477008
3 3   0.0667692
4 1   0.106349
4 2   0.0721373
4 3   0.112059
;

l [*,1,*]
:       1          2           3         :=
1   -0.506019   0.731229   -0.887931
2   -1.10987    0.582727   -0.0816922
3   -0.239524   1.04141     0.655712
4    0.365714   1.19065    -0.149352

 [*,2,*]
:      1           2            3         :=
1   1.27336     0.144073   -0.00181908
2   0.703654    0.781727    0.724216
3   0.296092   -0.155168    1.22839
4   0.865145   -0.794314    0.503163

 [*,3,*]
:       1            2           3        :=
1    0.33938     -1.13426    -0.406487
2    0.0865391   -0.995023    0.772257
3   -0.884172    -0.72488     0.535016
4   -0.632877    -0.863686   -0.644106
;

np :=
1 1   -0.454981
1 2    0.798568
1 3    2.52113e-06
2 1    0.410622
2 2    0.015691
2 3   -0.616719
3 1   -0.333741
3 2   -0.761599
3 3    0.167425
;

vp :=
1 1   -0.372184
1 2    0.886564
1 3   -0.116137
2 1    0.784789
2 2   -0.006175
2 3    0.613199
3 1   -0.272682
3 2   -0.929517
3 3    0.0637002
;

