solve_message = ' \
Ipopt 3.9.1: Optimal Solution Found'

Solve time:
_solve_time = 0.468003

Objective:
p :=
1 1   -0.000337109
1 2    0.0328994
1 3   -0.0586014
2 1    0.000795427
2 2   -0.0349901
2 3   -0.00547421
3 1   -0.000458318
3 2    0.00209067
3 3    0.0640756
;

phi :=
1 1   0.117562
1 2   0.0718783
1 3   0.0733242
2 1   0.115843
2 2   0.0733317
2 3   0.0669431
3 1   0.0911452
3 2   0.100095
3 3   0.0644201
4 1   0.0936568
4 2   0.0985607
4 3   0.070049
;

l [*,1,*]
:       1          2           3         :=
1    0.455919   0.506951   -1.08399
2   -0.595816   0.550354   -0.991032
3   -0.480253   1.18696     0.0239707
4    0.571667   1.14457    -0.0673725

 [*,2,*]
:       1           2           3        :=
1    0.458549   -1.00863     0.677352
2   -0.543793   -1.02193     0.576891
3   -0.417476   -1.00936    -0.653227
4    0.585067   -0.996044   -0.554725

 [*,3,*]
:       1           2          3        :=
1   -0.303303    0.746538   1.0033
2   -0.765823   -0.269891   0.998238
3    0.278874   -0.746224   1.01064
4    0.743058    0.269447   1.01572
;

np :=
1 1   -0.00664599
1 2    0.648601
1 3   -0.484129
2 1    0.0227231
2 2   -0.999567
2 3   -3.00224e-08
3 1   -6.84786e-10
3 2    3.12373e-09
3 3    0.904595
;

vp :=
1 1   -0.0117015
1 2    0.847193
1 3   -0.529643
2 1    0.0209862
2 2   -1.00899
2 3    0.0116124
3 1   -0.0116139
3 2    0.000372237
3 3    1.00698
;

