solve_message = ' \
Ipopt 3.9.1: Optimal Solution Found'

Solve time:
_solve_time = 0.561604

Objective:
p :=
1 1   -0.0315742
1 2   -0.000329823
1 3    0.0613033
2 1    0.0351516
2 2   -4.36062e-05
2 3    0.00374985
3 1   -0.00357734
3 2    0.000372299
3 3   -0.0650535
;

phi :=
1 1   0.0763596
1 2   0.0872381
1 3   0.102094
2 1   0.0453926
2 2   0.0577721
2 3   0.19894
3 1   0.0409255
3 2   0.0576288
3 3   0.137393
4 1   0.0699078
4 2   0.0869825
4 3   0.073586
;

l [*,1,*]
:      1           2          3        :=
1   1.21746     0.36842    0.151381
2   0.404474    0.643412   1.02237
3   0.24583    -0.364517   1.19464
4   1.05857    -0.641114   0.323927

 [*,2,*]
:      1           2          3        :=
1   1.08627     0.598534   0.369454
2   0.338748    0.62497    1.08703
3   0.312794   -0.604159   1.1058
4   1.06027    -0.632552   0.388258

 [*,3,*]
:       1           2           3        :=
1   -1.00166     0.760872   -0.254699
2   -0.592131    0.298845   -1.10011
3   -0.804772   -0.790544   -0.607645
4   -1.21464    -0.330253    0.238551
;

np :=
1 1   -0.486395
1 2   -0.00508087
1 3    0.663731
2 1    1.03072
2 2   -0.00127863
2 3    2.12536e-09
3 1   -1.20281e-07
3 2    1.24916e-08
3 3   -1.00578
;

vp :=
1 1    0.731907
1 2    0.00144045
1 3    0.672731
2 1    0.699819
2 2   -0.00331267
2 3    0.73735
3 1   -0.903465
3 2   -0.0150861
3 3   -0.430639
;

