solve_message = ' \
Ipopt 3.9.1: Optimal Solution Found'

Solve time:
_solve_time = 0.858005

Objective:
p :=
1 1   -0.0178063
1 2    0.0223546
1 3    0.0626581
2 1    0.0337675
2 2    0.00681243
2 3   -0.00547834
3 1   -0.0159595
3 2   -0.0291699
3 3   -0.0571798
;

phi :=
1 1   0.0532965
1 2   0.0177967
1 3   0.0238997
2 1   0.110419
2 2   0.0111762
2 3   0.0355159
3 1   0.0409993
3 2   0.112752
3 3   0.179207
4 1   0.0048312
4 2   0.170357
4 3   0.269492
;

l [*,1,*]
:       1            2           3        :=
1    1.07571      0.246933    0.663234
2    0.0882476    0.834308    0.987782
3   -0.390694    -0.0950458   1.2162
4    0.596004    -0.683901    0.892019

 [*,2,*]
:      1           2          3        :=
1   0.509642   -0.456512   1.0895
2   1.09882    -0.405939   0.593604
3   0.70347     0.957886   0.26593
4   0.113663    0.909485   0.761309

 [*,3,*]
:       1           2           3        :=
1    0.474434   -1.13421    -0.2707
2   -0.699056   -0.988649    0.293681
3   -1.0298     -0.595668   -0.491625
4    0.143163   -0.740603   -1.05726
;

np :=
1 1   -0.150811
1 2    0.189334
1 3    0.773479
2 1    0.876993
2 2    0.176929
2 3   -3.02085e-08
3 1   -0.335212
3 2   -0.61268
3 3   -0.407666
;

vp :=
1 1    0.34271
1 2    0.0753391
1 3    0.93968
2 1    0.606163
2 2    0.25121
2 3    0.677784
3 1   -0.277347
3 2   -0.86484
3 3   -0.3817
;

