solve_message = ' \
Ipopt 3.9.1: Optimal Solution Found'

Solve time:
_solve_time = 1.95001

Objective:
p :=
1 1   -0.0033834
1 2    0.0341175
1 3   -0.0524871
2 1    0.00219198
2 2   -0.0349947
2 3   -0.0128778
3 1    0.00119142
3 2    0.000877282
3 3    0.0653649
;

phi :=
1 1   0.134368
1 2   0.0959482
1 3   0.0445902
2 1   0.135581
2 2   0.0601443
2 3   0.0675887
3 1   0.0758958
3 2   0.0984389
3 3   0.0628715
4 1   0.0732746
4 2   0.146588
4 3   0.0408114
;

l [*,1,*]
:       1          2           3         :=
1   -0.356142   0.762783   -0.96525
2   -0.81783    0.985955    0.0615543
3    0.197851   1.16422     0.48007
4    0.661157   0.941333   -0.546068

 [*,2,*]
:       1           2           3        :=
1    0.295823   -0.960819   -0.784192
2    0.793753   -0.951703    0.29725
3   -0.174256   -1.0277      0.744362
4   -0.673728   -1.03694    -0.336368

 [*,3,*]
:      1           2          3        :=
1   1.14383     0.533446   0.151962
2   0.276884    0.444814   1.15536
3   0.348509   -0.467775   1.13894
4   1.21557    -0.380597   0.135512
;

np :=
1 1   -0.085406
1 2    0.861215
1 3   -0.22386
2 1    0.063311
2 2   -1.01075
2 3   -1.19812e-05
3 1    1.94263e-10
3 2    1.43042e-10
3 3    1.03997
;

vp :=
1 1   -0.078557
1 2    0.963485
1 3   -0.242832
2 1    0.0601992
2 2   -0.994294
2 3   -0.0201679
3 1    0.746546
3 2    0.032507
3 3    0.645044
;

