solve_message = ' \
Ipopt 3.9.1: Optimal Solution Found'

Solve time:
_solve_time = 0.390003

Objective:
p :=
1 1   -0.00704708
1 2   -0.00441995
1 3    0.0643184
2 1    0.0354765
2 2    0.00117765
2 3   -0.00099513
3 1   -0.0284119
3 2    0.00323858
3 3   -0.0633237
;

phi :=
1 1   0.0655428
1 2   0.12241
1 3   0.0610611
2 1   0.0412705
2 2   0.0536431
2 3   0.128742
3 1   0.0413529
3 2   0.0450207
3 3   0.212174
4 1   0.0649821
4 2   0.103669
4 3   0.0951537
;

l [*,1,*]
:       1           2          3        :=
1    0.667539    0.450242   1.02245
2   -0.35123     0.528943   1.13843
3   -0.462966   -0.703351   0.999497
4    0.555625   -0.784015   0.883295

 [*,2,*]
:      1           2          3        :=
1   1.16434     0.531637   0.279111
2   0.372742    0.679205   1.0445
3   0.286293   -0.46893    1.17799
4   1.07775    -0.618328   0.412814

 [*,3,*]
:       1           2            3         :=
1   -1.27353     0.0848345    0.0886801
2   -0.733109    0.781029    -0.706211
3   -0.37274    -0.0889067   -1.22587
4   -0.91259    -0.786487    -0.43181
;

np :=
1 1   -3.60396e-05
1 2   -2.2678e-05
1 3    0.928863
2 1    1.10292
2 2    0.0366118
2 3   -1.97035e-13
3 1   -0.24146
3 2    0.0275232
3 3   -0.832861
;

vp :=
1 1    0.102648
1 2   -0.127077
1 3    1.01087
2 1    0.725598
2 2    0.0308368
2 3    0.728297
3 1   -0.823208
3 2   -0.00266019
3 3   -0.568487
;

