solve_message = ' \
Ipopt 3.9.1: Optimal Solution Found'

Solve time:
_solve_time = 0.702004

Objective:
p :=
1 1    0.00310514
1 2    0.0345668
1 3   -0.0465689
2 1   -0.00224406
2 2   -0.0349749
2 3   -0.0181133
3 1   -0.000861085
3 2    0.000408084
3 3    0.0646821
;

phi :=
1 1   0.120999
1 2   0.126893
1 3   0.057105
2 1   0.0606638
2 2   0.0657669
2 3   0.0504418
3 1   0.0829189
3 2   0.0673344
3 3   0.0501266
4 1   0.164723
4 2   0.131638
4 3   0.0568796
;

l [*,1,*]
:       1          2           3        :=
1   -0.474893   0.964243   -0.69891
2   -0.412208   1.09234     0.529655
3    0.607602   1.01991     0.486564
4    0.546542   0.891699   -0.74207

 [*,2,*]
:       1           2           3        :=
1    0.686096   -1.06343    -0.230611
2    0.128795   -1.00678     0.785549
3   -0.842255   -0.936325    0.254336
4   -0.286501   -0.992865   -0.76267

 [*,3,*]
:       1            2          3        :=
1    0.35421      0.255379   1.20203
2   -0.588744     0.675491   0.900867
3   -1.01135     -0.412676   0.685405
4   -0.0690726   -0.834521   0.986227
;

np :=
1 1    0.0843393
1 2    0.938875
1 3   -0.0968893
2 1   -0.0646325
2 2   -1.00733
2 3   -0.000130478
3 1   -7.94808e-12
3 2    4.0255e-12
3 3    0.96626
;

vp :=
1 1    0.0667363
1 2    0.991996
1 3   -0.10668
2 1   -0.0782443
2 2   -0.999871
2 3    0.011246
3 1   -0.328365
3 2   -0.0792494
3 3    0.943753
;

