solve_message = ' \
Ipopt 3.9.1: Optimal Solution Found'

Solve time:
_solve_time = 0.889206

Objective:
p :=
1 1    0.00446402
1 2    0.0347414
1 3   -0.000758933
2 1   -0.00253083
2 2   -0.0243755
2 3   -0.064561
3 1   -0.00193324
3 2   -0.0103657
3 3    0.0653199
;

phi :=
1 1   0.0417513
1 2   0.137394
1 3   0.0545266
2 1   0.0630102
2 2   0.144647
2 3   0.0966071
3 1   0.061167
3 2   0.070097
3 3   0.165188
4 1   0.0403342
4 2   0.0651512
4 3   0.0952844
;

l [*,1,*]
:       1          2           3        :=
1   -0.257075   1.03893     0.704113
2    0.779904   0.908783    0.458132
3    0.51072    0.945521   -0.698549
4   -0.526687   1.07573    -0.45441

 [*,2,*]
:       1           2            3        :=
1    0.553157   -0.21579     -1.13498
2   -0.53839    -0.79369     -0.851147
3   -0.992265    0.0832599   -0.804108
4    0.09856     0.662556    -1.08786

 [*,3,*]
:       1           2          3        :=
1   -0.174701    0.767714   1.02083
2   -0.766332   -0.287643   0.985474
3    0.149449   -0.802778   0.981629
4    0.742538    0.251759   1.01698
;

np :=
1 1    0.128135
1 2    0.997215
1 3   -2.95789e-14
2 1   -0.00852064
2 2   -0.082062
2 3   -0.953667
3 1   -4.12985e-05
3 2   -0.000221391
3 3    1.03496
;

vp :=
1 1    0.126302
1 2    0.992293
1 3    0.00241919
2 1   -0.2193
2 2   -0.0656855
2 3   -0.969637
3 1   -0.0120253
3 2   -0.0173166
3 3    1.00124
;

