solve_message = ' \
Ipopt 3.9.1: Optimal Solution Found'

Solve time:
_solve_time = 0.639604

Objective:
p :=
1 1    0.00366005
1 2    0.0143284
1 3    0.0655657
2 1   -0.0028578
2 2   -0.0349124
2 3   -0.000583892
3 1   -0.000792663
3 2    0.0205114
3 3   -0.0649833
;

phi :=
1 1   0.0755538
1 2   0.0402154
1 3   0.0342926
2 1   0.205694
2 2   0.0217151
2 3   0.0479973
3 1   0.0538674
3 2   0.0476279
3 3   0.2152
4 1   0.0757308
4 2   0.0970417
4 3   0.119497
;

l [*,1,*]
:       1           2          3        :=
1    0.752807    0.472511   0.96049
2   -0.420282    0.543025   1.12009
3   -0.494678   -0.549999   1.07124
4    0.678292   -0.622253   0.911561

 [*,2,*]
:       1            2           3        :=
1    0.0202142   -1.02252    -0.775379
2    0.677596    -1.05208     0.274361
3   -0.182782    -0.968061    0.816931
4   -0.841534    -0.938368   -0.231946

 [*,3,*]
:       1            2           3        :=
1    1.09953     -0.313381   -0.584629
2    0.0739422   -0.672269   -1.09026
3   -0.22102      0.345071   -1.21921
4    0.804094     0.705579   -0.713782
;

np :=
1 1    0.00059284
1 2    0.00230227
1 3    1.06254
2 1   -0.0820603
2 2   -1.00249
2 3   -4.69631e-15
3 1   -0.000921212
3 2    0.0238459
3 3   -0.9982
;

vp :=
1 1    0.129502
1 2   -0.0392072
1 3    1.01578
2 1   -0.0818885
2 2   -0.995244
2 3    0.0205734
3 1    0.439544
3 2    0.0163935
3 3   -0.90177
;

