solve_message = ' \
Ipopt 3.9.1: Optimal Solution Found'

Solve time:
_solve_time = 0.733205

Objective:
p :=
1 1    0.00174087
1 2    0.0257658
1 3   -0.0643076
2 1    0.00719476
2 2   -0.0342763
2 3   -0.000679677
3 1   -0.00893563
3 2    0.00851049
3 3    0.0649872
;

phi :=
1 1   0.0550945
1 2   0.0444914
1 3   0.0860377
2 1   0.0897916
2 2   0.0657432
2 3   0.167755
3 1   0.178107
3 2   0.0587093
3 3   0.0931296
4 1   0.110223
4 2   0.0388763
4 3   0.0467671
;

l [*,1,*]
:       1           2           3        :=
1    0.418134   -0.4771     -1.11445
2   -0.657216   -0.439404   -1.0099
3   -0.602843    0.731889   -0.863581
4    0.472594    0.696059   -0.967898

 [*,2,*]
:       1           2           3        :=
1    0.808634   -0.838286    0.531583
2   -0.253308   -1.05881     0.674692
3   -0.397372   -1.11975    -0.483186
4    0.664341   -0.899322   -0.62814

 [*,3,*]
:       1           2          3        :=
1    0.944675    0.505      0.707076
2   -0.171077    0.525975   1.15972
3   -0.194461   -0.531883   1.153
4    0.921253   -0.554543   0.700344
;

np :=
1 1    0.00802559
1 2    0.118785
1 3   -0.927771
2 1    0.206386
2 2   -0.983234
2 3   -1.36686e-14
3 1   -0.000490364
3 2    0.000467038
3 3    0.998627
;

vp :=
1 1   -0.0919044
1 2    0.127847
1 3   -0.988996
2 1    0.205997
2 2   -0.978957
2 3    0.0236797
3 1    0.375542
3 2   -0.0138714
3 3    0.929854
;

