solve_message = ' \
Ipopt 3.9.1: Optimal Solution Found'

Solve time:
_solve_time = 0.436803

Objective:
p :=
1 1   -0.0163717
1 2   -0.0147531
1 3    0.0646329
2 1   -0.0184922
2 2    0.0179478
2 3   -0.0637847
3 1    0.0348641
3 2   -0.00319459
3 3   -0.000848121
;

phi :=
1 1   0.062094
1 2   0.156101
1 3   0.0375723
2 1   0.332807
2 2   0.0555996
2 3   0.0239308
3 1   0.0587943
3 2   0.0265621
3 3   0.0642579
4 1   0.0352582
4 2   0.0346895
4 3   0.144121
;

l [*,1,*]
:       1           2            3        :=
1   -0.849653    0.787182     0.503232
2   -1.24236    -0.093774    -0.235665
3   -0.878846   -0.807574     0.421757
4   -0.485564    0.0722452    1.1617

 [*,2,*]
:      1           2            3        :=
1   1.02595     0.0166263   -0.800442
2   0.956964    0.834039    -0.206049
3   1.02599     0.116469     0.79894
4   1.09508    -0.702087     0.206148

 [*,3,*]
:      1           2          3        :=
1   0.480176    0.680889   0.930424
2   0.182434   -0.259538   1.2261
3   0.942122   -0.756294   0.409417
4   1.24107     0.183343   0.112443
;

np :=
1 1   -0.0291527
1 2   -0.0262705
1 3    0.961125
2 1   -0.084176
2 2    0.0816977
2 3   -0.876241
3 1    0.99786
3 2   -0.0914335
3 3   -6.43887e-14
;

vp :=
1 1   -0.863948
1 2   -0.0101293
1 3    0.463051
2 1    1.02602
2 2    0.0659359
2 3   -0.000587082
3 1    0.71157
3 2   -0.0375253
3 3    0.669477
;

