solve_message = ' \
Ipopt 3.9.1: Optimal Solution Found'

Solve time:
_solve_time = 2.10601

Objective:
p :=
1 1    0.0350229
1 2   -0.000585827
1 3   -0.00215965
2 1   -0.00588983
2 2   -0.000785439
2 3    0.0651099
3 1   -0.029133
3 2    0.00137126
3 3   -0.0629503
;

phi :=
1 1   0.0584579
1 2   0.0630941
1 3   0.106302
2 1   0.0652102
2 2   0.0655619
2 3   0.129405
3 1   0.0796103
3 2   0.0621358
3 3   0.150854
4 1   0.0716909
4 2   0.0597757
4 3   0.123757
;

l [*,1,*]
:      1           2           3        :=
1   0.14493     0.0152526   1.27302
2   0.567485   -0.80362     0.819928
3   1.27263    -0.0608825   0.134521
4   0.851197    0.759173    0.586518

 [*,2,*]
:       1           2          3        :=
1    0.739275   -0.716508   0.765156
2    1.09055     0.357492   0.581605
3    0.145706    0.745945   1.0401
4   -0.207079   -0.327435   1.22438

 [*,3,*]
:       1           2           3        :=
1   -1.25661     0.158923   -0.199256
2   -0.665569    0.80074    -0.747895
3   -0.103469   -0.160868   -1.26783
4   -0.693613   -0.804217   -0.720017
;

np :=
1 1    1.00543
1 2   -0.0168178
1 3   -4.46957e-11
2 1   -4.02883e-06
2 2   -5.37309e-07
2 3    1.0119
3 1   -0.278678
3 2    0.0131169
3 3   -0.799084
;

vp :=
1 1    0.708892
1 2   -0.0221927
1 3    0.703676
2 1    0.441974
2 2    0.0144457
2 3    0.902884
3 1   -0.68005
3 2   -0.00161162
3 3   -0.733531
;

