solve_message = ' \
Ipopt 3.9.1: Optimal Solution Found'

Solve time:
_solve_time = 1.41961

Objective:
p :=
1 1    0.0276797
1 2   -0.00931592
1 3    0.0627991
2 1   -0.0124497
2 2    0.0326405
2 3    0.000614715
3 1   -0.0152293
3 2   -0.0233241
3 3   -0.0634139
;

phi :=
1 1   0.113406
1 2   0.0642949
1 3   0.0698682
2 1   0.126384
2 2   0.0696918
2 3   0.112159
3 1   0.0892242
3 2   0.0578276
3 3   0.122458
4 1   0.0744555
4 2   0.0564786
4 3   0.0792596
;

l [*,1,*]
:       1           2          3        :=
1   -0.122466   -0.416364   1.21004
2    0.642943   -0.886523   0.666446
3    1.16526     0.185417   0.471275
4    0.400683    0.657285   1.01456

 [*,2,*]
:       1          2           3        :=
1   -0.802946   0.80732    -0.584185
2   -0.772081   0.834552    0.581459
3    0.283346   1.13824     0.548139
4    0.254162   1.1115     -0.617558

 [*,3,*]
:       1            2           3        :=
1   -0.0726244    0.481592   -1.19277
2    0.302369    -0.668688   -1.04911
3   -0.621308    -0.919597   -0.634883
4   -0.997773     0.230283   -0.777882
;

np :=
1 1    0.266963
1 2   -0.0898509
1 3    0.785747
2 1   -0.351709
2 2    0.922106
2 3    6.76253e-15
3 1   -0.110585
3 2   -0.169363
3 3   -0.841193
;

vp :=
1 1    0.5213
1 2   -0.114859
1 3    0.840796
2 1   -0.259392
2 2    0.972892
2 3   -0.0185008
3 1   -0.347484
3 2   -0.218644
3 3   -0.913717
;

