solve_message = ' \
Ipopt 3.9.1: Optimal Solution Found'

Solve time:
_solve_time = 0.577204

Objective:
p :=
1 1    0.00133593
1 2    0.0350247
1 3   -0.00749298
2 1    0.00446015
2 2   -0.0331083
2 3   -0.0568003
3 1   -0.00579615
3 2   -0.00191653
3 3    0.064298
;

phi :=
1 1   0.113481
1 2   0.0684142
1 3   0.0365838
2 1   0.114774
2 2   0.0806953
2 3   0.0621866
3 1   0.0828923
3 2   0.145966
3 3   0.0907544
4 1   0.0712791
4 2   0.121382
4 3   0.0461984
;

l [*,1,*]
:       1          2           3        :=
1    0.494109   1.09231    -0.536946
2   -0.390179   1.11287    -0.577046
3   -0.456061   0.829464    0.747619
4    0.428121   0.808458    0.789829

 [*,2,*]
:       1            2           3         :=
1    0.827064    -0.934701    0.0825236
2   -0.0725278   -1.20381     0.3204
3   -0.476256    -0.848181   -0.842152
4    0.422693    -0.578507   -1.08188

 [*,3,*]
:       1           2          3        :=
1    0.574188    0.553566   1.01035
2   -0.540869    0.553893   1.04229
3   -0.543066   -0.59659    1.01449
4    0.571988   -0.59875    0.982503
;

np :=
1 1    0.0384988
1 2    1.00934
1 3   -2.6913e-07
2 1    0.096366
2 2   -0.715337
2 3   -0.389101
3 1   -4.66324e-06
3 2   -1.54193e-06
3 3    0.926805
;

vp :=
1 1    0.01935
1 2    0.960768
1 3    0.10588
2 1    0.175602
2 2   -0.891192
2 3   -0.380372
3 1    0.0160045
3 2   -0.0219706
3 3    1.0124
;

