solve_message = ' \
Ipopt 3.9.1: Optimal Solution Found'

Solve time:
_solve_time = 0.670804

Objective:
p :=
1 1   -0.0121325
1 2   -0.0297536
1 3    0.057676
2 1   -0.0186947
2 2    0.0289954
2 3    0.00239892
3 1    0.0308276
3 2    0.000758211
3 3   -0.0600749
;

phi :=
1 1   0.0501858
1 2   0.148739
1 3   0.0637825
2 1   0.0590127
2 2   0.197658
2 3   0.0316417
3 1   0.124501
3 2   0.0487104
3 3   0.0476193
4 1   0.102156
4 2   0.0477799
4 3   0.113429
;

l [*,1,*]
:       1           2           3         :=
1    0.464299   -0.571048    0.989035
2   -0.823081   -0.586547    0.736079
3   -0.66656    -1.05787    -0.0402139
4    0.621069   -1.04312     0.211505

 [*,2,*]
:        1           2           3        :=
1    0.114531     0.985023   -0.753829
2   -0.783687     0.600793   -0.802095
3   -0.901433     0.712203    0.446634
4   -0.00340253   1.09661     0.496889

 [*,3,*]
:      1           2          3        :=
1   1.07693     0.612999   0.335587
2   0.397869    0.540442   1.07917
3   0.413728   -0.701556   0.97228
4   1.09281    -0.630978   0.228527
;

np :=
1 1   -0.207545
1 2   -0.508981
1 3    0.433082
2 1   -0.489927
2 2    0.759874
2 3    9.32638e-11
3 1    0.411991
3 2    0.0101331
3 3   -0.576046
;

vp :=
1 1   -0.100555
1 2   -0.81464
1 3    0.474202
2 1   -0.39314
2 2    0.84881
2 3   -0.153081
3 1    0.745606
3 2   -0.0447447
3 3    0.653595
;

