solve_message = ' \
Ipopt 3.9.1: Optimal Solution Found'

Solve time:
_solve_time = 0.234001

Objective:
p :=
1 1    0.0122793
1 2   -0.028308
1 3   -0.0601099
2 1   -0.0341618
2 2    0.00624587
2 3   -0.00146772
3 1    0.0218759
3 2    0.0220517
3 3    0.0615777
;

phi :=
1 1   0.0647783
1 2   0.104502
1 3   0.0883014
2 1   0.0621614
2 2   0.0767218
2 3   0.134151
3 1   0.0620224
3 2   0.0587691
3 3   0.137594
4 1   0.0731174
4 2   0.073928
4 3   0.100272
;

l [*,1,*]
:       1            2            3        :=
1   -0.789683    -0.725318    -0.645435
2    0.0955258   -0.0835213   -1.26269
3    0.797532    -0.578528    -0.773296
4   -0.0865594   -1.22111     -0.155265

 [*,2,*]
:       1           2            3         :=
1   -1.26057     0.164849    -0.0818702
2   -0.515113    0.870111    -0.770285
3   -0.172771    0.0408262   -1.25183
4   -0.917682   -0.665757    -0.564182

 [*,3,*]
:       1           2           3        :=
1   1.15406      0.50118     0.1709
2   0.400925     1.03837     0.649245
3   0.0854412    0.0434894   1.27113
4   0.838075    -0.49529     0.793776
;

np :=
1 1    0.16473
1 2   -0.379732
1 3   -0.578402
2 1   -0.931418
2 2    0.170296
2 3   -2.91637e-12
3 1    0.305375
3 2    0.30782
3 3    0.684805
;

vp :=
1 1    0.00385113
1 2   -0.652376
1 3   -0.708925
2 1   -0.716831
2 2    0.102226
2 3   -0.666767
3 1    0.619925
3 2    0.271724
3 3    0.721072
;

