solve_message = ' \
Ipopt 3.9.1: Optimal Solution Found'

Solve time:
_solve_time = 0.748805

Objective:
p :=
1 1   -0.0106346
1 2   -0.0327988
1 3   -0.00316745
2 1   -0.0170202
2 2    0.0201202
2 3    0.0638331
3 1    0.027655
3 2    0.0126783
3 3   -0.0606656
;

phi :=
1 1   0.0441768
1 2   0.0227086
1 3   0.19293
2 1   0.0864209
2 2   0.0560938
2 3   0.0565727
3 1   0.0466947
3 2   0.246193
3 3   0.0290715
4 1   0.0236428
4 2   0.0850919
4 3   0.140855
;

l [*,1,*]
:       1           2           3        :=
1   -0.828251   -0.95266    -0.335406
2    0.323278   -1.13614    -0.463156
3    0.454832   -1.01428     0.577996
4   -0.696488   -0.830608    0.707404

 [*,2,*]
:       1           2           3        :=
1   -0.896519   -0.47592     0.750377
2   -0.869504    0.510456    0.76383
3   -1.04367     0.53293    -0.484425
4   -1.07096    -0.45341    -0.499867

 [*,3,*]
:      1           2           3        :=
1   1.08251     0.6486     0.169588
2   0.333039    0.392992   1.12243
3   0.476221   -0.592545   0.973456
4   1.22592    -0.338506   0.0203746
;

np :=
1 1   -0.277736
1 2   -0.856587
1 3   -6.52493e-10
2 1   -0.0886182
2 2    0.104759
2 3    0.880899
3 1    0.340782
3 2    0.15623
3 3   -0.616885
;

vp :=
1 1   -0.187116
1 2   -0.983349
1 3    0.121761
2 1   -0.970173
2 2    0.0281211
2 3    0.132473
3 1    0.77972
3 2    0.0277369
3 3    0.571083
;

