solve_message = ' \
Ipopt 3.9.1: Optimal Solution Found'

Solve time:
_solve_time = 0.561604

Objective:
p :=
1 1    0.0031632
1 2    0.0348036
1 3   -0.00263835
2 1   -0.000264252
2 2   -0.0300461
2 3   -0.0624342
3 1   -0.00289895
3 2   -0.00475744
3 3    0.0650726
;

phi :=
1 1   0.0906778
1 2   0.133786
1 3   0.136395
2 1   0.0461567
2 2   0.0643942
2 3   0.0775757
3 1   0.04807
3 2   0.069634
3 3   0.0462279
4 1   0.0919619
4 2   0.142897
4 3   0.0879277
;

l [*,1,*]
:       1          2           3        :=
1    0.826272   0.927241   -0.338673
2   -0.258123   1.01287    -0.751839
3   -0.64526    1.07969     0.279509
4    0.438519   0.994175    0.694317

 [*,2,*]
:       1           2           3        :=
1   -0.186233   -1.13489    -0.573123
2   -0.802947   -0.270159   -0.966495
3    0.146148    0.280445   -1.24666
4    0.764374   -0.583408   -0.853737

 [*,3,*]
:       1           2          3        :=
1    0.127008   -0.298358   1.24193
2   -0.224949    0.729609   1.03059
3   -1.1489      0.301677   0.482251
4   -0.798418   -0.726971   0.692715
;

np :=
1 1    0.0895598
1 2    0.985394
1 3   -1.81523e-10
2 1   -0.00302256
2 2   -0.343673
2 3   -0.754337
3 1   -1.34714e-06
3 2   -2.21077e-06
3 3    1.00784
;

vp :=
1 1    0.090784
1 2    1.00346
1 3   -0.0290064
2 1   -0.0194188
2 2   -0.427347
2 3   -0.909848
3 1   -0.511176
3 2    0.00107939
3 3    0.861955
;

