solve_message = ' \
Ipopt 3.9.1: Optimal Solution Found'

Solve time:
_solve_time = 0.624004

Objective:
p :=
1 1    0.00252933
1 2    0.0348865
1 3   -0.00142869
2 1    0.00114608
2 2   -0.00734287
2 3    0.0651089
3 1   -0.0036754
3 2   -0.0275436
3 3   -0.0636802
;

phi :=
1 1   0.0344195
1 2   0.059699
1 3   0.0530169
2 1   0.0707526
2 2   0.050233
2 3   0.0875086
3 1   0.0884742
3 2   0.122852
3 3   0.172442
4 1   0.0470568
4 2   0.139383
4 3   0.109104
;

l [*,1,*]
:       1          2           3        :=
1    0.590089   1.03866    -0.535538
2   -0.615534   1.09689    -0.336773
3   -0.456629   0.976711    0.685116
4    0.749247   0.918287    0.487979

 [*,2,*]
:       1           2          3        :=
1   1.22742     -0.249714   0.278922
2   0.811408     0.730221   0.674956
3   0.0416502    0.162694   1.27345
4   0.45644     -0.818146   0.87837

 [*,3,*]
:       1           2           3        :=
1    0.299114    0.374624   -1.18959
2    0.527113   -0.616605   -0.99265
3   -0.647327   -0.834244   -0.725166
4   -0.877197    0.156639   -0.921679
;

np :=
1 1    0.0719952
1 2    0.993012
1 3   -2.47837e-12
2 1    3.00117e-06
2 2   -1.92283e-05
2 3    1.01179
3 1   -0.0262996
3 2   -0.19709
3 3   -0.866242
;

vp :=
1 1    0.0672736
1 2    1.00761
1 3    0.075117
2 1    0.634396
2 2   -0.0441269
2 3    0.776267
3 1   -0.174666
3 2   -0.229502
3 3   -0.95735
;

