solve_message = ' \
Ipopt 3.9.1: Optimal Solution Found'

Solve time:
_solve_time = 0.686404

Objective:
p :=
1 1   -0.0293212
1 2   -0.01424
1 3   -0.0564719
2 1    0.00337294
2 2    0.034371
2 3   -0.00193497
3 1    0.025946
3 2   -0.0201397
3 3    0.0584068
;

phi :=
1 1   0.0855349
1 2   0.0858055
1 3   0.112558
2 1   0.083475
2 2   0.0780672
2 3   0.088901
3 1   0.0741014
3 2   0.0943897
3 3   0.0694068
4 1   0.074734
4 2   0.104874
4 3   0.085079
;

l [*,1,*]
:       1           2           3         :=
1   -0.972428   -0.868261    0.0200043
2   -1.18357     0.070136   -0.572716
3   -0.292117   -0.174349   -1.26294
4   -0.07955    -1.11313    -0.671322

 [*,2,*]
:       1          2           3        :=
1    0.592386   0.909907   -0.699726
2   -0.495602   0.91524    -0.743935
3   -0.544722   1.13634     0.437948
4    0.543188   1.13136     0.48404

 [*,3,*]
:       1           2           3         :=
1    0.586663   -0.133777    1.13942
2   -0.139332   -0.951094    0.838783
3    0.489114   -1.17535    -0.0733729
4    1.21611    -0.358387    0.225813
;

np :=
1 1   -0.546641
1 2   -0.265475
1 3   -0.37362
2 1    0.0889554
2 2    0.90648
2 3   -2.0693e-11
3 1    0.506307
3 2   -0.393
3 3    0.472989
;

vp :=
1 1   -0.631833
1 2   -0.521776
1 3   -0.621508
2 1    0.024246
2 2    1.02321
2 3   -0.130401
3 1    0.538428
3 2   -0.654326
3 3    0.53278
;

