solve_message = ' \
Ipopt 3.9.1: Optimal Solution Found'

Solve time:
_solve_time = 1.79401

Objective:
p :=
1 1   -0.033465
1 2   -0.002038
1 3   -0.0558749
2 1    0.035022
2 2   -0.000628135
2 3   -0.00978729
3 1   -0.00155674
3 2    0.00266608
3 3    0.0656619
;

phi :=
1 1   0.126227
1 2   0.0734948
1 3   0.062742
2 1   0.113922
2 2   0.0664511
2 3   0.0572873
3 1   0.130551
3 2   0.0595162
3 3   0.065107
4 1   0.143274
4 2   0.0661693
4 3   0.0711069
;

l [*,1,*]
:       1           2           3        :=
1   -0.413272   -0.762919   -0.944913
2   -1.1652     -0.492815   -0.211018
3   -1.00445     0.645848   -0.464493
4   -0.252267    0.377558   -1.19879

 [*,2,*]
:      1           2          3        :=
1   1.11553     0.545415   0.321555
2   0.281664    0.471771   1.15875
3   0.3043     -0.603878   1.08836
4   1.1382     -0.531947   0.25106

 [*,3,*]
:       1             2           3        :=
1   0.00288771    0.00533967   1.28279
2   0.692425     -0.793185     0.748236
3   1.25067       0.0013097    0.278787
4   0.562027      0.8011       0.812595
;

np :=
1 1   -0.738718
1 2   -0.0449876
1 3   -0.346837
2 1    1.00538
2 2   -0.0180319
2 3   -1.75479e-06
3 1   -2.0946e-08
3 2    3.58762e-08
3 3    1.07349
;

vp :=
1 1   -0.708495
1 2   -0.0581891
1 3   -0.705096
2 1    0.710257
2 2   -0.0296305
2 3    0.704598
3 1    0.626729
3 2    0.00395947
3 3    0.780815
;

