solve_message = ' \
Ipopt 3.9.1: Optimal Solution Found'

Solve time:
_solve_time = 0.764405

Objective:
p :=
1 1    0.0345399
1 2   -0.00489129
1 3   -0.010477
2 1   -0.0148467
2 2   -0.022315
2 3    0.0640899
3 1   -0.0196929
3 2    0.0272066
3 3   -0.0536129
;

phi :=
1 1   0.0236942
1 2   0
1 3   0.321452
2 1   0.0023772
2 2   0.0105227
2 3   0.114108
3 1   0.0835367
3 2   0.233482
3 3   0.00977988
4 1   0.149929
4 2   0.0498796
4 3   0.0329625
;

l [*,1,*]
:      1           2          3        :=
1   1.05879     0.571851   0.420095
2   0.265086    0.234867   1.22984
3   0.3897     -0.791653   0.925434
4   1.18361    -0.456304   0.115207

 [*,2,*]
:       1           2          3        :=
1    0.396097    0.603732   1.05509
2   -0.669279    0.330591   1.03465
3   -0.382064   -0.792095   0.933939
4    0.683769   -0.520743   0.954219

 [*,3,*]
:       1          2           3        :=
1   -0.130738   0.762901   -0.994276
2   -1.15508    0.506413   -0.312066
3   -0.729863   0.918901    0.48647
4    0.295159   1.17605    -0.194468
;

np :=
1 1    0.967473
1 2   -0.137007
1 3   -2.82657e-06
2 1   -0.0855516
2 2   -0.128587
2 3    0.906007
3 1   -0.439311
3 2    0.606927
3 3   -0.259711
;

vp :=
1 1    0.724612
1 2   -0.110176
1 3    0.672321
2 1    0.00755534
2 2   -0.0945201
2 3    0.994481
3 1   -0.429723
3 2    0.841168
3 3   -0.253856
;

