solve_message = ' \
Ipopt 3.9.1: Optimal Solution Found'

Solve time:
_solve_time = 0.717605

Objective:
p :=
1 1    0.00383664
1 2   -0.00513451
1 3    0.0655902
2 1   -0.00270229
2 2    0.0353874
2 3   -0.00421509
3 1   -0.00124535
3 2   -0.0301598
3 3   -0.0613741
;

phi :=
1 1   0.034623
1 2   0.0927563
1 3   0.119803
2 1   0.0671741
2 2   0.0787085
2 3   0.0783294
3 1   0.13559
3 2   0.071312
3 3   0.0686348
4 1   0.0947498
4 2   0.0850061
4 3   0.109006
;

l [*,1,*]
:       1           2          3        :=
1   -0.28893     0.808482   1.10704
2   -1.01876    -0.18096    0.946523
3   -0.108392   -0.857398   0.96321
4    0.622886    0.130966   1.12376

 [*,2,*]
:       1          2           3        :=
1    0.549206   1.04582    -0.584149
2   -0.495141   0.951214   -0.786802
3   -0.727974   1.04885     0.419164
4    0.316002   1.14361     0.623737

 [*,3,*]
:       1            2            3        :=
1    0.338462   -1.2027       -0.37215
2   -0.803735   -0.822355     -0.630572
3   -0.373185   -0.00823835   -1.34077
4    0.769698   -0.387283     -1.08348
;

np :=
1 1    1.7386e-06
1 2   -2.5881e-06
1 3    1.06532
2 1   -0.083931
2 2    1.09911
2 3   -4.81661e-09
3 1   -0.0146421
3 2   -0.3546
3 3   -0.669118
;

vp :=
1 1   -0.198007
1 2   -0.0243333
1 3    1.0352
2 1   -0.0890607
2 2    1.04741
2 3   -0.0819314
3 1   -0.0167346
3 2   -0.605294
3 3   -0.856638
;

