solve_message = ' \
Ipopt 3.9.1: Optimal Solution Found'

Solve time:
_solve_time = 0.624004

Objective:
p :=
1 1    0.0272172
1 2    0.012403
1 3   -0.0612341
2 1   -0.0162112
2 2    0.0202531
2 3    0.0637221
3 1   -0.0110027
3 2   -0.0326592
3 3   -0.00248797
;

phi :=
1 1   0.294067
1 2   0.0214278
1 3   0.0363488
2 1   0.0649268
2 2   0.1266
2 3   0.0182013
3 1   0.0140911
3 2   0.245632
3 3   0.0505077
4 1   0.0527063
4 2   0.0184205
4 3   0.0870307
;

l [*,1,*]
:      1           2           3        :=
1   1.2349      0.279511   -0.118826
2   0.679452    0.750737    0.754786
3   0.420579   -0.264411    1.14061
4   0.975616   -0.737253    0.267614

 [*,2,*]
:       1           2            3        :=
1   -0.516683    0.0636675    1.15982
2   -0.933626    0.829794     0.240739
3   -1.23975     0.048306    -0.27511
4   -0.8233     -0.719065     0.64315

 [*,3,*]
:       1           2           3        :=
1    0.466534   -1.03513     0.535461
2   -0.635654   -0.791588    0.767393
3   -0.87864    -0.982891   -0.267982
4    0.223161   -1.22674    -0.501563
;

np :=
1 1    0.302871
1 2    0.138024
1 3   -0.658507
2 1   -0.0768005
2 2    0.0959489
2 3    0.870234
3 1   -0.286499
3 2   -0.850409
3 3   -1.2037e-10
;

vp :=
1 1    0.827858
1 2    0.00695793
1 3    0.510699
2 1   -0.878175
2 2    0.05537
2 3    0.442516
3 1   -0.20571
3 2   -1.00918
3 3    0.133234
;

