solve_message = ' \
Ipopt 3.9.1: Optimal Solution Found'

Solve time:
_solve_time = 0.655204

Objective:
p :=
1 1    0.0332083
1 2    0.00737356
1 3   -0.0477942
2 1   -0.0167451
2 2    0.0228886
2 3    0.0631688
3 1   -0.0164609
3 2   -0.0302644
3 3   -0.0153746
;

phi :=
1 1   0.192869
1 2   0.176998
1 3   0.00665414
2 1   0.0299423
2 2   0.124012
2 3   0.242225
3 1   0
3 2   0.000584971
3 3   0.225589
4 1   0.0293827
4 2   0.00407589
4 3   0.00379338
;

l [*,1,*]
:      1           2          3        :=
1   1.10521     0.578222   0.249538
2   0.291753    0.53126    1.09922
3   0.333363   -0.548137   1.0831
4   1.14689    -0.502894   0.233391

 [*,2,*]
:       1           2          3        :=
1    0.367115    0.985645   0.710344
2   -0.60436     0.745148   0.807002
3   -0.285879   -0.40905    1.14193
4    0.686104   -0.170391   1.0458

 [*,3,*]
:       1            2           3        :=
1   -0.644071    -0.762095    0.681752
2   -0.963       -0.677816   -0.471983
3   -0.0184978   -1.01347    -0.783889
4    0.301936    -1.09829     0.36935
;

np :=
1 1    0.799744
1 2    0.177576
1 3   -0.116192
2 1   -0.135409
2 2    0.185089
2 3    0.818698
3 1   -0.427768
3 2   -0.786481
3 3   -4.13673e-05
;

vp :=
1 1    0.719627
1 2    0.014631
1 3    0.665974
2 1    0.0411322
2 2    0.287933
2 3    0.92623
3 1   -0.330781
3 2   -0.887951
3 3   -0.0507328
;

