solve_message = ' \
Ipopt 3.9.1: Optimal Solution Found'

Solve time:
_solve_time = 0.468003

Objective:
p :=
1 1    0.00553551
1 2   -0.0077801
1 3    0.0658742
2 1   -0.00796533
2 2   -0.0271428
2 3   -0.0631684
3 1    0.00242986
3 2    0.0349229
3 3   -0.00270581
;

phi :=
1 1   0.0712148
1 2   0.0975241
1 3   0.0629024
2 1   0.065331
2 2   0.0701491
2 3   0.0558909
3 1   0.11475
3 2   0.105938
3 3   0.0558198
4 1   0.125805
4 2   0.147468
4 3   0.0628458
;

l [*,1,*]
:       1           2          3        :=
1   1.01953      0.573908   0.507172
2   0.161059     0.710036   1.05294
3   0.0463106   -0.511314   1.17874
4   0.904598    -0.649386   0.633177

 [*,2,*]
:        1            2            3        :=
1   -1.15795      -0.474128    -0.237923
2   -0.807151      0.478515    -0.86735
3   -0.00479057   -0.0886645   -1.28092
4   -0.35431      -1.04221     -0.652153

 [*,3,*]
:       1          2           3        :=
1    0.283444   0.986743   -0.767811
2   -0.674193   1.03423    -0.340288
3   -0.181925   1.01089     0.765896
4    0.776495   0.963373    0.340136
;

np :=
1 1    6.52011e-05
1 2   -9.16405e-05
1 3    1.09803
2 1   -0.0634282
2 2   -0.216139
2 3   -0.818664
3 1    0.0695112
3 2    0.999044
3 3   -2.16613e-10
;

vp :=
1 1    0.533217
1 2    0.0307564
1 3    0.842791
2 1   -0.58119
2 2   -0.282002
2 3   -0.759336
3 1    0.051337
3 2    0.99879
3 3   -0.000686655
;

