solve_message = ' \
Ipopt 3.9.1: Optimal Solution Found'

Solve time:
_solve_time = 0.514803

Objective:
p :=
1 1   -0.0123801
1 2   -0.00247262
1 3    0.0644027
2 1    0.0129329
2 2   -0.0320717
2 3   -0.0154166
3 1   -0.00053173
3 2    0.0346062
3 3   -0.0489854
;

phi :=
1 1   0.0552327
1 2   0.0910436
1 3   0.158368
2 1   0.0672685
2 2   0.0601429
2 3   0.110392
3 1   0.0517161
3 2   0.102899
3 3   0.0580996
4 1   0.0409317
4 2   0.158217
4 3   0.0815111
;

l [*,1,*]
:       1           2          3        :=
1    0.254237    0.674069   1.03322
2   -0.834069    0.410137   0.86464
3   -0.605475   -0.601112   0.901883
4    0.483195   -0.338791   1.07052

 [*,2,*]
:       1           2           3         :=
1    1.04982    -0.764258    0.1439
2    0.101418   -0.982769    0.822263
3   -0.485398   -1.17471    -0.0592691
4    0.462071   -0.956509   -0.739036

 [*,3,*]
:       1           2           3         :=
1   -0.161574    0.865537   -0.919978
2   -0.869722    0.842522   -0.331832
3   -0.0372942   1.072       0.685296
4    0.67218     1.09538     0.0987694
;

np :=
1 1   -0.000768138
1 2   -0.000149375
1 3    0.937424
2 1    0.343755
2 2   -0.852465
2 3   -4.22206e-05
3 1   -0.0142051
3 2    0.924501
3 3   -0.138061
;

vp :=
1 1   -0.175094
1 2    0.0361807
1 3    0.967633
2 1    0.282356
2 2   -0.969476
2 3    0.041694
3 1   -0.09882
3 2    0.96887
3 3   -0.11717
;

