solve_message = ' \
Ipopt 3.9.1: Optimal Solution Found'

Solve time:
_solve_time = 0.530403

Objective:
p :=
1 1    0.035027
1 2   -4.16835e-05
1 3   -0.000112828
2 1   -0.0198949
2 2    0.0066672
2 3   -0.0649281
3 1   -0.0151321
3 2   -0.00662551
3 3    0.065041
;

phi :=
1 1   0.0613527
1 2   0.152416
1 3   0.0815323
2 1   0.0641655
2 2   0.119779
2 3   0.0948248
3 1   0.0618904
3 2   0.093421
3 3   0.0697051
4 1   0.0590895
4 2   0.118514
4 3   0.0593276
;

l [*,1,*]
:      1           2          3        :=
1   0.55468     0.768985   0.862891
2   0.182604   -0.287709   1.23579
3   0.864333   -0.771286   0.549386
4   1.2375      0.284637   0.175393

 [*,2,*]
:       1           2            3        :=
1   -0.926353    0.0163306   -0.887857
2   -0.149224    0.804496    -0.988673
3    0.66083    -0.007107    -1.0992
4   -0.115009   -0.796565    -0.998558

 [*,3,*]
:       1           2          3        :=
1   -0.424834    0.725876   0.96737
2   -0.826313   -0.290702   0.936777
3    0.256772   -0.721893   1.02852
4    0.659976    0.293999   1.05926
;

np :=
1 1    1.00542
1 2   -0.00119648
1 3   -4.74789e-20
2 1   -0.0263866
2 2    0.00884269
2 3   -0.992287
3 1   -0.0047789
3 2   -0.00209242
3 3    1.00442
;

vp :=
1 1    0.709927
1 2   -0.000922482
1 3    0.705716
2 1   -0.132748
2 2    0.00397432
2 3   -0.993531
3 1   -0.0834393
3 2    0.00222478
3 3    0.997995
;

