solve_message = ' \
Ipopt 3.9.1: Optimal Solution Found'

Solve time:
_solve_time = 1.37281

Objective:
p :=
1 1    0.00344936
1 2   -0.0335727
1 3   -0.0547919
2 1    0.0101468
2 2    0.0334959
2 3   -0.0100115
3 1   -0.0135962
3 2    7.68553e-05
3 3    0.0648034
;

phi :=
1 1   0.085256
1 2   0.105308
1 3   0.02507
2 1   0.189668
2 2   0.176191
2 3   0.0543228
3 1   0.130397
3 2   0.0685976
3 3   0.0678735
4 1   0.0509272
4 2   0.0467281
4 3   0.0335604
;

l [*,1,*]
:       1           2           3        :=
1   -0.183338   -1.21088     0.360419
2   -0.763712   -0.973982   -0.310175
3    0.265596   -0.632618   -1.07912
4    0.847609   -0.868971   -0.409755

 [*,2,*]
:       1          2           3        :=
1    0.330197   0.986689   -0.744983
2   -0.438902   1.16282     0.294003
3    0.267108   0.89706     0.863495
4    1.03733    0.720502   -0.174584

 [*,3,*]
:       1            2          3        :=
1    1.17502      0.325137   0.407801
2    0.399022     0.823839   0.893446
3   -0.0479045   -0.25573    1.27453
4    0.72738     -0.756152   0.789491
;

np :=
1 1    0.0792252
1 2   -0.771101
1 3   -0.302426
2 1    0.289861
2 2    0.956865
2 3   -2.05644e-06
3 1   -0.00133501
3 2    7.54657e-06
3 3    0.979021
;

vp :=
1 1    0.0417702
1 2   -0.921707
1 3   -0.359392
2 1    0.29924
2 2    0.941698
2 3    0.059069
3 1    0.563688
3 2    0.0340746
3 3    0.841124
;

