solve_message = ' \
Ipopt 3.9.1: Optimal Solution Found'

Solve time:
_solve_time = 0.608404

Objective:
p :=
1 1   -0.029648
1 2   -0.013232
1 3   -0.0586218
2 1    0.0251829
2 2   -0.0214933
2 3    0.0572624
3 1    0.0044702
3 2    0.0347173
3 3    0.00135942
;

phi :=
1 1   0.0930262
1 2   0.0789977
1 3   0.0779409
2 1   0.0809358
2 2   0.109857
2 3   0.0747251
3 1   0.0800856
3 2   0.111358
3 3   0.0774977
4 1   0.0901843
4 2   0.0812082
4 3   0.0808147
;

l [*,1,*]
:       1           2            3        :=
1   -0.811897   -0.924703    -0.398565
2   -1.27199    -0.0549741   -0.154058
3   -0.58531     0.543663    -0.985724
4   -0.12412    -0.325113    -1.23155

 [*,2,*]
:      1           2           3         :=
1   0.924581    0.10246     0.878168
2   0.117092   -0.49507     1.17809
3   0.31682    -1.21663     0.246344
4   1.12463    -0.620253   -0.0550598

 [*,3,*]
:       1          2           3        :=
1   -0.389216   1.08466    -0.588938
2   -0.474065   0.986433    0.656661
3    0.52705    0.911569    0.720745
4    0.613493   1.00967    -0.524752
;

np :=
1 1   -0.539668
1 2   -0.240851
1 3   -0.485311
2 1    0.515495
2 2   -0.439969
2 3    0.411806
3 1    0.1278
3 2    0.992542
3 3    1.73469e-12
;

vp :=
1 1   -0.698147
1 2   -0.190628
1 3   -0.692573
2 1    0.621102
2 2   -0.557136
2 3    0.561766
3 1    0.0693494
3 2    0.998122
3 3    0.0654327
;

