solve_message = ' \
Ipopt 3.9.1: Optimal Solution Found'

Solve time:
_solve_time = 0.982806

Objective:
p :=
1 1    0.0340734
1 2    0.00576942
1 3    0.000723938
2 1   -0.0124607
2 2    0.00224003
2 3   -0.0652862
3 1   -0.0216162
3 2   -0.00801066
3 3    0.0644955
;

phi :=
1 1   0.067061
1 2   0.0849809
1 3   0.0594001
2 1   0.0597115
2 2   0.123088
2 3   0.0942314
3 1   0.0542438
3 2   0.149509
3 3   0.110461
4 1   0.0605498
4 2   0.104148
4 3   0.0686589
;

l [*,1,*]
:      1           2          3        :=
1   0.340577   -0.242045   1.20178
2   1.09476    -0.438229   0.514294
3   1.03753     0.713343   0.122752
4   0.283261    0.911361   0.809617

 [*,2,*]
:       1           2          3        :=
1    0.777538    0.183643   -1.05258
2    0.133627   -0.788587   -1.05451
3   -0.797068   -0.173523   -1.04367
4   -0.154639    0.799686   -1.04172

 [*,3,*]
:       1           2          3        :=
1    0.231196    0.665747   1.07357
2   -0.836465    0.451119   0.863767
3   -0.616198   -0.681858   0.89739
4    0.451814   -0.469035   1.10725
;

np :=
1 1    0.902104
1 2    0.152747
1 3    2.56045e-16
2 1   -0.000797477
2 2    0.000143371
2 3   -1.03123
3 1   -0.0504248
3 2   -0.0186867
3 3    0.946913
;

vp :=
1 1    0.688731
1 2    0.236186
1 3    0.662385
2 1   -0.00987938
2 2    0.00569237
2 3   -1.04812
3 1   -0.191988
3 2   -0.00842154
3 3    0.985577
;

