solve_message = ' \
Ipopt 3.9.1: Optimal Solution Found'

Solve time:
_solve_time = 0.546004

Objective:
p :=
1 1    0.00386224
1 2    0.0347641
1 3   -0.0372059
2 1   -0.0016089
2 2   -0.0349876
2 3   -0.0278673
3 1   -0.00225334
3 2    0.000223514
3 3    0.0650732
;

phi :=
1 1   0.0879212
1 2   0.119094
1 3   0.0532996
2 1   0.0591524
2 2   0.0608679
2 3   0.052345
3 1   0.107425
3 2   0.0761261
3 3   0.0505549
4 1   0.165447
4 2   0.150663
4 3   0.0523562
;

l [*,1,*]
:       1          2           3        :=
1   -0.632842   1.07342    -0.304532
2   -0.201966   1.04748     0.712586
3    0.857058   0.917773    0.261155
4    0.427869   0.943514   -0.756681

 [*,2,*]
:       1           2           3        :=
1    0.747498   -1.03607     0.111235
2   -0.315193   -0.990713    0.749772
3   -0.839684   -0.960683   -0.122681
4    0.222172   -1.00599    -0.762609

 [*,3,*]
:       1           2          3        :=
1   -0.173522    0.370919   1.23395
2   -0.904673    0.733618   0.557161
3   -1.19314    -0.404587   0.247885
4   -0.462451   -0.7691     0.924182
;

np :=
1 1    0.109933
1 2    0.989508
1 3   -0.0201319
2 1   -0.0461623
2 2   -1.00386
2 3   -0.0026624
3 1   -4.72137e-09
3 2    4.68323e-10
3 3    1.00791
;

vp :=
1 1    0.112358
1 2    0.995557
1 3   -0.0222735
2 1   -0.0458785
2 2   -0.998381
2 3   -0.00632539
3 1   -0.683156
3 2   -0.0174323
3 3    0.741064
;

