solve_message = ' \
Ipopt 3.9.1: Optimal Solution Found'

Solve time:
_solve_time = 0.717605

Objective:
p :=
1 1   -0.0309139
1 2   -0.0038067
1 3    0.0594156
2 1    0.0116132
2 2    0.0323421
2 3   -0.0492814
3 1    0.0192947
3 2   -0.0285356
3 3   -0.0101342
;

phi :=
1 1   0.00877236
1 2   0.0613215
1 3   0.00406806
2 1   0.0713529
2 2   0.00254941
2 3   0.0659791
3 1   0.0786971
3 2   0.201571
3 3   0.193179
4 1   0.0193064
4 2   0.193902
4 3   0.137825
;

l [*,1,*]
:      1           2          3        :=
1   1.02573     0.520838   0.390254
2   0.179739    0.564097   1.09493
3   0.133614   -0.578005   1.11045
4   0.979532   -0.623083   0.405797

 [*,2,*]
:       1          2           3        :=
1    0.207146   0.886043    0.707494
2    0.946294   0.852497    0.125919
3    0.163466   0.949306   -0.844036
4   -0.576928   0.983007   -0.264005

 [*,3,*]
:       1           2           3         :=
1    1.0085     -0.403687    0.417857
2    0.230836   -0.664808    0.905407
3   -0.206325   -1.26131    -0.0930023
4    0.57064    -1.00114    -0.582142
;

np :=
1 1   -0.438703
1 2   -0.0540106
1 3    0.53322
2 1    0.297229
2 2    0.827705
2 3   -0.144008
3 1    0.501
3 2   -0.740947
3 3   -2.23881e-06
;

vp :=
1 1    0.579991
1 2   -0.0290557
1 3    0.750078
2 1    0.1847
2 2    0.917727
2 3   -0.0684255
3 1    0.401222
3 2   -0.832635
3 3    0.161835
;

