solve_message = ' \
Ipopt 3.9.1: Optimal Solution Found'

Solve time:
_solve_time = 2.44922

Objective:
p :=
1 1   -0.0300654
1 2   -0.014085
1 3   -0.0573487
2 1   -0.00430099
2 2    0.0196251
2 3    0.0644989
3 1    0.0343663
3 2   -0.00554006
3 3   -0.00715025
;

phi :=
1 1   0.192637
1 2   0.0461586
1 3   0.0963353
2 1   0.103249
2 2   0.0763983
2 3   0.0582066
3 1   0.0749193
3 2   0.0799667
3 3   0.042955
4 1   0.141095
4 2   0.0487265
4 3   0.0744349
;

l [*,1,*]
:       1           2           3        :=
1   -0.57163     0.333125   -1.09577
2   -0.127816   -0.826584   -0.972031
3   -0.778376   -0.99694    -0.21824
4   -1.22323     0.162498   -0.340775

 [*,2,*]
:       1           2          3        :=
1   1.0239      -0.598792   0.523037
2   1.18244      0.372754   0.384487
3   0.180591     0.640324   1.11379
4   0.0204617   -0.330797   1.2535

 [*,3,*]
:      1           2           3        :=
1   0.755808    0.745672    0.690807
2   0.149572   -0.035807    1.26767
3   0.6605     -0.849977    0.702379
4   1.26755    -0.0697938   0.124617
;

np :=
1 1   -0.625899
1 2   -0.293221
1 3   -0.41617
2 1   -0.00439618
2 2    0.0200571
2 3    0.947272
3 1    0.950344
3 2   -0.153202
3 3   -1.94919e-07
;

vp :=
1 1   -0.675439
1 2   -0.331513
1 3   -0.656752
2 1    0.601785
2 2    0.0204852
2 3    0.81876
3 1    0.708599
3 2   -0.0521651
3 3    0.696138
;

