solve_message = ' \
Ipopt 3.9.1: Optimal Solution Found'

Solve time:
_solve_time = 1.37281

Objective:
p :=
1 1    0.0337424
1 2    0.00695587
1 3   -0.0127856
2 1   -0.0161315
2 2   -0.0295784
2 3   -0.0512717
3 1   -0.0176095
3 2    0.0226202
3 3    0.0640573
;

phi :=
1 1   0
1 2   0.00318061
1 3   0.102227
2 1   0.0863561
2 2   0.260671
2 3   0.0334542
3 1   0.281259
3 2   0.26059
3 3   0
4 1   0
4 2   0.0102091
4 3   0.00880028
;

l [*,1,*]
:      1           2           3        :=
1   0.816181   -0.711442   0.662123
2   1.19428     0.424566   0.0525704
3   0.652517    0.897806   0.594654
4   0.273555   -0.237448   1.20507

 [*,2,*]
:       1           2           3         :=
1   -0.486454   -0.958395    0.654502
2   -1.09607    -0.705268   -0.0456323
3   -0.162834   -0.851096   -0.916099
4    0.448269   -1.10446    -0.21735

 [*,3,*]
:       1           2          3        :=
1    0.593991    0.848996   0.761525
2   -0.117416    0.204957   1.25866
3    0.490813   -0.742721   0.904544
4    1.20319    -0.10019    0.406845
;

np :=
1 1    0.876959
1 2    0.180782
1 3   -1.13922e-05
2 1   -0.366695
2 2   -0.672356
2 3   -0.189999
3 1   -0.151884
3 2    0.195103
3 3    0.902791
;

vp :=
1 1    0.733982
1 2    0.0929179
1 3    0.628847
2 1   -0.324029
2 2   -0.904905
2 3   -0.130866
3 1    0.542928
3 2    0.053017
3 3    0.832695
;

