solve_message = ' \
Ipopt 3.9.1: Optimal Solution Found'

Solve time:
_solve_time = 0.889206

Objective:
p :=
1 1   -0.011488
1 2    0.00881437
1 3    0.0650353
2 1    0.035007
2 2   -0.000449662
2 3   -0.000447857
3 1   -0.0235149
3 2   -0.00836706
3 3   -0.0645875
;

phi :=
1 1   0.0827168
1 2   0.0742449
1 3   0.115497
2 1   0.0614928
2 2   0.0582013
2 3   0.106359
3 1   0.0517958
3 2   0.0581999
3 3   0.135013
4 1   0.0707596
4 2   0.0745392
4 3   0.146755
;

l [*,1,*]
:       1            2          3        :=
1   -0.409407     0.129634   1.20298
2    0.0384773   -0.872318   0.934885
3    1.01719     -0.367554   0.681851
4    0.57086      0.635202   0.949545

 [*,2,*]
:      1           2          3        :=
1   0.1983      0.342313   1.21944
2   0.489277   -0.732309   0.932384
3   1.22217    -0.337451   0.193082
4   0.932358    0.737799   0.478956

 [*,3,*]
:       1           2           3        :=
1    0.270697    0.07564    -1.25528
2   -0.260273   -0.848491   -0.92404
3   -1.1403     -0.210436   -0.551916
4   -0.610728    0.714711   -0.882564
;

np :=
1 1   -0.00164502
1 2    0.0012624
1 3    1.00381
2 1    1.0019
2 2   -0.0128693
2 3   -7.36935e-16
3 1   -0.0883569
3 2   -0.0314391
3 3   -0.956409
;

vp :=
1 1    0.304101
1 2   -0.11836
1 3    0.942422
2 1    0.71041
2 2    0.00301647
2 3    0.706079
3 1   -0.434939
3 2   -0.0667756
3 3   -0.903582
;

