solve_message = ' \
Ipopt 3.9.1: Optimal Solution Found'

Solve time:
_solve_time = 0.514803

Objective:
p :=
1 1   -0.0160751
1 2    0.0223974
1 3    0.0639716
2 1   -0.017339
2 2   -0.0298013
2 3   -0.0185552
3 1    0.0334235
3 2    0.00738731
3 3   -0.0454164
;

phi :=
1 1   0.200651
1 2   0
1 3   0.116834
2 1   0.0322235
2 2   0.086644
2 3   0.15106
3 1   0
3 2   0.391621
3 3   0.00391619
4 1   0.0281646
4 2   0.0198689
4 3   0.00413807
;

l [*,1,*]
:      1           2          3        :=
1   0.817043    0.81222    0.513822
2   0.27469     0.208577   1.23035
3   0.706512   -0.769733   0.730381
4   1.24955    -0.167648   0.013052

 [*,2,*]
:       1            2           3        :=
1    0.0694065   -1.06198     0.548643
2   -1.07471     -0.694143    0.206005
3   -0.801842    -0.716434   -0.75045
4    0.342705    -1.08431    -0.409335

 [*,3,*]
:      1           2          3        :=
1   1.11863     0.558663   0.174475
2   0.456687    0.745076   0.879639
3   0.323819   -0.491914   1.08076
4   0.985555   -0.680297   0.375912
;

np :=
1 1   -0.109699
1 2    0.152842
1 3    0.894369
2 1   -0.452715
2 2   -0.778096
2 3   -0.000154
3 1    0.835647
3 2    0.184702
3 3   -0.0812621
;

vp :=
1 1    0.762166
1 2    0.0210942
1 3    0.621617
2 1   -0.365653
2 2   -0.889364
2 3   -0.101148
3 1    0.721438
3 2    0.0328073
3 3    0.627414
;

