solve_message = ' \
Ipopt 3.9.1: Optimal Solution Found'

Solve time:
_solve_time = 0.717605

Objective:
p :=
1 1   -0.0162056
1 2   -0.0210632
1 3    0.0645419
2 1   -0.0175883
2 2    0.0278151
2 3   -0.0559567
3 1    0.0337945
3 2   -0.00675123
3 3   -0.0085852
;

phi :=
1 1   0.0211106
1 2   0.0416833
1 3   0.125091
2 1   0.0627049
2 2   0.163081
2 3   0.0306031
3 1   0.139408
3 2   0.107099
3 3   0.0524931
4 1   0.0541711
4 2   0.0254178
4 3   0.210768
;

l [*,1,*]
:       1           2           3         :=
1   -0.630092    0.561346    0.953073
2   -1.19055     0.4418     -0.109087
3   -1.1242     -0.605187   -0.0282138
4   -0.563636   -0.487308    1.03407

 [*,2,*]
:        1           2            3         :=
1    0.317588     1.18473     0.00631046
2   -0.00363872   0.703744   -1.0534
3   -0.972481     0.540528   -0.685265
4   -0.652797     1.02125     0.375034

 [*,3,*]
:      1           2          3        :=
1   1.27737     0.124188   0.160985
2   0.53687     0.555991   1.02968
3   0.174345   -0.406865   1.20005
4   0.914267   -0.840203   0.331621
;

np :=
1 1   -0.0887403
1 2   -0.11534
1 3    0.951701
2 1   -0.347268
2 2    0.549189
2 3   -0.350408
3 1    0.8799
3 2   -0.17578
3 3   -7.01225e-07
;

vp :=
1 1   -0.876895
1 2   -0.02229
1 3    0.462885
2 1   -0.327705
2 2    0.862753
2 3   -0.338908
3 1    0.726008
3 2   -0.141895
3 3    0.680238
;

