solve_message = ' \
Ipopt 3.9.1: Optimal Solution Found'

Solve time:
_solve_time = 1.24801

Objective:
p :=
1 1   -0.0121135
1 2   -0.0188322
1 3    0.0648796
2 1    0.0105867
2 2   -0.0161205
2 3   -0.0650453
3 1    0.00152484
3 2    0.0349551
3 3    0.00016573
;

phi :=
1 1   0.0708941
1 2   0.149088
1 3   0.0488556
2 1   0.150037
2 2   0.123539
2 3   0.0535299
3 1   0.134274
3 2   0.0624281
3 3   0.0540264
4 1   0.0624484
4 2   0.0773328
4 3   0.0486989
;

l [*,1,*]
:       1           2          3        :=
1   -0.641228    0.51951    0.97932
2   -0.470805   -0.668874   0.992389
3    0.579613   -0.519083   1.02349
4    0.410864    0.66954    1.01047

 [*,2,*]
:       1           2           3        :=
1    0.396242   -0.732684   -0.959355
2   -0.688651   -0.495214   -0.949844
3   -0.44481     0.626126   -1.03104
4    0.640471    0.390442   -1.04068

 [*,3,*]
:       1           2            3         :=
1    0.074908    1.04352     0.750975
2    0.859114    0.948378    0.00664513
3    0.0502316   0.947639   -0.84855
4   -0.735263    1.04278    -0.105582
;

np :=
1 1   -0.0237131
1 2   -0.0368729
1 3    0.987103
2 1    0.00841599
2 2   -0.0128447
2 3   -1.00489
3 1    0.04348
3 2    0.996726
3 3    7.00499e-19
;

vp :=
1 1   -0.0304566
1 2    0.000747077
1 3    1.00141
2 1   -0.0237549
2 2   -0.0529269
2 3   -0.995234
3 1    0.061935
3 2    0.99562
3 3   -0.0488314
;

