solve_message = ' \
Ipopt 3.9.1: Optimal Solution Found'

Solve time:
_solve_time = 1.43521

Objective:
p :=
1 1    0.0336516
1 2    0.00763913
1 3   -0.0104272
2 1   -0.0165608
2 2   -0.0291182
2 3   -0.0537032
3 1   -0.0170905
3 2    0.0214788
3 3    0.0641304
;

phi :=
1 1   0.141514
1 2   0.163127
1 3   0.0827705
2 1   0.0219246
2 2   0.0249551
2 3   0.0532502
3 1   0.0349558
3 2   0.0299512
3 3   0.0153919
4 1   0.192211
4 2   0.237041
4 3   0.0351019
;

l [*,1,*]
:      1           2           3        :=
1   0.312861    0.936082   0.709669
2   0.43773    -0.235491   1.16079
3   1.10475    -0.432071   0.469887
4   0.980939    0.739188   0.0176685

 [*,2,*]
:       1            2           3        :=
1   -0.0250677   -0.831138   -0.972667
2    0.274365    -1.18215     0.224745
3   -0.624957    -0.972125    0.513151
4   -0.925822    -0.620779   -0.683801

 [*,3,*]
:       1           2           3        :=
1   -0.313454    0.898925    0.860644
2   -0.823747   -0.0883046   0.945714
3    0.186915   -0.598557    1.08134
4    0.698818    0.387861    0.996491
;

np :=
1 1    0.883144
1 2    0.200479
1 3   -2.73386e-06
2 1   -0.363694
2 2   -0.639466
2 3   -0.262788
3 1   -0.113606
3 2    0.142777
3 3    0.910023
;

vp :=
1 1    0.70902
1 2    0.252394
1 3    0.589323
2 1   -0.32549
2 2   -0.901408
2 3   -0.23012
3 1   -0.0626634
3 2    0.150374
3 3    0.971014
;

