solve_message = ' \
Ipopt 3.9.1: Optimal Solution Found'

Solve time:
_solve_time = 0.733205

Objective:
p :=
1 1    0.0351471
1 2   -0.00403106
1 3   -0.0114241
2 1   -0.0315015
2 2    0.0116185
2 3   -0.0538456
3 1   -0.00364566
3 2   -0.00758746
3 3    0.0652698
;

phi :=
1 1   0.060745
1 2   0.0942721
1 3   0.0444228
2 1   0.00178022
2 2   0.159867
2 3   0.0657297
3 1   0.153725
3 2   0.0652241
3 3   0.108725
4 1   0.211863
4 2   0.0434288
4 3   0.010624
;

l [*,1,*]
:      1            2           3        :=
1   0.637385    0.671081     0.90757
2   0.165195   -0.216907     1.26203
3   0.832473   -0.877437     0.489604
4   1.30573     0.00949984   0.133916

 [*,2,*]
:       1           2           3         :=
1   -0.269591    0.384211   -1.30433
2   -0.810359   -0.451989   -0.938672
3   -1.2632      0.276446    0.0542936
4   -0.723157    1.11381    -0.309786

 [*,3,*]
:       1            2          3        :=
1   -0.0414697   -0.230144   1.27765
2   -0.52105      0.846651   0.825694
3   -1.22404      0.322491   0.311389
4   -0.745577    -0.755139   0.762521
;

np :=
1 1    1.07097
1 2   -0.122831
1 3   -5.18019e-06
2 1   -0.701473
2 2    0.258721
2 3   -0.267706
3 1   -2.0161e-05
3 2   -4.19596e-05
3 3    1.02942
;

vp :=
1 1    0.735383
1 2   -0.103087
1 3    0.698138
2 1   -0.766363
2 2    0.330952
2 3   -0.62477
3 1   -0.632842
3 2    0.0455353
3 3    0.794492
;

