solve_message = ' \
Ipopt 3.9.1: Optimal Solution Found'

Solve time:
_solve_time = 0.561604

Objective:
p :=
1 1    0.0352821
1 2   -0.000603143
1 3   -0.00103923
2 1   -0.0113783
2 2    0.00170121
2 3    0.0654282
3 1   -0.0239038
3 2   -0.00109806
3 3   -0.0643889
;

phi :=
1 1   0.0746408
1 2   0.0740063
1 3   0.130154
2 1   0.062018
2 2   0.0673915
2 3   0.123197
3 1   0.0622284
3 2   0.067573
3 3   0.0972716
4 1   0.0710696
4 2   0.0752436
4 3   0.130818
;

l [*,1,*]
:      1           2          3        :=
1   1.19383     0.324004   0.175074
2   0.465974    0.739597   0.897937
3   0.162664   -0.318959   1.20266
4   0.890037   -0.736237   0.480284

 [*,2,*]
:       1           2          3        :=
1    0.430525    0.433193   1.13333
2   -0.700462    0.634296   0.877005
3   -0.882114   -0.437436   0.83245
4    0.248584   -0.640245   1.0887

 [*,3,*]
:       1           2          3        :=
1   -0.820166    0.505469   -0.82437
2    0.362337    0.500876   -1.10363
3    0.362799   -0.538201   -1.08078
4   -0.819703   -0.535263   -0.80149
;

np :=
1 1    1.05865
1 2   -0.01807
1 3   -1.87115e-13
2 1   -0.000409898
2 2    6.12175e-05
2 3    1.04702
3 1   -0.0697483
3 2   -0.00320419
3 3   -0.936009
;

vp :=
1 1    0.678416
1 2    0.0019353
1 3    0.688701
2 1   -0.225416
2 2   -0.00262845
2 3    0.982973
3 1   -0.229154
3 2   -0.016778
3 3   -0.952455
;

