solve_message = ' \
Ipopt 3.9.1: Optimal Solution Found'

Solve time:
_solve_time = 1.45081

Objective:
p :=
1 1   -0.0306456
1 2    0.0118334
1 3   -0.0579658
2 1    0.0216364
2 2    0.0218891
2 3    0.0613558
3 1    0.00901071
3 2   -0.0337269
3 3   -0.00338997
;

phi :=
1 1   0.124418
1 2   0.0708403
1 3   0.0713864
2 1   0.111687
2 2   0.108072
2 3   0.0741232
3 1   0.0771026
3 2   0.108641
3 3   0.0671602
4 1   0.0853113
4 2   0.0732579
4 3   0.0645635
;

l [*,1,*]
:       1           2           3        :=
1   -1.07977     0.671904   -0.131003
2   -0.275558    0.788798   -0.969926
3   -0.34402    -0.276634   -1.186
4   -1.14835    -0.395225   -0.347425

 [*,2,*]
:      1           2          3        :=
1   1.25156     0.125826   0.121722
2   0.731985    1.03197    0.281139
3   0.103456    0.519302   1.16266
4   0.622032   -0.387656   1.00465

 [*,3,*]
:       1            2           3        :=
1    0.48633     -0.910114    0.769335
2   -0.401899    -1.15412     0.397831
3    0.0399584   -1.0073     -0.775312
4    0.928891    -0.763067   -0.405677
;

np :=
1 1   -0.598641
1 2    0.231161
1 3   -0.448546
2 1    0.285833
2 2    0.289176
2 3    0.667719
3 1    0.253494
3 2   -0.948822
3 3   -1.04839e-09
;

vp :=
1 1   -0.712245
1 2    0.197164
1 3   -0.658255
2 1    0.677466
2 2    0.321999
2 3    0.642479
3 1    0.263674
3 2   -0.958553
3 3   -0.0033083
;

