solve_message = ' \
Ipopt 3.9.1: Optimal Solution Found'

Solve time:
_solve_time = 0.702005

Objective:
p :=
1 1    0.00652416
1 2   -0.0344146
1 3   -0.0105929
2 1    0.00566599
2 2    0.0332551
2 3   -0.0544567
3 1   -0.0121902
3 2    0.00115954
3 3    0.0650496
;

phi :=
1 1   0.0884686
1 2   0.11346
1 3   0.0650891
2 1   0.116433
2 2   0.0858129
2 3   0.057706
3 1   0.098749
3 2   0.0869079
3 3   0.062174
4 1   0.0758925
4 2   0.11566
4 3   0.0700112
;

l [*,1,*]
:       1           2           3        :=
1   -0.343546   -1.08837    -0.584943
2    0.71337    -0.885939   -0.591662
3    0.71997    -0.878264    0.594337
4   -0.336935   -1.08068     0.602945

 [*,2,*]
:       1           2           3        :=
1    0.180563    0.656494   -1.09241
2   -0.640937    1.09133    -0.228021
3    0.0992001   1.21149     0.418767
4    0.921879    0.776844   -0.444591

 [*,3,*]
:       1           2           3        :=
1   -0.826559    0.791561   0.577439
2   -1.25885    -0.217892   0.0961976
3   -0.661171   -0.792246   0.76081
4   -0.227926    0.216293   1.24311
;

np :=
1 1    0.187285
1 2   -0.987923
1 3   -3.05159e-06
2 1    0.12978
2 2    0.761717
2 3   -0.289708
3 1   -0.000638455
3 2    6.08053e-05
3 3    1.00536
;

vp :=
1 1    0.187793
1 2   -0.983394
1 3    0.00517259
2 1    0.140504
2 2    0.933867
2 3   -0.336908
3 1   -0.743455
3 2   -0.00016894
3 3    0.669581
;

