solve_message = ' \
Ipopt 3.9.1: Optimal Solution Found'

Solve time:
_solve_time = 0.920406

Objective:
p :=
1 1    0.0134334
1 2   -0.0119266
1 3   -0.0659066
2 1   -0.0316563
2 2   -0.00889511
2 3    0.0552649
3 1    0.0176102
3 2    0.0213657
3 3    0.0624565
;

phi :=
1 1   0.119868
1 2   0.0661242
1 3   0.0757347
2 1   0.0602821
2 2   0.0448507
2 3   0.214955
3 1   0.0397969
3 2   0.0518642
3 3   0.133461
4 1   0.108351
4 2   0.0730553
4 3   0.0478214
;

l [*,1,*]
:      1           2           3        :=
1   1.03451     0.695064   -0.32498
2   1.00914     0.577261    0.540641
3   0.936116   -0.789163    0.352828
4   0.961364   -0.673537   -0.513092

 [*,2,*]
:       1            2          3        :=
1   0.112655      0.519645   1.10844
2   0.00540772   -0.451394   1.14771
3   1.00511      -0.591841   0.39672
4   1.11395       0.378974   0.356254

 [*,3,*]
:       1           2           3        :=
1   -0.899329    0.407775    0.606996
2   -1.06639     0.255348   -0.615821
3   -0.950759   -0.705396   -0.511789
4   -0.783512   -0.554499    0.711194
;

np :=
1 1    0.00701565
1 2   -0.00622858
1 3   -1.10181
2 1   -0.621934
2 2   -0.174757
2 3    0.321182
3 1    0.123313
3 2    0.149608
3 3    0.756225
;

vp :=
1 1    0.985293
1 2   -0.0475471
1 3    0.013504
2 1    0.559323
2 2   -0.0357671
2 3    0.752263
3 1   -0.924931
3 2   -0.149132
3 3    0.0481326
;

