solve_message = ' \
Ipopt 3.9.1: Optimal Solution Found'

Solve time:
_solve_time = 0.920406

Objective:
p :=
1 1   -0.0216204
1 2    0.02597
1 3   -0.0533516
2 1   -0.0126242
2 2   -0.0314091
2 3    0.0516651
3 1    0.0342468
3 2    0.00543699
3 3    0.00168648
;

phi :=
1 1   0.118201
1 2   0.114302
1 3   0.0600574
2 1   0.141982
2 2   0.0754665
2 3   0.0604975
3 1   0.0712864
3 2   0.0573713
3 3   0.0952914
4 1   0.0633719
4 2   0.0819679
4 3   0.095539
;

l [*,1,*]
:       1          2           3        :=
1    0.150439   1.00904    -0.717417
2   -0.721021   0.458591   -0.959443
3   -1.11424    0.579848    0.155083
4   -0.243402   1.13049     0.398884

 [*,2,*]
:       1           2           3        :=
1   -0.128011   -1.10089    -0.61921
2    0.521858   -1.05442     0.403718
3   -0.325383   -0.769226    0.931657
4   -0.976601   -0.81524    -0.09043

 [*,3,*]
:      1           2          3        :=
1   0.250764    0.529226   1.13515
2   0.339429   -0.531958   1.10121
3   1.16948    -0.435919   0.248978
4   1.08214     0.625418   0.281562
;

np :=
1 1   -0.500322
1 2    0.600976
1 3   -0.25098
2 1   -0.295234
2 2   -0.734545
2 3    0.200442
3 1    0.925329
3 2    0.146906
3 3    7.89146e-12
;

vp :=
1 1   -0.481708
1 2    0.794714
1 3   -0.280626
2 1   -0.227293
2 2   -0.934962
2 3    0.156026
3 1    0.710418
3 2    0.0471146
3 3    0.69174
;

