solve_message = ' \
Ipopt 3.9.1: Optimal Solution Found'

Solve time:
_solve_time = 1.34161

Objective:
p :=
1 1   -0.0162198
1 2   -0.0307888
1 3   -0.00135489
2 1    0.00520367
2 2    0.0244042
2 3   -0.064063
3 1    0.0110191
3 2    0.00638356
3 3    0.0654898
;

phi :=
1 1   0.0695657
1 2   0.118055
1 3   0.182394
2 1   0.0517067
2 2   0.0740645
2 3   0.0927279
3 1   0.0503118
3 2   0.0582664
3 3   0.0569398
4 1   0.0694921
4 2   0.104273
4 3   0.108045
;

l [*,1,*]
:       1           2           3        :=
1   -0.843465   -0.569662   -0.677749
2    0.306858   -1.09364    -0.496625
3    0.101041   -1.23149     0.43825
4   -1.04961    -0.707734    0.258615

 [*,2,*]
:       1           2           3        :=
1   -0.234152    0.905988   -0.897631
2    0.443881   -0.148692   -1.20407
3   -0.337185   -0.704014   -1.03302
4   -1.01646     0.349782   -0.726306

 [*,3,*]
:      1           2          3        :=
1   0.357366    0.777425   0.945117
2   0.118536   -0.593899   1.12094
3   0.781935   -0.772408   0.648711
4   1.02182     0.598632   0.472135
;

np :=
1 1   -0.447751
1 2   -0.849931
1 3   -2.1042e-15
2 1    0.0195231
2 2    0.0915593
2 3   -0.903358
3 1    0.000730378
3 2    0.000423146
3 3    1.05395
;

vp :=
1 1   -0.371753
1 2   -0.900422
1 3   -0.119449
2 1   -0.28625
2 2    0.101186
2 3   -0.965136
3 1    0.57001
3 2    0.00298371
3 3    0.796656
;

