solve_message = ' \
Ipopt 3.9.1: Optimal Solution Found'

Solve time:
_solve_time = 1.63801

Objective:
p :=
1 1   -0.00212486
1 2    0.0067589
1 3   -0.0650524
2 1    0.00178124
2 2   -0.0349828
2 3    0.00154991
3 1    0.000343608
3 2    0.0282239
3 3    0.0635025
;

phi :=
1 1   0.0321177
1 2   0.030334
1 3   0.0393568
2 1   0.0972628
2 2   0.0410825
2 3   0.109277
3 1   0.174652
3 2   0.11097
3 3   0.178756
4 1   0.0640004
4 2   0.0891187
4 3   0.0674409
;

l [*,1,*]
:       1           2           3        :=
1   -1.21116    -0.370263   -0.197082
2   -0.891601    0.766347   -0.510577
3   -0.216829    0.38733    -1.20377
4   -0.53531    -0.749883   -0.891381

 [*,2,*]
:       1           2           3        :=
1   -0.456164   -1.02452     0.6198
2   -0.641662   -1.03153    -0.4073
3    0.554123   -0.972533   -0.624221
4    0.741526   -0.965433    0.402534

 [*,3,*]
:       1           2           3        :=
1   -0.405194   -0.406027    1.14593
2    0.740345   -0.0956771   1.04209
3    0.448536    0.903816    0.79235
4   -0.697467    0.595058    0.895796
;

np :=
1 1   -4.178e-06
1 2    1.32725e-05
1 3   -1.00566
2 1    0.0511387
2 2   -1.00434
2 3    4.3615e-12
3 1    0.00269306
3 2    0.221812
3 3    0.849456
;

vp :=
1 1   -0.713851
1 2    0.00792947
1 3   -0.700578
2 1    0.0495301
2 2   -0.998502
2 3   -0.00188768
3 1    0.0210985
3 2    0.249169
3 3    0.969082
;

