solve_message = ' \
Ipopt 3.9.1: Optimal Solution Found'

Solve time:
_solve_time = 0.655204

Objective:
p :=
1 1    0.0156253
1 2   -0.0116475
1 3   -0.065826
2 1    0.0195366
2 2    0.0121151
2 3    0.0655869
3 1   -0.0351623
3 2   -0.000467416
3 3    0.000239076
;

phi :=
1 1   0.049712
1 2   0.0894502
1 3   0.142734
2 1   0.0492057
2 2   0.0566791
2 3   0.0766696
3 1   0.054178
3 2   0.0884791
3 3   0.0790016
4 1   0.0546893
4 2   0.147615
4 3   0.146865
;

l [*,1,*]
:      1           2           3         :=
1   0.685121   -0.606089   -0.905078
2   0.70785     0.587934   -0.900826
3   1.14207     0.577262    0.0743568
4   1.12003    -0.616778    0.0716575

 [*,2,*]
:       1            2           3        :=
1    0.544139    -0.757133    0.886391
2    1.24469      0.0517559   0.307483
3    0.676146     0.832126    0.706812
4   -0.0253117    0.0244804   1.28636

 [*,3,*]
:       1           2           3        :=
1   -1.05365     0.615835   -0.402369
2   -0.283891    0.542521   -1.1192
3   -0.324861   -0.660719   -1.04062
4   -1.09469    -0.589322   -0.323666
;

np :=
1 1    0.0133063
1 2   -0.00991892
1 3   -1.09242
2 1    0.0448111
2 2    0.0277883
2 3    1.06495
3 1   -1.03347
3 2   -0.013738
3 3    9.10672e-18
;

vp :=
1 1    0.913758
1 2   -0.0148935
1 3   -0.414974
2 1    0.609636
2 2    0.0374853
2 3    0.796992
3 1   -0.68958
3 2   -0.0228923
3 3   -0.721179
;

