solve_message = ' \
Ipopt 3.9.1: Optimal Solution Found'

Solve time:
_solve_time = 0.655204

Objective:
p :=
1 1    4.76779e-05
1 2   -0.0350711
1 3   -0.0113598
2 1   -0.00327837
2 2    0.000579914
2 3    0.0643752
3 1    0.00324844
3 2    0.0344876
3 3   -0.0530091
;

phi :=
1 1   0.078271
1 2   0.044804
1 3   0.0611023
2 1   0.149637
2 2   0.0462132
2 3   0.11907
3 1   0.110783
3 2   0.0707472
3 3   0.153408
4 1   0.0556811
4 2   0.068442
4 3   0.0771686
;

l [*,1,*]
:       1          2           3         :=
1    0.120049   -0.99244    0.811509
2   -0.803623   -1.00412   -0.0970587
3   -0.131091   -1.01474   -0.783342
4    0.793653   -1.00308    0.124132

 [*,2,*]
:      1           2          3        :=
1   1.02187    -0.655244   0.408563
2   1.11041     0.552497   0.317625
3   0.357294    0.663159   1.03474
4   0.267553   -0.544406   1.12682

 [*,3,*]
:       1          2           3        :=
1    0.890926   0.877699   -0.288853
2   -0.181234   0.750194   -1.02535
3   -0.715637   1.02842    -0.29236
4    0.355672   1.15637     0.445303
;

np :=
1 1    0.00137893
1 2   -1.01432
1 3   -4.97197e-06
2 1   -5.76357e-08
2 2    1.02258e-08
2 3    0.934623
3 1    0.0872343
3 2    0.926137
3 3   -0.239915
;

vp :=
1 1   -0.00488466
1 2   -1.00359
1 3    0.0141718
2 1    0.689245
2 2    0.00352035
2 3    0.721975
3 1    0.0878589
3 2    0.953221
3 3   -0.290021
;

