solve_message = ' \
Ipopt 3.9.1: Optimal Solution Found'

Solve time:
_solve_time = 1.51321

Objective:
p :=
1 1    0.00570796
1 2   -0.0255163
1 3    0.064082
2 1    0.00221685
2 2    0.0348553
2 3    0.0011157
3 1   -0.00792468
3 2   -0.00933879
3 3   -0.0651977
;

phi :=
1 1   0.0944973
1 2   0.0613829
1 3   0.124079
2 1   0.0559586
2 2   0.0445605
2 3   0.110049
3 1   0.107048
3 2   0.038103
3 3   0.0761225
4 1   0.175817
4 2   0.0542336
4 3   0.0932443
;

l [*,1,*]
:       1           2          3        :=
1    0.665129    0.243682   1.07778
2   -0.554682    0.489797   1.05989
3   -0.756442   -0.508439   0.91208
4    0.463047   -0.756145   0.929734

 [*,2,*]
:       1          2           3        :=
1    0.78918    0.922203   -0.444222
2   -0.465873   0.980396   -0.720419
3   -0.667649   1.07294     0.230027
4    0.587083   1.01489     0.507738

 [*,3,*]
:       1           2           3        :=
1    0.109759   -0.763493   -1.02572
2   -0.875237   -0.386524   -0.855541
3   -0.467247    0.737173   -0.948411
4    0.518398    0.361992   -1.11874
;

np :=
1 1    0.0283486
1 2   -0.126727
1 3    0.905226
2 1    0.0625363
2 2    0.983251
2 3    4.38962e-13
3 1   -0.00041581
3 2   -0.000490008
3 3   -1.02148
;

vp :=
1 1   -0.0452508
1 2   -0.132874
1 3    0.994879
2 1    0.061185
2 2    0.997584
2 3   -0.106609
3 1   -0.178189
3 2   -0.0128628
3 3   -0.987172
;

