solve_message = ' \
Ipopt 3.9.1: Optimal Solution Found'

Solve time:
_solve_time = 1.17001

Objective:
p :=
1 1    0.00848947
1 2    0.0220327
1 3    0.0656183
2 1   -0.0129388
2 2    0.0128486
2 3   -0.0652531
3 1    0.00446618
3 2   -0.0348937
3 3   -0.000365512
;

phi :=
1 1   0.21426
1 2   0.0680663
1 3   0.0585431
2 1   0.0464093
2 2   0.0916463
2 3   0.0517974
3 1   0.0459087
3 2   0.14146
3 3   0.05127
4 1   0.109848
4 2   0.10055
4 3   0.0574319
;

l [*,1,*]
:       1           2          3        :=
1   -0.36697     0.75678    1.00532
2   -0.417834   -0.352977   1.18916
3    0.825064   -0.443714   0.988528
4    0.877908    0.665898   0.804367

 [*,2,*]
:       1           2           3        :=
1    0.617963   -0.572008   -1.00426
2   -0.750955   -0.569976   -0.833352
3   -0.773305    0.393582   -1.00706
4    0.595577    0.393084   -1.17824

 [*,3,*]
:       1            2           3        :=
1    0.621213    -0.859846    0.693072
2   -0.0302063   -0.932164    0.840317
3   -0.36246     -0.999692   -0.676205
4    0.28843     -0.927482   -0.825866
;

np :=
1 1    0.0228636
1 2    0.0593381
1 3    1.06852
2 1   -0.0073916
2 2    0.0073404
2 3   -1.02757
3 1    0.131557
3 2   -1.02783
3 3   -1.77413e-16
;

vp :=
1 1    0.229562
1 2    0.156939
1 3    0.996771
2 1   -0.0771343
2 2   -0.0888298
2 3   -1.0058
3 1    0.129503
3 2   -0.929767
3 3    0.00777046
;

