solve_message = ' \
Ipopt 3.9.1: Optimal Solution Found'

Solve time:
_solve_time = 1.12321

Objective:
p :=
1 1    0.00419694
1 2    0.0347807
1 3   -0.00781794
2 1    0.0118763
2 2   -0.00582325
2 3    0.0650795
3 1   -0.0160732
3 2   -0.0289575
3 3   -0.0572616
;

phi :=
1 1   0.0926181
1 2   0.0630516
1 3   0.0954918
2 1   0.082167
2 2   0.0716553
2 3   0.113453
3 1   0.0695967
3 2   0.0815009
3 3   0.117014
4 1   0.0789013
4 2   0.0724717
4 3   0.0984297
;

l [*,1,*]
:       1          2           3         :=
1    0.101713   0.99746    -0.799649
2   -0.666615   1.09439    -0.0730959
3    0.147415   0.989115    0.802269
4    0.917039   0.892023    0.0771101

 [*,2,*]
:       1           2          3        :=
1    0.331355    0.809661   0.938767
2   -0.253625   -0.115485   1.25678
3    0.571266   -0.775908   0.855426
4    1.15756     0.148187   0.536772

 [*,3,*]
:       1           2           3         :=
1   -1.12229    -0.604672   -0.146837
2   -0.718901   -0.209707   -1.04111
3    0.26996    -0.879147   -0.890914
4   -0.131853   -1.27518     0.0036017
;

np :=
1 1    0.120593
1 2    0.999371
1 3   -3.63978e-07
2 1    0.00098849
2 2   -0.00048466
2 3    1.0086
3 1   -0.329691
3 2   -0.593964
3 3   -0.411763
;

vp :=
1 1    0.125195
1 2    0.993207
1 3    0.00136932
2 1    0.451873
2 2    0.0169822
2 3    0.89681
3 1   -0.425931
3 2   -0.742333
3 3   -0.518459
;

