solve_message = ' \
Ipopt 3.9.1: Optimal Solution Found'

Solve time:
_solve_time = 3.40082

Objective:
p :=
1 1   -0.0138275
1 2    0.00343478
1 3    0.0640725
2 1    0.013601
2 2    0.0317499
2 3   -0.025871
3 1    0.000226564
3 2   -0.0351847
3 3   -0.0382015
;

phi :=
1 1   0
1 2   0
1 3   0.653829
2 1   0
2 2   0.802492
2 3   0
3 1   0
3 2   0.0650971
3 3   0
4 1   0
4 2   0
4 3   0.0137984
;

l [*,1,*]
:       1            2           3        :=
1   -0.0842616    0.170001    1.35968
2    0.780799    -0.671114    0.923091
3    1.22817      0.0863198   0.347677
4    0.363824     0.928641    0.783351

 [*,2,*]
:       1          2           3        :=
1   -0.202388   1.32036    -0.223463
2    0.261575   0.802951    0.938319
3    1.06259    0.513533    0.493174
4    0.599907   1.03048    -0.669316

 [*,3,*]
:        1             2           3        :=
1   -0.000869985   -1.01438    -0.819199
2    0.748911      -1.0935      0.236052
3   -0.0901053     -1.01102     0.844688
4   -0.841223      -0.931762   -0.209594
;

np :=
1 1   -0.00179781
1 2    0.000446579
1 3    0.904295
2 1    0.358973
2 2    0.837982
2 3   -0.00158235
3 1    0.00668177
3 2   -1.03766
3 3   -0.0242198
;

vp :=
1 1    0.571789
1 2    0.128798
1 3    0.853624
2 1    0.430237
2 2    0.917035
2 3    0.134216
3 1   -0.0461207
3 2   -1.01263
3 3    0.0125663
;

