solve_message = ' \
Ipopt 3.9.1: Optimal Solution Found'

Solve time:
_solve_time = 0.452403

Objective:
p :=
1 1   -0.0085276
1 2    0.00825397
1 3    0.0650511
2 1    0.00933945
2 2   -0.0336714
2 3   -0.000644552
3 1   -0.000811843
3 2    0.0254174
3 3   -0.0644065
;

phi :=
1 1   0.0646511
1 2   0.0666256
1 3   0.112648
2 1   0.0680072
2 2   0.0549305
2 3   0.157894
3 1   0.133552
3 2   0.0456935
3 3   0.0859553
4 1   0.127649
4 2   0.0558739
4 3   0.0621485
;

l [*,1,*]
:       1           2          3       :=
1   -0.673173   -0.562151   0.93522
2    0.383016   -0.626668   1.05121
3    0.45617     0.568423   1.05495
4   -0.599903    0.634844   0.93896

 [*,2,*]
:       1            2           3         :=
1    0.970884    -0.832481    0.191015
2    0.0417096   -0.988698    0.836834
3   -0.576793    -1.14896    -0.0916385
4    0.351396    -0.992999   -0.738937

 [*,3,*]
:       1           2           3        :=
1   -0.799756    0.481288   -0.879026
2    0.212345    0.856292   -0.930995
3    0.611433   -0.24324    -1.10086
4   -0.400032   -0.619995   -1.04916
;

np :=
1 1   -0.000370337
1 2    0.000358448
1 3    1.00551
2 1    0.264226
2 2   -0.952607
2 3   -9.42788e-15
3 1   -0.00341281
3 2    0.106849
3 3   -0.937809
;

vp :=
1 1   -0.108893
1 2    0.00363797
1 3    0.995038
2 1    0.197169
2 2   -0.990722
2 3    0.0490609
3 1   -0.0944056
3 2    0.118436
3 3   -0.98999
;

