solve_message = ' \
Ipopt 3.9.1: Optimal Solution Found'

Solve time:
_solve_time = 0.686404

Objective:
p :=
1 1   -0.0185851
1 2   -0.028804
1 3   -0.0433039
2 1    0.0337546
2 2    0.00689765
2 3   -0.0209998
3 1   -0.0151695
3 2    0.0219064
3 3    0.0643037
;

phi :=
1 1   0.00905387
1 2   0.25578
1 3   0.0556052
2 1   0.0484041
2 2   0.043298
2 3   0.17704
3 1   0.229614
3 2   0.0118981
3 3   0.0424833
4 1   0.0648939
4 2   0.084172
4 3   0.00995897
;

l [*,1,*]
:       1           2            3         :=
1   -0.459095   -0.966609    0.645904
2   -1.14573    -0.603817   -0.00434383
3   -0.349178   -0.789591   -0.952139
4    0.338728   -1.15268    -0.303401

 [*,2,*]
:      1           2          3        :=
1   1.04184     0.695476   0.241953
2   0.216715    0.508398   1.13183
3   0.391283   -0.504065   1.08455
4   1.21669    -0.318599   0.194596

 [*,3,*]
:       1           2          3        :=
1   -0.344656    0.657277   1.03934
2   -1.12232     0.581503   0.171511
3   -1.13973    -0.515658   0.279213
4   -0.362097   -0.441632   1.14722
;

np :=
1 1   -0.46869
1 2   -0.726398
1 3   -0.0582497
2 1    0.877312
2 2    0.179276
2 3   -0.000367383
3 1   -0.0843874
3 2    0.121864
3 3    0.927383
;

vp :=
1 1   -0.403545
1 2   -0.878319
1 3   -0.153236
2 1    0.716962
2 2    0.0953768
2 3    0.662876
3 1   -0.74189
3 2    0.0704022
3 3    0.659667
;

