solve_message = ' \
Ipopt 3.9.1: Optimal Solution Found'

Solve time:
_solve_time = 0.998406

Objective:
p :=
1 1    0.00847903
1 2    0.0111516
1 3    0.0652414
2 1   -0.0151956
2 2    0.0231298
2 3   -0.0636637
3 1    0.00671752
3 2   -0.0342814
3 3   -0.00157766
;

phi :=
1 1   0.148435
1 2   0.0935031
1 3   0.089827
2 1   0.0936295
2 2   0.052543
2 3   0.0550572
3 1   0.0507424
3 2   0.10094
3 3   0.037019
4 1   0.0854834
4 2   0.165329
4 3   0.0619982
;

l [*,1,*]
:       1            2          3        :=
1    0.587466     0.77163    0.820417
2   -0.391253     0.512942   1.09672
3   -0.0808928   -0.656703   1.10365
4    0.898321    -0.399877   0.827357

 [*,2,*]
:       1           2           3        :=
1   -0.308008   -0.3624     -1.20898
2   -1.19639    -0.325282   -0.33335
3   -1.05703     0.666893   -0.229465
4   -0.168431    0.631356   -1.10492

 [*,3,*]
:       1            2           3        :=
1    1.00122     -0.779757   -0.162938
2    0.445074    -0.902316    0.792512
3   -0.510193    -1.15904     0.20469
4    0.0444359   -1.03689    -0.751697
;

np :=
1 1    0.00099584
1 2    0.00130988
1 3    1.02629
2 1   -0.106076
2 2    0.161487
2 3   -0.864672
3 1    0.189747
3 2   -0.968331
3 3   -4.96238e-12
;

vp :=
1 1    0.2538
1 2    0.0571007
1 3    0.961925
2 1   -0.68211
2 2    0.152627
2 3   -0.719527
3 1    0.245357
3 2   -0.969453
3 3    0.0202608
;

