solve_message = ' \
Ipopt 3.9.1: Optimal Solution Found'

Solve time:
_solve_time = 0.514803

Objective:
p :=
1 1   -0.0180875
1 2    0.0172759
1 3   -0.0643359
2 1    0.0274907
2 2    0.0160495
2 3    0.0593982
3 1   -0.00940322
3 2   -0.0333254
3 3    0.0049377
;

phi :=
1 1   0.0666645
1 2   0.207772
1 3   0.0415619
2 1   0.18912
2 2   0.0872378
2 3   0.0269989
3 1   0.0831707
3 2   0.0351895
3 3   0.0764398
4 1   0.0256913
4 2   0.08731
4 3   0.106817
;

l [*,1,*]
:       1           2           3        :=
1   -1.01553     0.527728    0.559739
2   -0.956676    0.626412   -0.572647
3   -0.966176   -0.491109   -0.670804
4   -1.02504    -0.591573    0.461426

 [*,2,*]
:      1           2          3        :=
1   1.11778     0.606935   0.199187
2   0.253217    0.685673   1.06371
3   0.257893   -0.335465   1.16506
4   1.12246    -0.415829   0.300698

 [*,3,*]
:       1           2           3        :=
1    0.443089   -1.1175      0.445415
2   -0.780994   -0.946136    0.443847
3   -0.769885   -0.841684   -0.570537
4    0.454215   -1.01289    -0.570585
;

np :=
1 1   -0.0688368
1 2    0.0657483
1 3   -0.930639
2 1    0.444586
2 2    0.259555
2 3    0.532133
3 1   -0.251919
3 2   -0.892812
3 3    1.45976e-08
;

vp :=
1 1   -0.990879
1 2    0.0178248
1 3   -0.0551203
2 1    0.688183
2 2    0.135297
2 3    0.681817
3 1   -0.162906
3 2   -0.979621
3 3   -0.0629644
;

