solve_message = ' \
Ipopt 3.9.1: Optimal Solution Found'

Solve time:
_solve_time = 1.38841

Objective:
p :=
1 1    0.000756333
1 2    0.0334708
1 3   -0.0561339
2 1   -0.00172944
2 2    0.00154867
2 3    0.0649399
3 1    0.000973122
3 2   -0.0350195
3 3   -0.0088061
;

phi :=
1 1   0.0689237
1 2   0.0672067
1 3   0.0574748
2 1   0.088342
2 2   0.0883718
2 3   0.0789392
3 1   0.146525
3 2   0.0520192
3 3   0.133631
4 1   0.110662
4 2   0.043994
4 3   0.0996957
;

l [*,1,*]
:       1          2           3         :=
1    0.638213   1.11629     0.0358436
2    0.489727   0.591451   -1.02951
3   -0.569378   0.682591   -0.929419
4   -0.42258    1.20757     0.136098

 [*,2,*]
:       1           2           3        :=
1    0.47004     0.802082    0.887511
2   -0.158802   -0.0565063   1.28003
3    0.578783   -0.800253    0.836586
4    1.2088      0.0571506   0.443359

 [*,3,*]
:       1            2           3         :=
1    0.831508    -0.979052    0.0695051
2    0.0510475   -1.00824     0.79843
3   -0.76488     -1.03031    -0.0749166
4    0.0142814   -1.00116    -0.805233
;

np :=
1 1    0.0165537
1 2    0.732568
1 3   -0.358246
2 1   -4.0207e-09
2 2    3.66911e-09
2 3    0.993549
3 1    0.0279604
3 2   -1.0062
3 3   -8.377e-07
;

vp :=
1 1    0.0340545
1 2    0.899684
1 3   -0.446323
2 1    0.524956
2 2    0.000960159
2 3    0.861715
3 1    0.0333001
3 2   -1.00468
3 3   -0.00334423
;

