solve_message = ' \
Ipopt 3.9.1: Optimal Solution Found'

Solve time:
_solve_time = 0.670804

Objective:
p :=
1 1   -0.0096816
1 2    0.0336793
1 3   -0.00866583
2 1    0.0280014
2 2   -0.00512487
2 3    0.063018
3 1   -0.0183202
3 2   -0.0285543
3 3   -0.0543522
;

phi :=
1 1   0.102472
1 2   0.0777656
1 3   0.0809941
2 1   0.102066
2 2   0.0636458
2 3   0.0693566
3 1   0.0717204
3 2   0.0776136
3 3   0.103477
4 1   0.0727182
4 2   0.0945977
4 3   0.120042
;

l [*,1,*]
:       1           2           3        :=
1    0.413906    1.15583    -0.396463
2   -0.51733     0.878989   -0.783704
3   -0.95894     0.780352    0.348003
4   -0.0284075   1.05703     0.737046

 [*,2,*]
:      1           2          3        :=
1   0.950301    0.649237   0.641954
2   0.137248    0.114674   1.30386
3   0.42178    -0.866212   0.873242
4   1.23529    -0.333211   0.21065

 [*,3,*]
:       1            2           3        :=
1   -0.0501767   -1.26528     0.186168
2   -0.971721    -0.798646    0.265306
3   -0.858882    -0.38431    -0.886465
4    0.0628422   -0.850289   -0.967438
;

np :=
1 1   -0.27867
1 2    0.969408
1 3   -7.48634e-07
2 1    0.231496
2 2   -0.0423683
2 3    0.805117
3 1   -0.434155
3 2   -0.676691
3 3   -0.285842
;

vp :=
1 1   -0.272322
1 2    0.968161
1 3   -0.0236247
2 1    0.686478
2 2   -0.108666
2 3    0.757163
3 1   -0.454117
3 2   -0.824818
3 3   -0.350639
;

