solve_message = ' \
Ipopt 3.9.1: Optimal Solution Found'

Solve time:
_solve_time = 2.13721

Objective:
p :=
1 1   -0.0128815
1 2   -0.00233347
1 3   -0.0656856
2 1   -0.0058898
2 2   -0.026554
2 3    0.0630113
3 1    0.0187713
3 2    0.0288877
3 3    0.00267427
;

phi :=
1 1   0.0673759
1 2   0.0915648
1 3   0.0803877
2 1   0.0829426
2 2   0.0563628
2 3   0.0477897
3 1   0.142642
3 2   0.090513
3 3   0.0392491
4 1   0.123478
4 2   0.142975
4 3   0.0699592
;

l [*,1,*]
:       1           2           3        :=
1   -0.303886    0.749896   -0.994984
2    0.772367    0.211316   -1.0031
3    0.299891   -0.735857   -1.01042
4   -0.777114   -0.198786   -1.00232

 [*,2,*]
:       1            2          3        :=
1    0.517551    -0.172075   1.15905
2   -0.0557244    0.680376   1.07083
3   -1.02736     -0.004611   0.762599
4   -0.455629    -0.858152   0.850326

 [*,3,*]
:       1          2           3         :=
1    1.04581    0.395431    0.301935
2    0.450695   1.0663     -0.599123
3   -0.235813   1.2794      0.0161585
4    0.358208   0.608874    0.918196
;

np :=
1 1   -0.00100771
1 2   -0.000182555
1 3   -1.07621
2 1   -0.0370656
2 2   -0.167109
2 3    0.804517
3 1    0.487775
3 2    0.75065
3 3    1.99538e-10
;

vp :=
1 1   -0.00261465
1 2    0.00685653
1 3   -1.0027
2 1   -0.255062
2 2   -0.0889556
2 3    0.960737
3 1    0.404962
3 2    0.837234
3 3    0.159651
;

