solve_message = ' \
Ipopt 3.9.1: Optimal Solution Found'

Solve time:
_solve_time = 0.405603

Objective:
p :=
1 1    0.00501916
1 2   -0.0348031
1 3    0.0029367
2 1    0.00260163
2 2    0.0303125
2 3    0.06212
3 1   -0.00762079
3 2    0.00449057
3 3   -0.0650567
;

phi :=
1 1   0.0823188
1 2   0.131315
1 3   0.10066
2 1   0.0707789
2 2   0.111427
2 3   0.11036
3 1   0.0547957
3 2   0.0790576
3 3   0.0726816
4 1   0.0645528
4 2   0.0912348
4 3   0.0668902
;

l [*,1,*]
:       1           2           3        :=
1    0.937267   -0.85294    -0.208856
2    0.428711   -0.985417    0.70426
3   -0.61322    -1.12203     0.104591
4   -0.106323   -0.989776   -0.80948

 [*,2,*]
:       1           2           3        :=
1    0.674134    0.865503    0.671633
2   -0.430662    1.05665     0.59201
3   -0.640925    0.0634339   1.1126
4    0.463536   -0.129291    1.19305

 [*,3,*]
:       1            2           3        :=
1   -0.641259     0.743673   -0.825754
2    0.332662     0.321399   -1.19731
3   -0.0686076   -0.738065   -1.04831
4   -1.04317     -0.317478   -0.676519
;

np :=
1 1    0.147462
1 2   -1.02251
1 3    3.84165e-10
2 1    0.0320681
2 2    0.373627
2 3    0.728161
3 1   -5.66226e-05
3 2    3.33833e-05
3 3   -1.00612
;

vp :=
1 1    0.161811
1 2   -0.987489
1 3   -0.0527353
2 1    0.0169611
2 2    0.463996
2 3    0.892356
3 1   -0.355481
3 2    0.00255011
3 3   -0.936824
;

