solve_message = ' \
Ipopt 3.9.1: Optimal Solution Found'

Solve time:
_solve_time = 0.826805

Objective:
p :=
1 1    0.0181927
1 2    0.00231759
1 3   -0.064485
2 1   -0.00326105
2 2   -0.0335338
2 3    0.0559124
3 1   -0.0149328
3 2    0.0312169
3 3    0.00857268
;

phi :=
1 1   0.0610119
1 2   0.0967756
1 3   0.122727
2 1   0.0244904
2 2   0.155236
2 3   0.0577957
3 1   0.0828918
3 2   0.0852908
3 3   0.0444657
4 1   0.101491
4 2   0.0981877
4 3   0.10508
;

l [*,1,*]
:       1            2            3        :=
1    0.221318    -0.707811    -1.04386
2   -0.675039    -0.0534659   -1.07091
3   -0.0475536    0.813763    -0.877519
4    0.849803     0.160799    -0.850161

 [*,2,*]
:       1           2           3         :=
1    0.575507   -1.13921     0.0987348
2    0.226569   -0.501084    1.11579
3   -0.733093   -0.586332    0.841859
4   -0.385683   -1.22459    -0.175629

 [*,3,*]
:       1           2           3        :=
1    0.349283    1.17924    -0.108624
2   -0.0980563   0.875326   -0.876728
3   -1.11779     0.550991   -0.15146
4   -0.672073    0.854388    0.6178
;

np :=
1 1    0.010757
1 2    0.00137087
1 3   -0.945843
2 1   -0.074138
2 2   -0.762372
2 3    0.34847
3 1   -0.398543
3 2    0.83315
3 3    6.94097e-07
;

vp :=
1 1    0.0874895
1 2    0.0530608
1 3   -0.960601
2 1   -0.0790363
2 2   -0.863058
2 3    0.469783
3 1   -0.384481
3 2    0.865107
3 3   -0.129447
;

