solve_message = ' \
Ipopt 3.9.1: Optimal Solution Found'

Solve time:
_solve_time = 0.920406

Objective:
p :=
1 1   -0.00540803
1 2   -0.0345314
1 3   -0.00429649
2 1   -0.00341375
2 2    0.0312079
2 3   -0.0604309
3 1    0.00882179
3 2    0.00332349
3 3    0.0647274
;

phi :=
1 1   0.0702724
1 2   0.109626
1 3   0.0886619
2 1   0.0768681
2 2   0.0990077
2 3   0.0923382
3 1   0.0871973
3 2   0.092423
3 3   0.0703819
4 1   0.0804716
4 2   0.102697
4 3   0.0664354
;

l [*,1,*]
:       1           2           3        :=
1   -0.636251   -0.87081     0.669997
2   -0.667041   -0.970439   -0.545734
3    0.363117   -1.09639    -0.562997
4    0.395547   -0.996964    0.652708

 [*,2,*]
:       1          2           3        :=
1    0.447156   0.241206   -1.15832
2   -0.58656    0.134094   -1.12762
3   -0.656991   1.04244    -0.322254
4    0.376614   1.15099    -0.351673

 [*,3,*]
:       1            2           3        :=
1    0.921913     0.0913049   0.845053
2    0.220871     0.865052    0.805019
3   -0.645593     0.106953    1.07171
4    0.0540687   -0.668002    1.11217
;

np :=
1 1   -0.153257
1 2   -0.978581
1 3   -5.51321e-09
2 1   -0.0507977
2 2    0.464384
2 3   -0.600374
3 1    9.6236e-05
3 2    3.62557e-05
3 3    0.971013
;

vp :=
1 1   -0.136144
1 2   -0.983611
1 3    0.0539779
2 1   -0.104533
2 2    0.642225
2 3   -0.739979
3 1    0.138094
3 2    0.0985184
3 3    0.958504
;

