solve_message = ' \
Ipopt 3.9.1: Optimal Solution Found'

Solve time:
_solve_time = 2.71442

Objective:
p :=
1 1   -0.0156441
1 2   -0.0306943
1 3   -0.0167468
2 1   -0.0171197
2 2    0.0298321
2 3   -0.0389305
3 1    0.032768
3 2    0.000862284
3 3    0.0556772
;

phi :=
1 1   0.0558092
1 2   0.0564472
1 3   0.0515689
2 1   0.089945
2 2   0.0720901
2 3   0.0827688
3 1   0.134638
3 2   0.128139
3 3   0.0948794
4 1   0.0888793
4 2   0.118341
4 3   0.0625041
;

l [*,1,*]
:       1           2           3         :=
1   -0.215812   -0.889124    0.781226
2   -1.07557    -0.730848   -0.0905977
3   -0.392597   -0.891159   -0.804428
4    0.468248   -1.04969     0.0662591

 [*,2,*]
:       1          2           3        :=
1   -0.74765    0.800698    0.607828
2    0.236437   1.07057     0.422451
3    0.045173   0.969426   -0.767251
4   -0.939219   0.699396   -0.583768

 [*,3,*]
:      1           2          3        :=
1   0.184702   -0.282844   1.23764
2   0.966905   -0.711791   0.450691
3   1.23836     0.287988   0.173563
4   0.456594    0.718527   0.960073
;

np :=
1 1   -0.406527
1 2   -0.797622
1 3   -7.53329e-05
2 1   -0.440571
2 2    0.767721
2 3   -0.0276407
3 1    0.631789
3 2    0.0166262
3 3    0.338331
;

vp :=
1 1   -0.30359
1 2   -0.890269
1 3   -0.0115379
2 1   -0.351707
2 2    0.884914
2 3   -0.0801114
3 1    0.71133
3 2    0.00314121
3 3    0.705806
;

