solve_message = ' \
Ipopt 3.9.1: Optimal Solution Found'

Solve time:
_solve_time = 0.702004

Objective:
p :=
1 1   -0.018515
1 2   -0.0166379
1 3   -0.0634658
2 1    0.0157773
2 2   -0.0182944
2 3    0.0645068
3 1    0.00273776
3 2    0.0349327
3 3   -0.00104102
;

phi :=
1 1   0.0488825
1 2   0.10359
1 3   0.108699
2 1   0.0261238
2 2   0.0328886
2 3   0.0836967
3 1   0.11137
3 2   0.0655534
3 3   0.02297
4 1   0.182213
4 2   0.214753
4 3   0.0328172
;

l [*,1,*]
:       1           2           3        :=
1   -1.22153    -0.312602   -0.262101
2   -0.964514    0.726514   -0.39988
3   -0.147401    0.41833    -1.19924
4   -0.403111   -0.621277   -1.06273

 [*,2,*]
:       1           2          3        :=
1    0.70349     0.302889   1.03249
2   -0.24676     0.634588   1.09153
3   -0.66361    -0.537065   0.954472
4    0.285976   -0.87063    0.895219

 [*,3,*]
:       1           2           3         :=
1    0.814709    0.991641    0.0889698
2    0.0888255   0.95922    -0.843187
3   -0.765032    1.00964    -0.182362
4   -0.0405082   1.04214     0.750847
;

np :=
1 1   -0.0684448
1 2   -0.0615108
1 3   -0.846028
2 1    0.0487427
2 2   -0.0565195
2 3    0.948082
3 1    0.0787574
3 2    1.00491
3 3   -2.702e-13
;

vp :=
1 1   -0.68424
1 2    0.052327
1 3   -0.730933
2 1    0.0201524
2 2   -0.117687
2 3    0.993404
3 1    0.0247876
3 2    1.00067
3 3   -0.0460613
;

