solve_message = ' \
Ipopt 3.9.1: Optimal Solution Found'

Solve time:
_solve_time = 2.02801

Objective:
p :=
1 1   -0.0123748
1 2   -0.0316817
1 3    0.050273
2 1    0.0342011
2 2    0.00578269
2 3    0.0050995
3 1   -0.0218254
3 2    0.0258978
3 3   -0.0553725
;

phi :=
1 1   0.067927
1 2   0.0733811
1 3   0.122396
2 1   0.0684689
2 2   0.0962311
2 3   0.102655
3 1   0.0872753
3 2   0.0917353
3 3   0.0770897
4 1   0.0850779
4 2   0.0696594
4 3   0.0939487
;

l [*,1,*]
:       1            2           3        :=
1   -0.0412922   -0.894407    0.881674
2   -0.927545    -0.768834    0.452628
3   -0.416911    -0.988998   -0.674062
4    0.470155    -1.11492    -0.24681

 [*,2,*]
:      1           2          3        :=
1   0.49962    -0.668161   0.951423
2   1.23018    -0.275588   0.174546
3   0.92563     0.777103   0.419042
4   0.194584    0.386206   1.19631

 [*,3,*]
:       1          2           3        :=
1   -0.19828    0.500315   -1.15969
2   -1.09875    0.206396   -0.631387
3   -0.827889   0.945689    0.243253
4    0.07301    1.24078    -0.283656
;

np :=
1 1   -0.297791
1 2   -0.762386
1 3    0.165558
2 1    0.925829
2 2    0.156538
2 3    1.82906e-08
3 1   -0.511951
3 2    0.607477
3 3   -0.325585
;

vp :=
1 1   -0.228545
1 2   -0.94184
1 3    0.103528
2 1    0.712213
2 2    0.0547337
2 3    0.68564
3 1   -0.512617
3 2    0.723414
3 3   -0.45808
;

