solve_message = ' \
Ipopt 3.9.1: Optimal Solution Found'

Solve time:
_solve_time = 0.889206

Objective:
p :=
1 1   -0.00202617
1 2   -0.0350139
1 3   -0.000282829
2 1   -0.000327211
2 2    0.0250074
2 3   -0.0646962
3 1    0.00235337
3 2    0.0100062
3 3    0.0649791
;

phi :=
1 1   0.0605523
1 2   0.162104
1 3   0.062942
2 1   0.0464156
2 2   0.0694515
2 3   0.153141
3 1   0.0350242
3 2   0.0569523
3 3   0.150005
4 1   0.0467903
4 2   0.129595
4 3   0.0611944
;

l [*,1,*]
:       1           2           3        :=
1    0.563217   -1.04413    -0.488209
2    0.443982   -1.02759     0.625621
3   -0.688593   -0.955941    0.504182
4   -0.571162   -0.972371   -0.609842

 [*,2,*]
:       1           2           3        :=
1   -0.113263    0.31593    -1.23509
2   -0.369786   -0.673432   -1.02351
3   -1.23405    -0.285076   -0.249143
4   -0.978905    0.704904   -0.459495

 [*,3,*]
:       1           2          3        :=
1    0.801313   -0.701985   0.712961
2    1.10952     0.352494   0.537905
3    0.147569    0.719654   1.05183
4   -0.162167   -0.33424    1.22771
;

np :=
1 1   -0.0586133
1 2   -1.01288
1 3   -2.95309e-17
2 1   -0.00124448
2 2    0.0951108
2 3   -0.967741
3 1    4.31473e-05
3 2    0.000183454
3 3    0.997746
;

vp :=
1 1   -0.0630919
1 2   -1.00001
1 3    0.00749393
2 1   -0.6739
2 2    0.0159758
2 3   -0.741892
3 1    0.473935
3 2    0.00856074
3 3    0.882672
;

