solve_message = ' \
Ipopt 3.9.1: Optimal Solution Found'

Solve time:
_solve_time = 0.312002

Objective:
p :=
1 1   -0.0204332
1 2    0.0206052
1 3   -0.0632808
2 1    0.0338326
2 2    0.00688439
2 3    0.00304336
3 1   -0.0133989
3 2   -0.0274904
3 3    0.0602375
;

phi :=
1 1   0.131859
1 2   0.0997995
1 3   0.0543511
2 1   0.15982
2 2   0.058078
2 3   0.0536612
3 1   0.0888278
3 2   0.0677171
3 3   0.0639304
4 1   0.0743455
4 2   0.117707
4 3   0.0660903
;

l [*,1,*]
:       1           2            3         :=
1   -0.656396    0.930157    -0.588194
2   -0.206817    0.223458    -1.24051
3   -0.794231   -0.65776     -0.693325
4   -1.24475     0.0475347   -0.0401389

 [*,2,*]
:      1            2            3        :=
1   0.668173    0.86541      0.627457
2   0.175942   -0.00369317   1.22629
3   0.764644   -0.725316     0.66504
4   1.25781     0.142638     0.0653127

 [*,3,*]
:       1           2          3        :=
1    0.501775   -0.192265   1.15422
2   -0.633954   -0.286046   1.02143
3   -0.480217   -1.05531    0.262275
4    0.655757   -0.962754   0.393859
;

np :=
1 1   -0.189641
1 2    0.191237
1 3   -0.828916
2 1    0.890691
2 2    0.181242
2 3    4.93245e-10
3 1   -0.170364
3 2   -0.349534
3 3    0.587047
;

vp :=
1 1   -0.725727
1 2    0.136129
1 3   -0.640281
2 1    0.71684
2 2    0.070106
2 3    0.645786
3 1    0.0112928
3 2   -0.624056
3 3    0.708
;

