solve_message = ' \
Ipopt 3.9.1: Optimal Solution Found'

Solve time:
_solve_time = 1.85641

Objective:
p :=
1 1   -0.0241905
1 2   -0.0111383
1 3   -0.0640596
2 1    0.0164996
2 2   -0.023112
2 3    0.0636946
3 1    0.00768958
3 2    0.0342501
3 3    0.000364984
;

phi :=
1 1   0.0840334
1 2   0.0656897
1 3   0.0837369
2 1   0.202016
2 2   0.0650231
2 3   0.0654442
3 1   0.0661624
3 2   0.0869967
3 3   0.0522758
4 1   0.0553851
4 2   0.153895
4 3   0.0561108
;

l [*,1,*]
:       1           2            3        :=
1   -0.131798   -0.0370589   -1.27143
2   -0.670321   -0.809756    -0.773038
3   -1.26854     0.0105154   -0.144716
4   -0.730971    0.784519    -0.64211

 [*,2,*]
:       1           2          3        :=
1    0.983502    0.307571   0.7368
2   -0.258131    0.268822   1.15472
3   -0.284418   -0.643547   1.02632
4    0.957173   -0.606251   0.608195

 [*,3,*]
:        1            2           3        :=
1    1.03963       0.720783    0.163942
2    0.568485      0.882937   -0.724736
3   -0.469104      1.19892    -0.118239
4    0.000390059   1.03727     0.771405
;

np :=
1 1   -0.134086
1 2   -0.0617503
1 3   -0.903013
2 1    0.134443
2 2   -0.188331
2 3    0.867608
3 1    0.223599
3 2    0.995928
3 3    1.71827e-16
;

vp :=
1 1   -0.700193
1 2   -0.012637
1 3   -0.708023
2 1    0.350026
2 2   -0.168336
2 3    0.881341
3 1    0.285038
3 2    0.959912
3 3    0.0234472
;

