solve_message = ' \
Ipopt 3.9.1: Optimal Solution Found'

Solve time:
_solve_time = 1.24801

Objective:
p :=
1 1    0.0120819
1 2    0.0326498
1 3    0.00039302
2 1   -0.0175645
2 2   -0.0108583
2 3   -0.0650593
3 1    0.0054759
3 2   -0.0217898
3 3    0.0646663
;

phi :=
1 1   0.051506
1 2   0.15409
1 3   0.0825397
2 1   0.0444243
2 2   0.087806
2 3   0.0612073
3 1   0.0555825
3 2   0.0647457
3 3   0.111528
4 1   0.0638503
4 2   0.114249
4 3   0.144132
;

l [*,1,*]
:       1          2           3        :=
1    0.50926    0.930612   -0.696556
2   -0.299119   1.21567    -0.256068
3    0.203602   0.900866    0.876121
4    1.01278    0.615305    0.437436

 [*,2,*]
:       1           2           3        :=
1   -0.431294   -0.726458   -0.963499
2   -0.764568    0.317357   -0.980508
3    0.34592     0.671924   -1.03751
4    0.680962   -0.371326   -1.02059

 [*,3,*]
:       1           2          3        :=
1    0.636915    0.118392   1.10464
2   -0.376135    0.688882   1.01039
3   -0.900346   -0.263061   0.870852
4    0.111869   -0.835067   0.96488
;

np :=
1 1    0.334313
1 2    0.903436
1 3    2.95454e-16
2 1   -0.0211441
2 2   -0.0130793
2 3   -1.00641
3 1    0.0108967
3 2   -0.0434739
3 3    0.964615
;

vp :=
1 1    0.356954
1 2    0.9155
1 3    0.090058
2 1   -0.0421116
2 2   -0.0275417
2 3   -1.00052
3 1   -0.131521
3 2   -0.0729413
3 3    0.987727
;

