solve_message = ' \
Ipopt 3.9.1: Optimal Solution Found'

Solve time:
_solve_time = 0.452403

Objective:
p :=
1 1    0.0346784
1 2    0.00336431
1 3   -0.000342275
2 1   -0.0147784
2 2   -0.0176674
2 3    0.0647712
3 1   -0.0199
3 2    0.014303
3 3   -0.0644289
;

phi :=
1 1   0.070259
1 2   0.0998324
1 3   0.0279688
2 1   0.0262014
2 2   0.022301
2 3   0.1719
3 1   0.0504767
3 2   0.0280406
3 3   0.255281
4 1   0.12501
4 2   0.107656
4 3   0.0462324
;

l [*,1,*]
:      1           2          3        :=
1   0.735972    0.900551   0.524836
2   0.142772    0.422282   1.19446
3   0.660054   -0.663764   0.878461
4   1.25408    -0.187225   0.20833

 [*,2,*]
:      1           2           3        :=
1   1.16738     0.508661   0.131613
2   0.370012    0.378535   1.16499
3   0.420281   -0.570013   1.08725
4   1.21773    -0.441398   0.0537549

 [*,3,*]
:       1           2           3        :=
1   -0.939916    0.314064    0.794622
2   -1.05111     0.604913   -0.421735
3   -1.03774    -0.370116   -0.658493
4   -0.926525   -0.662518    0.557487
;

np :=
1 1    0.964143
1 2    0.0935363
1 3   -8.51367e-17
2 1   -0.03429
2 2   -0.0409853
2 3    0.975612
3 1   -0.0669939
3 2    0.0481453
3 3   -0.940094
;

vp :=
1 1    0.698455
1 2    0.118151
1 3    0.701256
2 1    0.79417
2 2   -0.0310022
2 3    0.608991
3 1   -0.988777
3 2   -0.0285303
3 3    0.0684548
;

