solve_message = ' \
Ipopt 3.9.1: Optimal Solution Found'

Solve time:
_solve_time = 0.842405

Objective:
p :=
1 1   -0.0131892
1 2    0.0322174
1 3    0.007497
2 1    0.0147526
2 2    0.000737934
2 3   -0.0649261
3 1   -0.00156359
3 2   -0.0329553
3 3    0.0574291
;

phi :=
1 1   0.0750706
1 2   0.0935686
1 3   0.159912
2 1   0.0447977
2 2   0.0509891
2 3   0.124497
3 1   0.0816887
3 2   0.0412742
3 3   0.0614596
4 1   0.124195
4 2   0.0818809
4 3   0.0961751
;

l [*,1,*]
:       1          2           3        :=
1   -0.190161   0.868833   -0.887122
2   -1.01562    0.593127   -0.431239
3   -0.520003   0.945153    0.678712
4    0.30624    1.22142     0.224596

 [*,2,*]
:       1            2           3        :=
1    0.377987    -0.251668   -1.18869
2   -0.506841    -0.694857   -0.969233
3   -0.958722     0.412467   -0.698476
4   -0.0746136    0.857419   -0.917507

 [*,3,*]
:        1            2           3        :=
1    0.812071     -0.725231    0.655582
2    0.00952998   -0.417506    1.20215
3   -0.754329     -0.969453    0.388582
4    0.0469949    -1.27806    -0.159279
;

np :=
1 1   -0.364885
1 2    0.891309
1 3    2.7153e-07
2 1    0.00238156
2 2    0.000119131
2 3   -0.992069
3 1   -0.0313418
3 2   -0.660581
3 3    0.420273
;

vp :=
1 1   -0.354556
1 2    0.907243
1 3   -0.103945
2 1   -0.290195
2 2    0.081017
2 3   -0.943565
3 1    0.0288862
3 2   -0.847685
3 3    0.52154
;

