solve_message = ' \
Ipopt 3.9.1: Optimal Solution Found'

Solve time:
_solve_time = 0.717605

Objective:
p :=
1 1   -0.0150567
1 2   -0.0205951
1 3    0.0644293
2 1    0.0286413
2 2   -0.0114395
2 3   -0.0607266
3 1   -0.0135836
3 2    0.0320357
3 3   -0.00370265
;

phi :=
1 1   0.086632
1 2   0.00646921
1 3   0.0588529
2 1   0.00603653
2 2   0.14228
2 3   0.00841596
3 1   0.0249153
3 2   0.209167
3 3   0.073399
4 1   0.145766
4 2   0.0177963
4 3   0.248554
;

l [*,1,*]
:       1           2          3        :=
1   -0.331397   -0.765607   0.969516
2   -0.17472     0.419735   1.1943
3   -0.957037    0.647219   0.543897
4   -1.11496    -0.53776    0.318079

 [*,2,*]
:      1           2            3         :=
1   0.361085    0.358887   1.15287
2   0.717666   -0.832137   0.594916
3   1.19314    -0.415585   0.000320587
4   0.837318    0.776102   0.557328

 [*,3,*]
:       1          2           3        :=
1   -1.06022    0.679763    0.183178
2   -0.235522   1.03738     0.692864
3    0.363999   1.16384    -0.367133
4   -0.459745   0.806415   -0.878507
;

np :=
1 1   -0.0645239
1 2   -0.0882584
1 3    0.940133
2 1    0.383031
2 2   -0.153011
2 3   -0.621238
3 1   -0.374765
3 2    0.88385
3 3   -1.9431e-09
;

vp :=
1 1   -0.644591
1 2   -0.0595758
1 3    0.756358
2 1    0.777161
2 2   -0.0277087
2 3    0.576581
3 1   -0.348201
3 2    0.921707
3 3   -0.092603
;

