solve_message = ' \
Ipopt 3.9.1: Optimal Solution Found'

Solve time:
_solve_time = 1.37281

Objective:
p :=
1 1    0.0345055
1 2   -0.000649011
1 3   -0.0113373
2 1   -0.0167009
2 2    0.0301783
2 3    0.0036412
3 1   -0.0177958
3 2   -0.0295294
3 3    0.00769614
;

phi :=
1 1   0.075488
1 2   0.0645191
1 3   0.0672483
2 1   0.0797118
2 2   0.16489
2 3   0.0886339
3 1   0.0751694
3 2   0.0636063
3 3   0.142106
4 1   0.0787556
4 2   0.0686387
4 3   0.0791039
;

l [*,1,*]
:      1           2          3        :=
1   1.11302     0.558752   0.249936
2   0.31157     0.451912   1.13169
3   0.358761   -0.604152   1.04868
4   1.16029    -0.498994   0.166795

 [*,2,*]
:       1           2           3        :=
1    0.145409    1.11709     0.523293
2    0.0637094   1.03131    -0.782383
3   -0.860104    0.712401   -0.698601
4   -0.779876    0.797668    0.607209

 [*,3,*]
:       1           2           3        :=
1   -0.531982   -0.924574    0.67322
2   -1.03557    -0.58413    -0.553608
3   -0.270512   -0.906962   -0.966854
4    0.234289   -1.24792     0.259315
;

np :=
1 1    0.906156
1 2   -0.0170439
1 3   -4.90652e-06
2 1   -0.437015
2 2    0.789659
2 3    1.71939e-09
3 1   -0.464537
3 2   -0.770819
3 3    3.26209e-07
;

vp :=
1 1    0.73623
1 2   -0.0230783
1 3    0.648926
2 1   -0.357683
2 2    0.914652
2 3   -0.0871002
3 1   -0.400742
3 2   -0.916032
3 3   -0.146493
;

