solve_message = ' \
Ipopt 3.9.1: Optimal Solution Found'

Solve time:
_solve_time = 0.795605

Objective:
p :=
1 1   -0.016373
1 2    0.0163628
1 3   -0.0643325
2 1   -0.00791718
2 2   -0.0340317
2 3    0.00139363
3 1    0.0242903
3 2    0.0176688
3 3    0.0629389
;

phi :=
1 1   0.100946
1 2   0.0532094
1 3   0.0706557
2 1   0.126029
2 2   0.0705581
2 3   0.125561
3 1   0.0752057
3 2   0.0669875
3 3   0.150277
4 1   0.0595289
4 2   0.0505092
4 3   0.0858531
;

l [*,1,*]
:       1           2           3        :=
1   -1.17554     0.269465   -0.438506
2   -0.27061     0.817302   -0.953326
3    0.132296   -0.141348   -1.26738
4   -0.771991   -0.690712   -0.753059

 [*,2,*]
:       1           2           3        :=
1    0.398792   -1.17584     0.303956
2   -0.843181   -0.802997    0.515497
3   -0.974383   -0.712847   -0.404779
4    0.267381   -1.08555    -0.617786

 [*,3,*]
:      1           2          3        :=
1   1.13792    -0.440746   0.373229
2   1.01262     0.733195   0.252757
3   0.260328    0.732647   1.0198
4   0.384425   -0.441295   1.1415
;

np :=
1 1   -0.0391409
1 2    0.0391169
1 3   -0.930293
2 1   -0.223909
2 2   -0.962464
2 3    2.08273e-12
3 1    0.277251
3 2    0.201673
3 3    0.798066
;

vp :=
1 1   -0.521821
1 2    0.0634582
1 3   -0.852863
2 1   -0.287353
2 2   -0.944456
2 3   -0.0508623
3 1    0.698874
3 2    0.145482
3 3    0.69687
;

