solve_message = ' \
Ipopt 3.9.1: Optimal Solution Found'

Solve time:
_solve_time = 1.29481

Objective:
p :=
1 1    0.00102679
1 2   -0.0345092
1 3   -0.0493122
2 1    0.00338216
2 2    0.0348646
2 3   -0.0159125
3 1   -0.00440896
3 2   -0.000355311
3 3    0.0652246
;

phi :=
1 1   0.10099
1 2   0.0631582
1 3   0.0469199
2 1   0.155048
2 2   0.115834
2 3   0.0523418
3 1   0.0936493
3 2   0.145372
3 3   0.0639481
4 1   0.0606352
4 2   0.079886
4 3   0.0577209
;

l [*,1,*]
:       1           2            3         :=
1   -0.754241   -1.03924    -0.00114354
2   -0.187092   -0.870185   -0.926037
3    0.816183   -0.937831   -0.323538
4    0.250632   -1.10699     0.602315

 [*,2,*]
:       1          2           3        :=
1    0.569557   0.952333    0.64931
2    0.698955   0.935974   -0.535687
3   -0.371675   1.04206    -0.655302
4   -0.502778   1.05859     0.529504

 [*,3,*]
:       1            2          3        :=
1    0.831639    -0.175887   0.962435
2    0.182168     0.749325   1.02291
3   -0.745699     0.100538   1.03071
4   -0.0977053   -0.825707   0.970246
;

np :=
1 1    0.0270252
1 2   -0.908287
1 3   -0.144639
2 1    0.0971022
2 2    1.00097
2 3   -5.26925e-05
3 1   -5.13222e-07
3 2   -4.13595e-08
3 3    1.02444
;

vp :=
1 1    0.031145
1 2   -0.988628
1 3   -0.161732
2 1    0.0984628
2 2    0.997246
2 3   -0.00257158
3 1    0.0428594
3 2   -0.0383016
3 3    0.99655
;

