solve_message = ' \
Ipopt 3.9.1: Optimal Solution Found'

Solve time:
_solve_time = 0.795605

Objective:
p :=
1 1    0.00543993
1 2    0.00164966
1 3    0.0650015
2 1   -0.00460469
2 2   -0.0347389
2 3   -0.00742439
3 1   -0.000835226
3 2    0.0330893
3 3   -0.0575771
;

phi :=
1 1   0.0602619
1 2   0.0767105
1 3   0.0662693
2 1   0.0973975
2 2   0.116926
2 3   0.0872046
3 1   0.0816836
3 2   0.0824506
3 3   0.133945
4 1   0.0517816
4 2   0.0607033
4 3   0.11713
;

l [*,1,*]
:      1           2          3        :=
1   0.950566    0.712211   0.482634
2   0.136414    0.282366   1.2473
3   0.425055   -0.716084   0.989285
4   1.23967    -0.287829   0.224207

 [*,2,*]
:       1            2           3        :=
1   -0.0624611   -1.04942     0.717372
2   -0.886753    -0.899751    0.151542
3   -0.171548    -0.892562   -0.836244
4    0.653884    -1.04222    -0.271987

 [*,3,*]
:       1          2           3        :=
1    0.572958   1.13898    -0.139318
2    0.365894   0.476469   -1.10636
3   -0.679151   0.529428   -0.927164
4   -0.473751   1.19202     0.040163
;

np :=
1 1    2.85297e-06
1 2    8.65165e-07
1 3    1.00016
2 1   -0.132531
2 2   -0.999843
2 3   -2.53646e-07
3 1   -0.0170719
3 2    0.676341
3 3   -0.427913
;

vp :=
1 1    0.68825
1 2   -0.00216336
1 3    0.735552
2 1   -0.116391
2 2   -0.971047
2 3   -0.0596042
3 1   -0.0534302
3 2    0.834487
3 3   -0.532784
;

