solve_message = ' \
Ipopt 3.9.1: Optimal Solution Found'

Solve time:
_solve_time = 0.452403

Objective:
p :=
1 1    0.0326846
1 2   -0.00154216
1 3   -0.0559121
2 1   -0.0135245
2 2    0.0301684
2 3    0.0545963
3 1   -0.0191599
3 2   -0.0286262
3 3    0.00131588
;

phi :=
1 1   0.0929947
1 2   0.106541
1 3   0.0588901
2 1   0.0502233
2 2   0.143434
2 3   0.0731584
3 1   0.0472352
3 2   0.048744
3 3   0.14678
4 1   0.0818576
4 2   0.0470341
4 3   0.138353
;

l [*,1,*]
:      1           2          3        :=
1   1.16646     0.51934    0.244125
2   0.459469    0.687809   0.984891
3   0.323631   -0.522115   1.13105
4   1.03041    -0.692511   0.390512

 [*,2,*]
:       1          2            3         :=
1    0.533843   1.06335    -0.00472239
2   -0.568093   1.06636    -0.447226
3   -0.939566   0.710915    0.470879
4    0.161778   0.707346    0.914846

 [*,3,*]
:       1           2           3        :=
1    0.127202   -1.08836     0.375207
2   -0.908293   -0.757978    0.444234
3   -0.924915   -0.582601   -0.689802
4    0.110553   -0.912704   -0.760635
;

np :=
1 1    0.623484
1 2   -0.0294179
1 3   -0.348457
2 1   -0.274511
2 2    0.612336
2 3    0.294949
3 1   -0.497498
3 2   -0.743297
3 3    1.38788e-12
;

vp :=
1 1    0.745273
1 2   -0.00193651
1 3    0.687348
2 1   -0.202571
2 2    0.886992
2 3    0.233621
3 1   -0.398451
3 2   -0.835543
3 3   -0.157777
;

