solve_message = ' \
Ipopt 3.9.1: Optimal Solution Found'

Solve time:
_solve_time = 0.873606

Objective:
p :=
1 1   -0.0103088
1 2    0.0181913
1 3   -0.0649147
2 1    0.0116372
2 2    0.0168146
2 3    0.0650952
3 1   -0.00132855
3 2   -0.0350071
3 3   -0.00018052
;

phi :=
1 1   0.0534131
1 2   0.128008
1 3   0.0632378
2 1   0.162864
2 2   0.0579001
2 3   0.0431345
3 1   0.139942
3 2   0.0675537
3 3   0.0447149
4 1   0.0535549
4 2   0.154525
4 3   0.0651215
;

l [*,1,*]
:       1           2           3        :=
1   -1.25019    -0.265776    0.091329
2   -0.886689    0.824725   -0.416152
3   -0.435918    0.329645   -1.16089
4   -0.798702   -0.761644   -0.654595

 [*,2,*]
:      1           2          3        :=
1   0.346327    0.61775    1.07608
2   0.230574   -0.545584   1.13653
3   1.02165    -0.663922   0.391136
4   1.13866     0.499224   0.329499

 [*,3,*]
:       1            2           3         :=
1    0.760269    -1.03106     0.0590886
2   -0.115197    -0.999115    0.795794
3   -0.835546    -0.971421   -0.059776
4    0.0387734   -1.00332    -0.797844
;

np :=
1 1   -0.013388
1 2    0.0236258
1 3   -0.990849
2 1    0.0132217
2 2    0.0191048
2 3    1.0103
3 1   -0.0381696
3 2   -1.00576
3 3   -1.27434e-18
;

vp :=
1 1   -0.84302
1 2    0.0313026
1 3   -0.534875
2 1    0.68435
2 2   -0.0226693
2 3    0.733286
3 1   -0.0375764
3 2   -1.00124
3 3   -0.00097816
;

