solve_message = ' \
Ipopt 3.9.1: Optimal Solution Found'

Solve time:
_solve_time = 1.63801

Objective:
p :=
1 1    0.0264048
1 2   -0.0181931
1 3    0.05902
2 1    0.00093577
2 2    0.0350674
2 3    0.000300242
3 1   -0.0273407
3 2   -0.0168743
3 3   -0.0593203
;

phi :=
1 1   0.0899353
1 2   0.0918688
1 3   0.0825861
2 1   0.090524
2 2   0.0742737
2 3   0.0879587
3 1   0.0747741
3 2   0.0781504
3 3   0.0946749
4 1   0.0748458
4 2   0.104479
4 3   0.0930084
;

l [*,1,*]
:       1           2            3         :=
1   0.359821    -0.0894779    1.2258
2   0.0391287   -1.04426      0.72829
3   0.884333    -0.93311     -0.0293994
4   1.20637      0.0218451    0.466908

 [*,2,*]
:       1           2           3        :=
1    0.193386    0.964845    0.820621
2    0.874671    0.899329   -0.214916
3    0.0344448   1.02067    -0.775577
4   -0.648178    1.08638     0.259067

 [*,3,*]
:       1            2            3        :=
1   -0.264872    -0.0152657   -1.25814
2    0.0630977   -0.960406    -0.856075
3   -0.857576    -0.956118    -0.105503
4   -1.18701     -0.0109711   -0.506375
;

np :=
1 1    0.446114
1 2   -0.307376
1 3    0.508864
2 1    0.0271044
2 2    1.01572
2 3    4.48454e-17
3 1   -0.467407
3 2   -0.288476
3 3   -0.527264
;

vp :=
1 1    0.622542
1 2   -0.510869
1 3    0.598099
2 1    0.113309
2 2    0.992833
2 3    0.0227112
3 1   -0.561722
3 2   -0.485314
3 3   -0.681684
;

