solve_message = ' \
Ipopt 3.9.1: Optimal Solution Found'

Solve time:
_solve_time = 0.733205

Objective:
p :=
1 1    0.000168707
1 2    0.0305288
1 3    0.0617712
2 1   -0.0116577
2 2    0.00238368
2 3   -0.0646181
3 1    0.011489
3 2   -0.0329125
3 3    0.00284689
;

phi :=
1 1   0.088427
1 2   0.0725374
1 3   0.0629706
2 1   0.130626
2 2   0.0660681
2 3   0.0853766
3 1   0.0972431
3 2   0.108057
3 3   0.0805924
4 1   0.070183
4 2   0.114655
4 3   0.0596397
;

l [*,1,*]
:       1           2          3        :=
1    0.684835    0.102785   1.07688
2    0.314193    1.12815    0.519951
3   -0.672331    0.855963   0.672449
4   -0.30326    -0.169832   1.22962

 [*,2,*]
:       1           2           3        :=
1   -0.187756   -0.813564   -0.936682
2   -1.04967    -0.45014    -0.53141
3   -0.701362    0.692297   -0.822054
4    0.161107    0.330692   -1.22779

 [*,3,*]
:       1           2           3        :=
1   -0.265501   -1.20041    -0.341283
2    0.847214   -0.795365   -0.511806
3    0.950642   -0.637377    0.52978
4   -0.161909   -1.04217     0.701961
;

np :=
1 1    0.00212304
1 2    0.384181
1 3    0.700017
2 1   -0.000514259
2 2    0.000105152
2 3   -0.959588
3 1    0.320467
3 2   -0.918041
3 3    3.09164e-10
;

vp :=
1 1    0.00600657
1 2    0.478857
1 3    0.874949
2 1   -0.444077
2 2   -0.0603232
2 3   -0.879645
3 1    0.342168
3 2   -0.918991
3 3    0.0947312
;

