solve_message = ' \
Ipopt 3.9.1: Optimal Solution Found'

Solve time:
_solve_time = 0.967206

Objective:
p :=
1 1   -7.05659e-05
1 2    0.031186
1 3    0.0610842
2 1   -0.00235089
2 2   -0.0349488
2 3    0.00398686
3 1    0.00242147
3 2    0.00376283
3 3   -0.0650711
;

phi :=
1 1   0.116466
1 2   0.0748173
1 3   0.101268
2 1   0.0870469
2 2   0.0622066
2 3   0.0836948
3 1   0.0904029
3 2   0.0681019
3 3   0.068321
4 1   0.118792
4 2   0.0816123
4 3   0.0838725
;

l [*,1,*]
:       1            2           3        :=
1   -0.7995       0.633377    0.797441
2   -0.0982848   -0.0872083   1.28192
3    0.802593     0.508147    0.862634
4    0.102813     1.22968     0.377487

 [*,2,*]
:       1           2           3        :=
1   -0.402325   -1.00049    -0.720727
2    0.691821   -1.08102    -0.167183
3    0.229521   -1.01705     0.768157
4   -0.865361   -0.936417    0.216102

 [*,3,*]
:       1           2           3        :=
1   -0.186125    0.694335   -1.06401
2    0.861018    0.469657   -0.830841
3    0.631167   -0.674516   -0.896606
4   -0.416342   -0.451661   -1.12988
;

np :=
1 1   -0.00100897
1 2    0.445906
1 3    0.647306
2 1   -0.0674888
2 2   -1.0033
2 3    3.26585e-09
3 1    3.01939e-07
3 2    4.69272e-07
3 3   -1.00768
;

vp :=
1 1    0.00162612
1 2    0.571286
1 3    0.829677
2 1   -0.0870222
2 2   -1.00871
2 3    0.0238671
3 1    0.222012
3 2    0.00954298
3 3   -0.980427
;

