solve_message = ' \
Ipopt 3.9.1: Optimal Solution Found'

Solve time:
_solve_time = 0.374402

Objective:
p :=
1 1   -0.016942
1 2   -0.0229243
1 3    0.0638748
2 1   -0.0168802
2 2    0.0296781
2 3   -0.0479734
3 1    0.0338232
3 2   -0.0067528
3 3   -0.0159014
;

phi :=
1 1   0
1 2   0.346054
1 3   0.0242182
2 1   0.0395074
2 2   0.107501
2 3   0
3 1   0.161263
3 2   0.00412672
3 3   0.112597
4 1   0.0313188
4 2   0.0333517
4 3   0.187549
;

l [*,1,*]
:       1            2          3        :=
1    0.301157     0.648915   1.05089
2   -0.614672    -0.168214   1.09539
3    0.0471223   -0.925336   0.877825
4    0.964006    -0.109412   0.832983

 [*,2,*]
:       1          2           3         :=
1   -0.484464   0.788878   -0.891405
2   -1.1036     0.651645   -0.27388
3   -0.2233     1.01429     0.694029
4    0.397235   1.1521      0.0780449

 [*,3,*]
:      1           2          3        :=
1   1.08654     0.570806   0.353687
2   0.398962    0.53138    1.07778
3   0.371575   -0.722221   0.983258
4   1.05911    -0.684792   0.259017
;

np :=
1 1   -0.141268
1 2   -0.191151
1 3    0.884935
2 1   -0.415622
2 2    0.730726
2 3   -0.11929
3 1    0.885023
3 2   -0.176695
3 3   -5.24359e-05
;

vp :=
1 1    0.174769
1 2   -0.138186
1 3    0.964253
2 1   -0.353284
2 2    0.901783
2 3   -0.0985485
3 1    0.729321
3 2   -0.0761913
3 3    0.668146
;

