solve_message = ' \
Ipopt 3.9.1: Optimal Solution Found'

Solve time:
_solve_time = 0.436803

Objective:
p :=
1 1    0.0207522
1 2   -0.00793415
1 3    0.0652402
2 1   -0.0178449
2 2   -0.0266816
2 3   -0.0582762
3 1   -0.00290715
3 2    0.0346157
3 3   -0.00696402
;

phi :=
1 1   0.0875525
1 2   0.111267
1 3   0.105246
2 1   0.046249
2 2   0.0605731
2 3   0.0611369
3 1   0.0649795
3 2   0.0860107
3 3   0.0449469
4 1   0.119243
4 2   0.162164
4 3   0.0851739
;

l [*,1,*]
:       1           2          3        :=
1    0.648228    0.581564   0.934447
2   -0.414093    0.586773   1.05573
3   -0.421836   -0.604388   1.04253
4    0.640472   -0.611495   0.921234

 [*,2,*]
:       1           2            3        :=
1   -0.233803   -1.24263     -0.232625
2   -1.12169    -0.603093    -0.191344
3   -0.705167    0.0330521   -1.07991
4    0.183385   -0.60547     -1.1226

 [*,3,*]
:       1          2           3        :=
1    0.531199   1.0829     -0.424794
2   -0.562283   1.01595    -0.527339
3   -0.666271   0.955619    0.640371
4    0.427046   1.02247     0.744776
;

np :=
1 1    0.0387897
1 2   -0.0148304
1 3    1.02616
2 1   -0.303384
2 2   -0.453618
2 3   -0.465634
3 1   -0.0793939
3 2    0.945351
3 3   -1.6204e-07
;

vp :=
1 1    0.113616
1 2   -0.0118889
1 3    0.988437
2 1   -0.468965
2 2   -0.604789
2 3   -0.656638
3 1   -0.0671415
3 2    1.01926
3 3    0.108295
;

