solve_message = ' \
Ipopt 3.9.1: Optimal Solution Found'

Solve time:
_solve_time = 1.21681

Objective:
p :=
1 1    0.0287068
1 2   -0.0119895
1 3   -0.0594731
2 1   -0.0120877
2 2    0.0324669
2 3   -0.00539084
3 1   -0.0165982
3 2   -0.0204489
3 3    0.0648639
;

phi :=
1 1   0.136319
1 2   0.0189429
1 3   0
2 1   0
2 2   0
2 3   0.132466
3 1   0
3 2   0.0794994
3 3   0.147257
4 1   0.145651
4 2   0.417662
4 3   0
;

l [*,1,*]
:      1           2          3        :=
1   1.07519    -0.658127   0.252915
2   1.09231     0.614191   0.265068
3   0.448124    0.615832   1.02939
4   0.429971   -0.656484   1.01845

 [*,2,*]
:       1          2           3        :=
1   -0.456319   0.896342    0.801628
2    0.456622   1.18402     0.375017
3   -0.051598   1.08899    -0.754588
4   -0.965349   0.801165   -0.329776

 [*,3,*]
:      1           2           3        :=
1   0.643755    0.395239    1.05144
2   0.746171   -0.788219    0.691091
3   1.18855    -0.481739   -0.191947
4   1.08684     0.702207    0.166998
;

np :=
1 1    0.40447
1 2   -0.168936
1 3   -0.536844
2 1   -0.324801
2 2    0.872388
2 3   -2.69744e-08
3 1   -0.0860895
3 2   -0.106049
3 3    0.985436
;

vp :=
1 1    0.761392
1 2   -0.0216541
1 3    0.641451
2 1   -0.254525
2 2    0.992514
2 3    0.0232397
3 1    0.916287
3 2   -0.0426559
3 3    0.429539
;

