solve_message = ' \
Ipopt 3.9.1: Optimal Solution Found'

Solve time:
_solve_time = 1.17001

Objective:
p :=
1 1    0.00384313
1 2    0.0350429
1 3   -0.019931
2 1    0.00525515
2 2   -0.034378
2 3   -0.0450906
3 1   -0.00909828
3 2   -0.00066482
3 3    0.0650216
;

phi :=
1 1   0.136705
1 2   0.0843437
1 3   0.0564976
2 1   0.0808298
2 2   0.0720065
2 3   0.0623005
3 1   0.0683777
3 2   0.113906
3 3   0.0605844
4 1   0.109445
4 2   0.136132
4 3   0.0544735
;

l [*,1,*]
:       1           2          3         :=
1    0.894817    0.93548   -0.0930555
2    0.0253204   1.00865   -0.809884
3   -0.694351    1.09163    0.0726051
4    0.173999    1.01858    0.790839

 [*,2,*]
:       1           2           3        :=
1   -0.310843   -1.09386     0.588987
2   -0.540316   -1.08079    -0.432866
3    0.627473   -0.878416   -0.692773
4    0.858806   -0.891156    0.328666

 [*,3,*]
:       1           2           3        :=
1   -0.955668   -0.531521   -0.619935
2   -0.980868   -0.691365    0.381536
3   -0.989745    0.525204    0.576648
4   -0.96456     0.686986   -0.424513
;

np :=
1 1    0.114652
1 2    1.04544
1 3   -0.000254784
2 1    0.144507
2 2   -0.945336
2 3   -0.0772998
3 1   -8.15023e-05
3 2   -5.95541e-06
3 3    1.00233
;

vp :=
1 1    0.100293
1 2    1.01356
1 3   -0.00958789
2 1    0.158872
2 2   -0.98606
2 3   -0.0515895
3 1   -0.9727
3 2   -0.00260996
3 3   -0.0219649
;

