solve_message = ' \
Ipopt 3.9.1: Optimal Solution Found'

Solve time:
_solve_time = 1.06081

Objective:
p :=
1 1    0.00452002
1 2   -0.0347146
1 3    0.0355208
2 1   -0.00161432
2 2   -8.10742e-05
2 3   -0.0646806
3 1   -0.00289661
3 2    0.0347931
3 3    0.0291598
;

phi :=
1 1   0.155084
1 2   0.0495432
1 3   0.0555929
2 1   0.07269
2 2   0.0466196
2 3   0.0864173
3 1   0.0633389
3 2   0.0466564
3 3   0.164333
4 1   0.13808
4 2   0.0495512
4 3   0.107249
;

l [*,1,*]
:       1           2           3        :=
1   -0.338841   -1.0209      0.695629
2   -0.602305   -1.05743    -0.393953
3    0.503832   -0.975392   -0.665155
4    0.769058   -0.938728    0.423996

 [*,2,*]
:        1            2            3        :=
1    0.820094      0.0349742   -0.986801
2   -0.00614815   -0.737304    -1.05656
3   -0.780519      0.0861883   -1.01428
4    0.044489      0.859778    -0.944454

 [*,3,*]
:       1           2           3         :=
1   -0.0524019   0.994317   -0.806069
2   -0.919448    0.879868   -0.110284
3   -0.216019    0.990619    0.786343
4    0.652148    1.10524     0.0919856
;

np :=
1 1    0.129313
1 2   -0.993152
1 3    0.014554
2 1   -3.54961e-10
2 2   -2.47742e-11
2 3   -0.966104
3 1   -0.0815409
3 2    0.979441
3 3    0.00365676
;

vp :=
1 1    0.0830413
1 2   -0.998098
1 3    0.0155636
2 1    0.0198078
2 2    0.0612171
2 3   -1.00049
3 1   -0.133585
3 2    0.992558
3 3   -0.00978316
;

