solve_message = ' \
Ipopt 3.9.1: Optimal Solution Found'

Solve time:
_solve_time = 0.982806

Objective:
p :=
1 1   -0.00390193
1 2   -0.0314049
1 3   -0.0603429
2 1   -0.00357956
2 2   -0.00282137
2 3    0.0649429
3 1    0.00748149
3 2    0.0342263
3 3   -0.00459994
;

phi :=
1 1   0.111633
1 2   0.0679129
1 3   0.0748139
2 1   0.109247
2 2   0.0704871
2 3   0.0785189
3 1   0.101829
3 2   0.0911588
3 3   0.0706936
4 1   0.104284
4 2   0.0888829
4 3   0.0671221
;

l [*,1,*]
:       1           2            3        :=
1   -0.263419   -1.23182     -0.223078
2   -1.00809    -0.491131    -0.608375
3   -0.200372   -0.0182833   -1.26418
4    0.54559    -0.758216    -0.879931

 [*,2,*]
:       1            2          3        :=
1    0.934163     0.276163   0.833339
2   -0.0542228    0.789517   1.0077
3   -0.558612    -0.220679   1.13245
4    0.428971    -0.735642   0.958293

 [*,3,*]
:       1           2           3        :=
1    0.472865    0.928375   -0.749339
2   -0.508727    1.14831    -0.253528
3   -0.0198767   1.02452     0.77112
4    0.962494    0.804384    0.276941
;

np :=
1 1   -0.0609186
1 2   -0.490307
1 3   -0.59428
2 1   -4.98369e-07
2 2   -3.92943e-07
2 3    0.993863
3 1    0.215023
3 2    0.983687
3 3   -8.88934e-09
;

vp :=
1 1   -0.231277
1 2   -0.625157
1 3   -0.743739
2 1    0.187969
2 2    0.027135
2 3    0.982876
3 1    0.22708
3 2    0.976311
3 3    0.0111016
;

