solve_message = ' \
Ipopt 3.9.1: Optimal Solution Found'

Solve time:
_solve_time = 0.390002

Objective:
p :=
1 1    0.00722546
1 2    0.0343735
1 3   -0.0330113
2 1   -0.00257837
2 2   -0.0350942
2 3   -0.0320253
3 1   -0.00464709
3 2    0.000720691
3 3    0.0650429
;

phi :=
1 1   0.0671867
1 2   0.060824
1 3   0.0435272
2 1   0.142746
2 2   0.0869049
2 3   0.050911
3 1   0.157749
3 2   0.149765
3 3   0.0441454
4 1   0.0554755
4 2   0.143671
4 3   0.0334671
;

l [*,1,*]
:       1          2           3        :=
1    0.981289   0.816385    0.201447
2    0.300233   1.00606    -0.75919
3   -0.553187   1.16391    -0.124977
4    0.12651    0.974483    0.83667

 [*,2,*]
:       1           2           3        :=
1    0.453607   -1.04594     0.601233
2   -0.576299   -0.973281    0.620471
3   -0.598902   -0.966746   -0.610707
4    0.430967   -1.03939    -0.631906

 [*,3,*]
:       1           2          3        :=
1    0.588165    0.709638   0.890744
2   -0.480441    0.323002   1.14368
3   -0.127039   -0.71344    1.05758
4    0.94213    -0.328455   0.804513
;

np :=
1 1    0.210896
1 2    1.00329
1 3   -0.00871362
2 1   -0.0760843
2 2   -1.03558
2 3   -0.00704235
3 1   -7.81186e-07
3 2    1.2115e-07
3 3    1.00462
;

vp :=
1 1    0.213982
1 2    0.990135
1 3    0.0388702
2 1   -0.0722463
2 2   -1.00637
2 3   -0.00523533
3 1    0.23113
3 2   -0.00216015
3 3    0.974029
;

