solve_message = ' \
Ipopt 3.9.1: Optimal Solution Found'

Solve time:
_solve_time = 0.561604

Objective:
p :=
1 1   -0.0166055
1 2    0.0190928
1 3   -0.064358
2 1    0.0348809
2 2   -0.0019132
2 3   -0.000355918
3 1   -0.0182754
3 2   -0.0171796
3 3    0.064714
;

phi :=
1 1   0.031494
1 2   0.156804
1 3   0.047394
2 1   0.131189
2 2   0.0397939
2 3   0.0237577
3 1   0.258788
3 2   0.0410342
3 3   0.0310885
4 1   0.0626651
4 2   0.151621
4 3   0.0565353
;

l [*,1,*]
:       1           2             3         :=
1   -1.14387     0.0909442    0.559856
2   -0.912743    0.784128    -0.438828
3   -0.798282   -0.0602116   -1.00131
4   -1.02923    -0.75474     -0.00352083

 [*,2,*]
:      1           2          3        :=
1   1.18713     0.395938   0.283136
2   0.358674    0.387569   1.1773
3   0.254234   -0.643367   1.07301
4   1.08253    -0.63664    0.178671

 [*,3,*]
:       1           2          3        :=
1    0.405372    0.714439   0.983704
2   -0.689083    0.174472   1.06917
3   -0.23566    -0.756245   1.0135
4    0.859517   -0.21776    0.927944
;

np :=
1 1   -0.0677451
1 2    0.0778924
1 3   -0.932881
2 1    0.985253
2 2   -0.0540406
2 3   -1.47588e-16
3 1   -0.0707302
3 2   -0.0664892
3 3    0.969599
;

vp :=
1 1   -0.971122
1 2    0.0147536
1 3   -0.220553
2 1    0.720973
2 2   -0.124122
2 3    0.677673
3 1    0.0854727
3 2   -0.0210587
3 3    0.998547
;

