solve_message = ' \
Ipopt 3.9.1: Optimal Solution Found'

Solve time:
_solve_time = 0.904806

Objective:
p :=
1 1   -0.00104589
1 2    0.0353089
1 3   -0.0317588
2 1   -0.00015652
2 2   -0.000486403
2 3    0.064237
3 1    0.00120011
3 2   -0.034808
3 3   -0.0324778
;

phi :=
1 1   0.163954
1 2   0.0507647
1 3   0.0583775
2 1   0.0770989
2 2   0.0551211
2 3   0.0942342
3 1   0.0545927
3 2   0.0452933
3 3   0.17119
4 1   0.112657
4 2   0.0414362
4 3   0.11068
;

l [*,1,*]
:       1          2           3        :=
1   -0.46065    0.998014   -0.66016
2   -0.628935   0.992953    0.510581
3    0.435171   1.00227     0.663635
4    0.605151   1.00735    -0.506862

 [*,2,*]
:       1            2          3        :=
1    0.931414     0.536818   0.658177
2   -0.0124203    0.864193   0.903175
3   -0.327908    -0.278724   1.2121
4    0.615424    -0.60792    0.967596

 [*,3,*]
:       1           2           3        :=
1    0.517624   -0.995696    0.657713
2   -0.629585   -1.05246     0.435157
3   -0.423184   -1.0441     -0.644479
4    0.724354   -0.987328   -0.423643
;

np :=
1 1   -0.0315834
1 2    1.06624
1 3   -0.00664748
2 1   -9.83528e-15
2 2   -1.60994e-14
2 3    0.920669
3 1    0.033294
3 2   -0.965659
3 3   -0.00777518
;

vp :=
1 1   -0.0122482
1 2    1.00015
1 3    0.00133219
2 1    0.302003
2 2    0.128461
2 3    0.935165
3 1    0.0477593
3 2   -1.01987
3 3    0.0062753
;

