solve_message = ' \
Ipopt 3.9.1: Optimal Solution Found'

Solve time:
_solve_time = 1.23241

Objective:
p :=
1 1    0.00978569
1 2   -0.00128387
1 3   -0.0647682
2 1    0.000596139
2 2    0.0347627
2 3    0.0483253
3 1   -0.0103818
3 2   -0.0334788
3 3    0.0164429
;

phi :=
1 1   0.0407727
1 2   0.12188
1 3   0.160596
2 1   0.0666211
2 2   0.181298
2 3   0.061967
3 1   0.0671531
3 2   0.0851336
3 3   0.0502259
4 1   0.0326842
4 2   0.0510927
4 3   0.116573
;

l [*,1,*]
:       1           2            3        :=
1   -0.267581    0.776673    -0.994133
2    0.507757    0.0401682   -1.19647
3   -0.260195   -0.835926    -0.972477
4   -1.03676    -0.100817    -0.769787

 [*,2,*]
:       1          2           3        :=
1   -0.384549   0.899238    0.820766
2    0.664559   0.894196    0.654282
3    0.478782   1.07865    -0.520308
4   -0.570622   1.08399    -0.355694

 [*,3,*]
:       1           2           3        :=
1   -0.179337   -1.05884     0.716903
2   -1.03095    -0.717121    0.138991
3   -0.409364   -0.840687   -0.849817
4    0.443236   -1.1826     -0.27348
;

np :=
1 1    0.000140569
1 2   -1.84419e-05
1 3   -0.975301
2 1    0.0163658
2 2    0.954333
2 3    0.125553
3 1   -0.299257
3 2   -0.965028
3 3    6.62895e-05
;

vp :=
1 1   -0.264503
1 2   -0.0296822
1 3   -0.983135
2 1    0.0466245
2 2    0.989021
2 3    0.149828
3 1   -0.293763
3 2   -0.94995
3 3   -0.0666207
;

