solve_message = ' \
Ipopt 3.9.1: Optimal Solution Found'

Solve time:
_solve_time = 1.40401

Objective:
p :=
1 1    0.00262799
1 2   -0.0349558
1 3   -0.00152882
2 1    0.00599408
2 2    0.00809054
2 3    0.0649582
3 1   -0.00862204
3 2    0.0268652
3 3   -0.0634294
;

phi :=
1 1   0.0251627
1 2   0.0863522
1 3   0.190918
2 1   0.0353172
2 2   0.0325222
2 3   0.11865
3 1   0.100907
3 2   0.0733123
3 3   0.0441017
4 1   0.079008
4 2   0.178934
4 3   0.0685841
;

l [*,1,*]
:       1           2           3        :=
1    0.564033   -0.935905   -0.660322
2    0.808534   -0.922175    0.353061
3   -0.3681     -1.05409     0.639282
4   -0.614474   -1.06803    -0.373646

 [*,2,*]
:      1           2          3        :=
1   0.303099   -0.695603   1.02239
2   1.04287    -0.644349   0.342614
3   1.04205     0.601396   0.436496
4   0.302279    0.552127   1.11642

 [*,3,*]
:       1           2           3        :=
1   -0.864855    0.397033   -0.841384
2    0.206422    1.0053     -0.711704
3    0.71215     0.185558   -1.02472
4   -0.358322   -0.424012   -1.1549
;

np :=
1 1    0.0757885
1 2   -1.00809
1 3   -3.98204e-12
2 1    9.70838e-05
2 2    0.000131043
2 3    0.995508
3 1   -0.0676086
3 2    0.21066
3 3   -0.842636
;

vp :=
1 1    0.0974004
1 2   -0.995053
1 3   -0.0108101
2 1    0.672279
2 2   -0.0466272
2 3    0.729751
3 1   -0.0765779
3 2    0.290727
3 3   -0.93323
;

