solve_message = ' \
Ipopt 3.9.1: Optimal Solution Found'

Solve time:
_solve_time = 1.24801

Objective:
p :=
1 1   -0.00730978
1 2    0.0342478
1 3   -0.00208718
2 1    0.00361986
2 2   -0.0286387
2 3   -0.0630807
3 1    0.00368992
3 2   -0.00560914
3 3    0.0651678
;

phi :=
1 1   0.0569155
1 2   0.0643191
1 3   0.0551681
2 1   0.087997
2 2   0.0699846
2 3   0.108205
3 1   0.0727318
3 2   0.137157
3 3   0.139302
4 1   0.0460166
4 2   0.126467
4 3   0.071357
;

l [*,1,*]
:       1          2           3         :=
1   -0.240212   0.961314   -0.812149
2   -0.996596   0.801075   -0.0651201
3   -0.194465   0.990901    0.788523
4    0.563197   1.15144     0.0428537

 [*,2,*]
:       1            2           3        :=
1   -0.124661     0.443345   -1.19596
2    0.702433    -0.16876    -1.0585
3   -0.0294533   -1.07634    -0.693093
4   -0.857713    -0.465677   -0.829972

 [*,3,*]
:       1            2          3        :=
1    0.835878     0.735311   0.632225
2   -0.0678662    0.215522   1.26361
3    0.299879    -0.727628   1.01642
4    1.20421     -0.20934    0.384642
;

np :=
1 1   -0.209541
1 2    0.98174
1 3   -3.51991e-11
2 1    0.0325526
2 2   -0.257541
2 3   -0.810737
3 1    5.25332e-06
3 2   -7.9857e-06
3 3    1.01822
;

vp :=
1 1   -0.216718
1 2    0.976247
1 3   -0.0117705
2 1   -0.0776785
2 2   -0.316614
2 3   -0.944436
3 1    0.568385
3 2    0.00367319
3 3    0.823972
;

