solve_message = ' \
Ipopt 3.9.1: Optimal Solution Found'

Solve time:
_solve_time = 1.57561

Objective:
p :=
1 1   -0.020508
1 2   -0.00226293
1 3   -0.0640116
2 1    0.0130485
2 2   -0.0319032
2 3    0.0499696
3 1    0.00745939
3 2    0.0341664
3 3    0.014042
;

phi :=
1 1   0.0642023
1 2   0.129736
1 3   0.109025
2 1   0.0568061
2 2   0.0657107
2 3   0.0902882
3 1   0.0660638
3 2   0.0734247
3 3   0.0689874
4 1   0.0743539
4 2   0.152563
4 3   0.0848423
;

l [*,1,*]
:       1           2            3        :=
1   -0.619781    0.915316    -0.619687
2   -0.130556    0.319845    -1.24823
3   -0.783097   -0.677054    -0.798316
4   -1.27336    -0.0831702   -0.169056

 [*,2,*]
:       1           2           3        :=
1   -0.140774   -0.935612    0.866087
2   -0.266132   -1.20188    -0.377118
3    0.715665   -0.967963   -0.528562
4    0.842587   -0.701326    0.714402

 [*,3,*]
:       1          2           3        :=
1    0.127755   1.04517     0.74745
2    0.901445   0.894345   -0.240747
3    0.123189   0.9389     -0.859124
4   -0.651741   1.0898      0.128088
;

np :=
1 1   -0.02459
1 2   -0.0027133
1 3   -0.898286
2 1    0.340106
2 2   -0.831554
2 3    0.158689
3 1    0.212074
3 2    0.971368
3 3    2.19573e-05
;

vp :=
1 1   -0.701894
1 2    0.118971
1 3   -0.708572
2 1    0.287887
2 2   -0.951588
2 3    0.169198
3 1    0.124853
3 2    0.992115
3 3   -0.0556898
;

