solve_message = ' \
Ipopt 3.9.1: Optimal Solution Found'

Solve time:
_solve_time = 0.405603

Objective:
p :=
1 1    0.00368597
1 2   -0.0347509
1 3   -0.0432053
2 1    0.00687513
2 2    0.0345379
2 3   -0.0214964
3 1   -0.0105611
3 2    0.000213022
3 3    0.0647018
;

phi :=
1 1   0.128454
1 2   0.114085
1 3   0.0557713
2 1   0.0962854
2 2   0.0779065
2 3   0.0533955
3 1   0.0734529
3 2   0.0900107
3 3   0.0585617
4 1   0.0985067
4 2   0.130657
4 3   0.0588068
;

l [*,1,*]
:       1            2           3         :=
1    0.90723     -0.913883    0.0347875
2    0.178103    -1.0741      0.697232
3   -0.671081    -1.07893    -0.237388
4    0.0566937   -0.918723   -0.901322

 [*,2,*]
:       1          2           3        :=
1    0.512838   0.911578   -0.722766
2   -0.450958   1.12025    -0.424101
3   -0.101441   1.0501      0.753715
4    0.862911   0.841321    0.456926

 [*,3,*]
:       1           2           3        :=
1   -0.917498    0.340881    0.838127
2   -1.04483     0.622058   -0.39688
3   -1.07039    -0.335876   -0.614124
4   -0.943098   -0.618579    0.620537
;

np :=
1 1    0.10434
1 2   -0.983704
1 3   -0.057328
2 1    0.203803
2 2    1.02382
2 3   -0.000432684
3 1   -0.000228043
3 2    4.59973e-06
3 3    0.96832
;

vp :=
1 1    0.118027
1 2   -0.996345
1 3   -0.101937
2 1    0.206222
2 2    0.980728
2 3    0.0158251
3 1   -0.993903
3 2    0.00200847
3 3    0.112407
;

