solve_message = ' \
Ipopt 3.9.1: Optimal Solution Found'

Solve time:
_solve_time = 1.66921

Objective:
p :=
1 1   -0.020815
1 2    0.0187381
1 3    0.0642937
2 1   -0.00445544
2 2   -0.0342787
2 3   -0.00311487
3 1    0.0252718
3 2    0.0155393
3 3   -0.0611788
;

phi :=
1 1   0.160413
1 2   0.133688
1 3   0.0735418
2 1   0.0812749
2 2   0
2 3   0
3 1   0
3 2   0.0233215
3 3   0.031094
4 1   0.040902
4 2   0.335558
4 3   0.148892
;

l [*,1,*]
:       1            2           3       :=
1    0.599837     0.865176    0.76484
2   -0.482334     0.0951074   1.22978
3   -0.0123917   -0.655295    1.08437
4    1.07053      0.113579    0.6192

 [*,2,*]
:       1           2           3        :=
1    0.197561   -0.932712   -0.881229
2    0.793744   -0.983596    0.135982
3   -0.180138   -0.952131    0.683067
4   -0.777873   -0.901197   -0.333272

 [*,3,*]
:      1           2          3        :=
1   0.461428    0.727211   0.859169
2   0.656079   -0.728463   0.741387
3   1.15221    -0.61483    0.132109
4   0.958345    0.841024   0.248921
;

np :=
1 1   -0.156126
1 2    0.140548
1 3    0.92637
2 1   -0.118139
2 2   -0.908895
2 3   -5.80157e-10
3 1    0.2678
3 2    0.164667
3 3   -0.654356
;

vp :=
1 1    0.294341
1 2    0.104948
1 3    0.924364
2 1    0.00808551
2 2   -0.942389
2 3   -0.0992681
3 1    0.806937
3 2    0.0568158
3 3    0.495443
;

