solve_message = ' \
Ipopt 3.9.1: Optimal Solution Found'

Solve time:
_solve_time = 0.639604

Objective:
p :=
1 1   -0.0154164
1 2    0.0311473
1 3   -0.00374446
2 1   -0.0148105
2 2   -0.0225862
2 3    0.0641114
3 1    0.0302272
3 2   -0.00856088
3 3   -0.060367
;

phi :=
1 1   0.145446
1 2   0
1 3   0.200578
2 1   0
2 2   0.00700733
2 3   0.0162674
3 1   0.0125152
3 2   0.176232
3 3   0
4 1   0.314206
4 2   0.0762213
4 3   0.0903215
;

l [*,1,*]
:       1          2           3        :=
1   -1.06267    0.653815   -0.290738
2   -0.353438   0.976752    0.722917
3    0.390807   1.18052     0.133698
4   -0.317236   0.85791    -0.880896

 [*,2,*]
:       1           2          3        :=
1    0.378503    0.600593   1.05903
2   -0.621851    0.434408   1.02251
3   -0.416889   -0.787173   0.920062
4    0.583792   -0.622934   0.956418

 [*,3,*]
:      1           2          3        :=
1   1.14548    -0.534227   0.162295
2   1.00089     0.700939   0.359729
3   0.368696    0.510703   1.10416
4   0.512281   -0.724767   0.907907
;

np :=
1 1   -0.422195
1 2    0.853007
1 3   -2.10536e-09
2 1   -0.0893605
2 2   -0.136275
2 3    0.908142
3 1    0.451682
3 2   -0.127925
3 3   -0.595938
;

vp :=
1 1   -0.335916
1 2    0.917121
1 3   -0.0791591
2 1   -0.0187126
2 2   -0.0937104
2 3    0.98952
3 1    0.756895
3 2   -0.0123303
3 3    0.633443
;

