solve_message = ' \
Ipopt 3.9.1: Optimal Solution Found'

Solve time:
_solve_time = 0.842405

Objective:
p :=
1 1    0.0304016
1 2   -0.0081714
1 3    0.0591086
2 1   -0.020633
2 2   -0.0254373
2 3   -0.056265
3 1   -0.00976916
3 2    0.0336088
3 3   -0.00284364
;

phi :=
1 1   0.0839881
1 2   0.0941478
1 3   0.10438
2 1   0.0806429
2 2   0.0952194
2 3   0.0789914
3 1   0.0683733
3 2   0.0797509
3 3   0.0913256
4 1   0.0718019
4 2   0.0735653
4 3   0.11392
;

l [*,1,*]
:      1           2           3        :=
1   0.886117   -0.881943   0.0764781
2   1.20382     0.166041   0.429272
3   0.4208      0.140477   1.21317
4   0.101847   -0.907548   0.861622

 [*,2,*]
:       1           2           3        :=
1   -1.07895    -0.450277   -0.560496
2   -0.233986   -0.533337   -1.11339
3    0.304077   -1.10194    -0.173051
4   -0.540033   -1.01979     0.381341

 [*,3,*]
:       1           2           3         :=
1   -0.959344    0.883177   -0.0358434
2   -0.0914088   0.990098    0.777386
3    0.627241    1.05214     0.0006091
4   -0.239549    0.945319   -0.813857
;

np :=
1 1    0.459866
1 2   -0.123585
1 3    0.514229
2 1   -0.395902
2 2   -0.488042
2 3   -0.364145
3 1   -0.279079
3 2    0.960137
3 3   -3.04788e-10
;

vp :=
1 1    0.65302
1 2   -0.371161
1 3    0.644995
2 1   -0.38756
2 2   -0.776302
2 3   -0.366178
3 1   -0.166111
3 2    0.967641
3 3   -0.0182507
;

