solve_message = ' \
Ipopt 3.9.1: Optimal Solution Found'

Solve time:
_solve_time = 0.483603

Objective:
p :=
1 1   -0.017181
1 2   -0.020345
1 3    0.0641802
2 1    0.0346727
2 2   -0.00439427
2 3   -0.00316432
3 1   -0.0174915
3 2    0.0247395
3 3   -0.0610159
;

phi :=
1 1   0.0432672
1 2   0.115117
1 3   0.237961
2 1   0.101173
2 2   0.0348364
2 3   0.162404
3 1   0.0730373
3 2   0.0268783
3 3   0.0473174
4 1   0.0258304
4 2   0.103116
4 3   0.0629835
;

l [*,1,*]
:       1           2          3        :=
1   0.349737     0.655682   1.03924
2   0.0766784   -0.442671   1.20108
3   0.903313    -0.750437   0.512869
4   1.17769      0.347425   0.349932

 [*,2,*]
:      1           2           3        :=
1   0.692398   -0.867831    0.645191
2   1.27632    -0.0290339   0.129869
3   0.732385    0.731211    0.752751
4   0.147601   -0.106375    1.26906

 [*,3,*]
:       1           2            3        :=
1   -0.60634    -0.0973517   -1.12732
2   -0.973742    0.664879    -0.503223
3    0.124392    1.15693     -0.456163
4    0.493543    0.395481    -1.08019
;

np :=
1 1   -0.0952149
1 2   -0.112749
1 3    0.914985
2 1    0.982192
2 2   -0.124479
2 3   -6.47994e-10
3 1   -0.210315
3 2    0.297463
3 3   -0.642254
;

vp :=
1 1    0.626963
1 2   -0.0470625
1 3    0.775715
2 1    0.711942
2 2   -0.0683411
2 3    0.699424
3 1   -0.24039
3 2    0.52968
3 3   -0.791972
;

