solve_message = ' \
Ipopt 3.9.1: Optimal Solution Found'

Solve time:
_solve_time = 1.15441

Objective:
p :=
1 1   -0.000595367
1 2   -0.0324756
1 3    0.0595529
2 1    0.015711
2 2    0.0308907
2 3    0.00532022
3 1   -0.0151152
3 2    0.0015849
3 3   -0.0648733
;

phi :=
1 1   0.0952894
1 2   0.0748375
1 3   0.0870411
2 1   0.100411
2 2   0.0827683
2 3   0.0805501
3 1   0.09829
3 2   0.0873265
3 3   0.0763864
4 1   0.0923753
4 2   0.0789651
4 3   0.0825979
;

l [*,1,*]
:       1           2          3        :=
1    0.519709   -0.31765    1.10859
2   -0.511112   -0.336287   1.10889
3   -0.496828   -1.15246    0.19992
4    0.534016   -1.13512    0.198171

 [*,2,*]
:       1          2           3         :=
1    0.140988   1.13513    -0.59465
2   -0.336781   1.18725     0.323408
3    0.603126   0.643499    0.854057
4    1.08239    0.590505   -0.0631563

 [*,3,*]
:       1           2           3        :=
1   -0.953164   -0.463867   -0.725612
2   -0.849013    0.60378    -0.749268
3    0.261427    0.486929   -1.1596
4    0.159044   -0.580904   -1.13659
;

np :=
1 1   -0.0108664
1 2   -0.592732
1 3    0.541912
2 1    0.423096
2 2    0.831883
2 3    2.46082e-08
3 1   -0.00289504
3 2    0.000303569
3 3   -0.986434
;

vp :=
1 1    0.011857
1 2   -0.735371
1 3    0.653891
2 1    0.372622
2 2    0.889075
2 3    0.129549
3 1   -0.345468
3 2    0.011059
3 3   -0.942759
;

