solve_message = ' \
Ipopt 3.9.1: Optimal Solution Found'

Solve time:
_solve_time = 1.26361

Objective:
p :=
1 1    0.0342175
1 2    0.00598806
1 3   -0.00415862
2 1   -0.0106595
2 2   -0.0294537
2 3    0.0595779
3 1   -0.023558
3 2    0.0234656
3 3   -0.0554193
;

phi :=
1 1   0.0764457
1 2   0.0543635
1 3   0.0570036
2 1   0.0407996
2 2   0.0473318
2 3   0.0939062
3 1   0.050953
3 2   0.112188
3 3   0.199475
4 1   0.0827942
4 2   0.117492
4 3   0.103612
;

l [*,1,*]
:      1           2          3        :=
1   1.10375     0.605346   0.229771
2   0.44187     0.771817   0.923794
3   0.339321   -0.486365   1.12786
4   1.00103    -0.65484    0.434163

 [*,2,*]
:       1           2          3        :=
1    0.508342   -0.352965   1.09517
2   -0.493024   -0.245763   1.13158
3   -0.615726   -1.06934    0.216227
4    0.385445   -1.17785    0.178356

 [*,3,*]
:       1          2           3        :=
1   -0.870362   0.84684     0.264714
2    0.173951   1.11401    -0.477857
3   -0.136279   0.561501   -1.1381
4   -1.18109    0.293454   -0.396583
;

np :=
1 1    0.934468
1 2    0.163532
1 3   -4.38785e-09
2 1   -0.156481
2 2   -0.432379
2 3    0.543506
3 1   -0.49485
3 2    0.49291
3 3   -0.327517
;

vp :=
1 1    0.721756
1 2    0.058923
1 3    0.678621
2 1   -0.053342
2 2   -0.711522
2 3    0.655317
3 1   -0.50386
3 2    0.703844
3 3   -0.436662
;

