solve_message = ' \
Ipopt 3.9.1: Optimal Solution Found'

Solve time:
_solve_time = 1.01401

Objective:
p :=
1 1    0.0263785
1 2    0.00901983
1 3    0.0642534
2 1   -0.0169283
2 2    0.0247451
2 3   -0.0621684
3 1   -0.00945003
3 2   -0.0337649
3 3   -0.00208496
;

phi :=
1 1   0.135655
1 2   0.113904
1 3   0.0593793
2 1   0.102984
2 2   0.0761856
2 3   0.07978
3 1   0.059148
3 2   0.0686298
3 3   0.0829906
4 1   0.0861462
4 2   0.11022
4 3   0.061002
;

l [*,1,*]
:      1           2          3        :=
1   0.482988    0.793091   0.889493
2   0.250693   -0.261959   1.21466
3   0.976789   -0.65864    0.444837
4   1.21024     0.395777   0.11844

 [*,2,*]
:       1           2           3        :=
1   -0.12918     1.11483    -0.606112
2    0.27737     0.124365   -1.2399
3   -0.606041   -0.344712   -1.07662
4   -1.014       0.645005   -0.442567

 [*,3,*]
:       1           2           3        :=
1    0.445984   -1.20165     0.158723
2   -0.437564   -0.943399    0.753616
3   -1.03261    -0.717286   -0.226184
4   -0.15001    -0.975178   -0.822638
;

np :=
1 1    0.192461
1 2    0.0658098
1 3    0.922314
2 1   -0.191098
2 2    0.279338
2 3   -0.732143
3 1   -0.272903
3 2   -0.975083
3 3   -3.4936e-11
;

vp :=
1 1    0.730271
1 2    0.0674876
1 3    0.666728
2 1   -0.368124
2 2    0.385266
2 3   -0.841046
3 1   -0.293198
3 2   -0.959481
3 3   -0.0343583
;

