solve_message = ' \
Ipopt 3.9.1: Optimal Solution Found'

Solve time:
_solve_time = 0.327602

Objective:
p :=
1 1   -0.0227515
1 2    0.0127181
1 3   -0.0641446
2 1    0.00356942
2 2   -0.0348529
2 3    0.00180075
3 1    0.0191838
3 2    0.0221341
3 3    0.0623439
;

phi :=
1 1   0.145521
1 2   0.05971
1 3   0.0972881
2 1   0.0934086
2 2   0.0732557
2 3   0.150837
3 1   0.0634084
3 2   0.0599854
3 3   0.0890217
4 1   0.0947903
4 2   0.0485909
4 3   0.0598024
;

l [*,1,*]
:        1            2           3        :=
1   -0.806836      0.78879    -0.612714
2    0.00589009    0.4311     -1.20831
3   -0.348523     -0.691811   -1.01885
4   -1.16181      -0.335909   -0.422958

 [*,2,*]
:       1           2           3        :=
1    0.664456   -0.920542    0.592288
2   -0.426379   -1.06321     0.581109
3   -0.414568   -1.06769    -0.581734
4    0.676286   -0.925027   -0.572407

 [*,3,*]
:      1           2          3        :=
1   0.987167    0.797466   0.170968
2   0.231033    0.829978   0.956232
3   0.407882   -0.307267   1.17471
4   1.1643     -0.341589   0.389794
;

np :=
1 1   -0.11082
1 2    0.0619597
1 3   -0.911443
2 1    0.102601
2 2   -1.00183
2 3    1.25249e-11
3 1    0.188274
3 2    0.217224
3 3    0.746731
;

vp :=
1 1   -0.578145
1 2    0.0481848
1 3   -0.815471
2 1    0.125384
2 2   -0.994062
2 3    0.00481821
3 1    0.697896
3 2    0.244634
3 3    0.672613
;

