solve_message = ' \
Ipopt 3.9.1: Optimal Solution Found'

Solve time:
_solve_time = 1.09201

Objective:
p :=
1 1   -0.0208398
1 2   -0.0192011
1 3   -0.0624577
2 1    0.0287875
2 2   -0.0149418
2 3    0.0588121
3 1   -0.00794697
3 2    0.0341422
3 3    0.00364555
;

phi :=
1 1   0.0637407
1 2   0.0676804
1 3   0.0899522
2 1   0.0747498
2 2   0.0840944
2 3   0.0597585
3 1   0.105974
3 2   0.122363
3 3   0.0693641
4 1   0.0942524
4 2   0.0977368
4 3   0.1067
;

l [*,1,*]
:       1            2            3        :=
1    0.0498831    0.345125    -1.22148
2    0.498063    -0.669355    -0.889163
3   -0.481386    -0.990457    -0.541032
4   -0.931126     0.0235119   -0.872797

 [*,2,*]
:       1           2          3        :=
1   1.25242     -0.213834   0.169749
2   0.773752     0.288651   0.985781
3   0.0254788   -0.627394   1.11221
4   0.502956    -1.13134    0.296377

 [*,3,*]
:       1          2           3        :=
1   -0.109107   1.00454     0.7866
2    0.570559   1.13232    -0.161242
3   -0.290335   0.955358   -0.80392
4   -0.971372   0.827296    0.142899
;

np :=
1 1   -0.167699
1 2   -0.154512
1 3   -0.756325
2 1    0.520893
2 2   -0.270363
2 3    0.49645
3 1   -0.2292
3 2    0.984702
3 3    1.74562e-09
;

vp :=
1 1   -0.21632
1 2   -0.32239
1 3   -0.881251
2 1    0.638843
2 2   -0.421179
2 3    0.640704
3 1   -0.200335
3 2    0.979827
3 3   -0.00853843
;

