solve_message = ' \
Ipopt 3.9.1: Optimal Solution Found'

Solve time:
_solve_time = 0.795605

Objective:
p :=
1 1    0.0145269
1 2    0.0314537
1 3    0.0456476
2 1    0.00508171
2 2   -0.0349016
2 3    0.0185427
3 1   -0.019608
3 2    0.00344782
3 3   -0.0641904
;

phi :=
1 1   0.0705944
1 2   0.129294
1 3   0.0672653
2 1   0.0654595
2 2   0.131334
2 3   0.0705744
3 1   0.124099
3 2   0.0634837
3 3   0.0555032
4 1   0.14545
4 2   0.0613842
4 3   0.05207
;

l [*,1,*]
:       1          2           3        :=
1    0.893887   0.79375    -0.458635
2   -0.182567   1.15638    -0.472567
3   -0.226888   1.07126     0.648138
4    0.849495   0.708496    0.663855

 [*,2,*]
:       1           2           3        :=
1    0.666882   -1.06822     0.427706
2   -0.362593   -1.13654     0.568892
3   -0.539575   -0.942392   -0.624202
4    0.489618   -0.873763   -0.767288

 [*,3,*]
:       1           2           3        :=
1   -1.09131    -0.52426    -0.450976
2   -1.03332     0.693638   -0.261225
3   -0.295641    0.77038    -0.969545
4   -0.352461   -0.447395   -1.16042
;

np :=
1 1    0.390515
1 2    0.845548
1 3    0.0842433
2 1    0.152034
2 2   -1.04418
2 3    0.000153751
3 1   -0.0189768
3 2    0.00333683
3 3   -0.915999
;

vp :=
1 1    0.333911
1 2    0.932326
1 3    0.0952036
2 1    0.0639935
2 2   -1.0052
2 3   -0.0987798
3 1   -0.693207
3 2    0.122606
3 3   -0.710618
;

