solve_message = ' \
Ipopt 3.9.1: Optimal Solution Found'

Solve time:
_solve_time = 0.405603

Objective:
p :=
1 1    0.00687523
1 2    0.0331717
1 3   -0.0518385
2 1   -0.00895325
2 2    0.00129093
2 3    0.0648807
3 1    0.00207802
3 2   -0.0344626
3 3   -0.0130422
;

phi :=
1 1   0.104754
1 2   0.0486787
1 3   0.0656205
2 1   0.177468
2 2   0.068137
2 3   0.14084
3 1   0.0752455
3 2   0.0796581
3 3   0.104576
4 1   0.0571487
4 2   0.054936
4 3   0.055012
;

l [*,1,*]
:       1          2           3        :=
1    0.718184   0.573134   -0.874086
2   -0.271739   0.90718    -0.872558
3   -0.160862   1.23203     0.289602
4    0.829238   0.898496    0.289926

 [*,2,*]
:       1           2          3        :=
1    0.741386    0.21912    1.01996
2   -0.236565    0.781431   0.985189
3   -0.802618   -0.201712   0.97696
4    0.174431   -0.765588   1.01171

 [*,3,*]
:       1           2           3        :=
1   -0.275354   -0.787162    0.852426
2   -0.577298   -1.11763    -0.353881
3    0.376545   -1.13165    -0.590984
4    0.680008   -0.801203    0.614945
;

np :=
1 1    0.161517
1 2    0.779288
1 3   -0.205198
2 1   -7.62424e-05
2 2    1.0993e-05
2 3    0.98722
3 1    0.0547005
3 2   -0.907175
3 3   -1.30935e-05
;

vp :=
1 1    0.2791
1 2    0.902576
1 3   -0.291779
2 1   -0.0304521
2 2    0.00808843
2 3    0.998468
3 1    0.0510957
3 2   -0.959281
3 3    0.131107
;

