solve_message = ' \
Ipopt 3.9.1: Optimal Solution Found'

Solve time:
_solve_time = 1.80961

Objective:
p :=
1 1    0.0148596
1 2   -0.00885801
1 3   -0.0650954
2 1   -0.00715605
2 2    0.0342561
2 3    0.00108894
3 1   -0.00770363
3 2   -0.025398
3 3    0.0640065
;

phi :=
1 1   0.121111
1 2   0.0465683
1 3   0.104748
2 1   0.0614363
2 2   0.0574178
2 3   0.164521
3 1   0.0699019
3 2   0.0626501
3 3   0.0968829
4 1   0.137898
4 2   0.0511806
4 3   0.0612674
;

l [*,1,*]
:       1           2           3        :=
1   -0.174556   -0.753653   -1.02563
2   -0.599484    0.369928   -1.07229
3    0.386992    0.748457   -0.970105
4    0.813491   -0.374521   -0.923277

 [*,2,*]
:       1           2           3        :=
1   -0.897718    0.883371    0.277475
2    0.0823135   1.13369     0.627456
3    0.497477    1.07451    -0.4945
4   -0.481894    0.824098   -0.846268

 [*,3,*]
:       1           2          3        :=
1   -0.842814   -0.657429   0.706419
2    0.293575   -0.75984    0.990366
3    0.337627    0.307702   1.20193
4   -0.798692    0.411813   0.918322
;

np :=
1 1    0.00619054
1 2   -0.00369026
1 3   -1.01032
2 1   -0.204302
2 2    0.977996
2 3    3.70368e-13
3 1   -0.041849
3 2   -0.137972
3 3    0.897789
;

vp :=
1 1    0.106781
1 2   -0.00289489
1 3   -0.997806
2 1   -0.200346
2 2    0.978817
2 3   -0.109099
3 1   -0.253029
3 2   -0.174398
3 3    0.954147
;

