solve_message = ' \
Ipopt 3.9.1: Optimal Solution Found'

Solve time:
_solve_time = 0.592804

Objective:
p :=
1 1    0.00173706
1 2   -0.0349724
1 3   -0.0330904
2 1    0.00118999
2 2    0.0350054
2 3   -0.0316851
3 1   -0.00292705
3 2   -3.30116e-05
3 3    0.0647755
;

phi :=
1 1   0.0976069
1 2   0.12166
1 3   0.0468846
2 1   0.0600124
2 2   0.149867
2 3   0.0534573
3 1   0.10052
3 2   0.0801536
3 3   0.0436783
4 1   0.177851
4 2   0.0645657
4 3   0.0387874
;

l [*,1,*]
:       1            2           3         :=
1    0.849031    -0.961119   -0.0666894
2    0.140091    -1.00713     0.784624
3   -0.748892    -1.04263     0.0427684
4   -0.0413688   -0.996674   -0.809727

 [*,2,*]
:       1          2           3        :=
1    0.686921   0.975639   -0.471895
2   -0.42134    1.01162    -0.667643
3   -0.619527   1.02834     0.452872
4    0.488418   0.992383    0.650404

 [*,3,*]
:       1           2          3        :=
1    0.309231    0.801789   1.00951
2   -0.590999    0.628513   0.998662
3   -0.334244   -0.710282   1.05802
4    0.566395   -0.539138   1.06896
;

np :=
1 1    0.0497624
1 2   -1.00187
1 3   -0.00886184
2 1    0.0341492
2 2    1.00455
2 3   -0.00654019
3 1   -2.84833e-08
3 2   -3.21279e-10
3 3    0.976074
;

vp :=
1 1    0.0499973
1 2   -1.00187
1 3   -0.0125954
2 1    0.0340594
2 2    1.00198
2 3   -0.00898701
3 1   -0.0120455
3 2    0.0452892
3 3    1.03379
;

