solve_message = ' \
Ipopt 3.9.1: Optimal Solution Found'

Solve time:
_solve_time = 0.374402

Objective:
p :=
1 1    0.00213917
1 2   -0.034991
1 3    0.0269282
2 1    0.00594887
2 2    0.000924923
2 3   -0.0650609
3 1   -0.00808804
3 2    0.0340661
3 3    0.0381326
;

phi :=
1 1   0.170285
1 2   0.0380183
1 3   0.0514544
2 1   0.111278
2 2   0.0463073
2 3   0.0531505
3 1   0.0500154
3 2   0.04829
3 3   0.150237
4 1   0.108185
4 2   0.0458179
4 3   0.161285
;

l [*,1,*]
:       1           2           3        :=
1    0.645023   -0.97512     0.532836
2   -0.570138   -1.05106     0.467656
3   -0.517962   -1.02315    -0.573593
4    0.697281   -0.947165   -0.510072

 [*,2,*]
:       1            2           3        :=
1   -1.19199     -0.35946    -0.309685
2   -0.862244     0.748578   -0.584411
3   -0.0939118    0.36225    -1.22846
4   -0.422436    -0.746403   -0.954761

 [*,3,*]
:       1          2           3         :=
1   -0.32995    0.934464   -0.81701
2   -1.00791    0.794579   -0.0562825
3   -0.11941    1.02255     0.775041
4    0.559962   1.1628      0.0156374
;

np :=
1 1    0.0617116
1 2   -1.00943
1 3    0.00209421
2 1    4.40205e-06
2 2    6.84427e-07
2 3   -1.00657
3 1   -0.231604
3 2    0.975493
3 3    0.0239146
;

vp :=
1 1    0.0640353
1 2   -0.999095
1 3   -0.0207675
2 1   -0.642777
2 2    0.000799895
2 3   -0.76922
3 1   -0.224056
3 2    0.978655
3 3   -0.0209564
;

