solve_message = ' \
Ipopt 3.9.1: Optimal Solution Found'

Solve time:
_solve_time = 0.530403

Objective:
p :=
1 1   -0.00850743
1 2   -0.0334544
1 3    0.000318354
2 1    0.0272012
2 2    0.0129992
2 3   -0.0628738
3 1   -0.0186932
3 2    0.0204538
3 3    0.0625555
;

phi :=
1 1   0.0759171
1 2   0.0885912
1 3   0.0906526
2 1   0.0598778
2 2   0.0624334
2 3   0.133518
3 1   0.0103312
3 2   0.0622185
3 3   0.119084
4 1   0.0453143
4 2   0.229219
4 3   0.0575306
;

l [*,1,*]
:       1           2           3        :=
1   -0.435479   -0.656401    0.849329
2   -1.01951    -0.722032   -0.239788
3   -0.233154   -1.11054    -0.595311
4    0.352132   -1.04552     0.49324

 [*,2,*]
:      1           2           3        :=
1   0.689555    0.815389    0.625867
2   0.423692   -0.12189     1.11374
3   0.959694   -0.706492    0.291639
4   1.22641     0.229856   -0.197545

 [*,3,*]
:       1           2           3        :=
1   -0.989455    0.607758    0.341306
2   -0.71441     0.51704    -0.923569
3   -0.814276   -0.411545   -0.882448
4   -1.08948    -0.322306    0.382492
;

np :=
1 1   -0.223709
1 2   -0.879706
1 3    6.75599e-17
2 1    0.317423
2 2    0.151693
2 3   -0.792311
3 1   -0.131504
3 2    0.14389
3 3    0.764652
;

vp :=
1 1   -0.33377
1 2   -0.883597
1 3    0.127301
2 1    0.824944
2 2    0.0545889
2 3    0.458231
3 1   -0.902015
3 2    0.0977726
3 3   -0.270051
;

