solve_message = ' \
Ipopt 3.9.1: Optimal Solution Found'

Solve time:
_solve_time = 0.624004

Objective:
p :=
1 1   -0.00260983
1 2   -0.0348782
1 3    0.037508
2 1    0.00644072
2 2    6.3106e-05
2 3   -0.0650551
3 1   -0.0038309
3 2    0.0348151
3 3    0.0275471
;

phi :=
1 1   0.150447
1 2   0.0572828
1 3   0.164972
2 1   0.06506
2 2   0.0435266
2 3   0.0826507
3 1   0.0596067
3 2   0.0469617
3 3   0.0557909
4 1   0.138547
4 2   0.0614401
4 3   0.10901
;

l [*,1,*]
:       1           2           3        :=
1   -0.357954   -0.957732    0.773967
2   -0.778399   -0.956895   -0.349967
3    0.212669   -1.03811    -0.722195
4    0.634692   -1.03907     0.401146

 [*,2,*]
:       1           2           3        :=
1    0.462827   -0.677492   -0.986797
2   -0.678213   -0.36338    -1.02635
3   -0.393232    0.676931   -1.01644
4    0.748262    0.364476   -0.976877

 [*,3,*]
:       1          2           3        :=
1    0.250887   1.03059     0.721301
2    0.585565   1.07401    -0.385384
3   -0.466307   0.961595   -0.709294
4   -0.80266    0.917998    0.396875
;

np :=
1 1   -0.0742566
1 2   -0.992379
1 3    0.0213048
2 1    7.14812e-06
2 2    7.00371e-08
2 3   -1.00595
3 1   -0.109929
3 2    0.999028
3 3    0.00245549
;

vp :=
1 1   -0.0720801
1 2   -0.997953
1 3    0.0261857
2 1    0.0353655
2 2    9.06517e-06
2 3   -1.0016
3 1   -0.108263
3 2    0.996031
3 3    0.0063152
;

