solve_message = ' \
Ipopt 3.9.1: Optimal Solution Found'

Solve time:
_solve_time = 1.35721

Objective:
p :=
1 1   -0.0343737
1 2   -0.00465628
1 3    0.00244999
2 1    0.0121033
2 2    0.031286
2 3   -0.0533912
3 1    0.0222568
3 2   -0.0266229
3 3    0.0509412
;

phi :=
1 1   0.0977352
1 2   0.1029
1 3   0.0711255
2 1   0.0836046
2 2   0.0621724
2 3   0.135312
3 1   0.0552461
3 2   0.0611235
3 3   0.131087
4 1   0.0662634
4 2   0.0999669
4 3   0.0691564
;

l [*,1,*]
:       1           2           3        :=
1   -1.2019     -0.406166   -0.189698
2   -0.897625    0.72625    -0.540403
3   -0.213371    0.336235   -1.21183
4   -0.516556   -0.796802   -0.862197

 [*,2,*]
:       1           2           3        :=
1    0.477331    1.05611     0.520074
2    0.865858    0.696777   -0.603999
3   -0.0699045   0.791306   -0.958754
4   -0.459922    1.15079     0.164754

 [*,3,*]
:       1           2           3        :=
1    1.12106    -0.618376   -0.153105
2    0.786219   -0.343178    0.941992
3   -0.101254   -0.963213    0.826705
4    0.232177   -1.2394     -0.268576
;

np :=
1 1   -0.930593
1 2   -0.12608
1 3    1.06872e-10
2 1    0.268063
2 2    0.692906
2 3   -0.252285
3 1    0.603936
3 2   -0.722358
3 3    0.181587
;

vp :=
1 1   -0.707484
1 2   -0.035572
1 3   -0.700893
2 1    0.203185
2 2    0.92389
2 3   -0.219033
3 1    0.509685
3 2   -0.791151
3 3    0.336318
;

