solve_message = ' \
Ipopt 3.9.1: Optimal Solution Found'

Solve time:
_solve_time = 0.624004

Objective:
p :=
1 1   -0.00814461
1 2   -3.13585e-05
1 3    0.0650521
2 1    0.00880375
2 2    0.0339126
2 3   -0.0109458
3 1   -0.000659141
3 2   -0.0338813
3 3   -0.0541064
;

phi :=
1 1   0.0609472
1 2   0.0906934
1 3   0.0723521
2 1   0.0561779
2 2   0.127992
2 3   0.107398
3 1   0.0594861
3 2   0.0970313
3 3   0.134236
4 1   0.066955
4 2   0.0670425
4 3   0.0951126
;

l [*,1,*]
:       1            2          3       :=
1   -0.0395407   -0.767864   1.02379
2    0.491629     0.194399   1.16745
3   -0.475957     0.76714    0.9111
4   -1.00867     -0.194211   0.76703

 [*,2,*]
:       1           2           3         :=
1    1.02668     0.765036   -0.0224411
2    0.0849244   1.00601    -0.774113
3   -0.531975    1.1597      0.0361759
4    0.408802    0.918972    0.789138

 [*,3,*]
:       1           2           3        :=
1   -0.176728   -1.19738     0.410471
2   -0.820347   -0.912547   -0.366852
3    0.135072   -0.687963   -1.07122
4    0.780213   -0.97244    -0.295015
;

np :=
1 1   -3.69519e-05
1 2   -1.42272e-07
1 3    1.00563
2 1    0.253124
2 2    0.975049
2 3   -3.84003e-06
3 1   -0.015515
3 2   -0.797507
3 3   -0.276914
;

vp :=
1 1   -0.258346
1 2   -0.000517213
1 3    0.967286
2 1    0.247484
2 2    0.962331
2 3    0.00748982
3 1   -0.0201906
3 2   -0.942696
3 3   -0.330343
;

