solve_message = ' \
Ipopt 3.9.1: Optimal Solution Found'

Solve time:
_solve_time = 0.920406

Objective:
p :=
1 1    0.00178981
1 2   -0.0349846
1 3   -0.0114442
2 1    0.0102202
2 2    0.00317851
2 3    0.0650536
3 1   -0.01201
3 2    0.0318061
3 3   -0.0536094
;

phi :=
1 1   0.0785508
1 2   0.0681509
1 3   0.108955
2 1   0.0697688
2 2   0.0589286
2 3   0.075018
3 1   0.100741
3 2   0.0589049
3 3   0.0949045
4 1   0.114963
4 2   0.067836
4 3   0.139453
;

l [*,1,*]
:       1           2           3        :=
1    0.745446   -0.965405    0.395946
2   -0.297454   -1.02006     0.718212
3   -0.642692   -1.03527    -0.399499
4    0.399658   -0.980641   -0.723546

 [*,2,*]
:       1           2          3        :=
1    0.637677    0.761782   0.810834
2   -0.266382    0.291158   1.22022
3    0.187638   -0.761373   1.01472
4    1.09242    -0.292425   0.605013

 [*,3,*]
:       1           2           3        :=
1   -1.03305     0.560036   -0.51459
2   -0.611725    1.04337     0.427398
3    0.36318     1.22601    -0.101301
4   -0.0565873   0.742971   -1.04413
;

np :=
1 1    0.0514043
1 2   -1.00478
1 3   -5.2446e-06
2 1    0.000238792
2 2    7.42654e-05
2 3    1.00578
3 1   -0.288266
3 2    0.763414
3 3   -0.259592
;

vp :=
1 1    0.051655
1 2   -1.00032
1 3   -0.00235056
2 1    0.413199
2 2   -2.72273e-05
2 3    0.912534
3 1   -0.334712
3 2    0.892903
3 3   -0.308531
;

