solve_message = ' \
Ipopt 3.9.1: Optimal Solution Found'

Solve time:
_solve_time = 0.577204

Objective:
p :=
1 1   -0.0149168
1 2    0.0202022
1 3   -0.0644642
2 1    0.0301438
2 2    0.0109362
2 3    0.0595443
3 1   -0.0152269
3 2   -0.0311385
3 3    0.00491995
;

phi :=
1 1   0.135296
1 2   0.232344
1 3   0.0578844
2 1   0.0743363
2 2   0.117871
2 3   0.0235829
3 1   0.0163562
3 2   0.0406782
3 3   0.0723822
4 1   0.0407786
4 2   0.0800417
4 3   0.141528
;

l [*,1,*]
:       1           2           3        :=
1   -0.987064    0.549429   -0.628326
2   -0.98449    -0.397214   -0.738545
3   -1.00611    -0.549872    0.558408
4   -1.00871     0.396527    0.670693

 [*,2,*]
:      1           2          3        :=
1   1.07706     0.639186   0.229925
2   0.363764    0.818417   0.905446
3   0.301746   -0.407374   1.16668
4   1.01494    -0.588558   0.491573

 [*,3,*]
:       1           2           3         :=
1    0.354322   -1.24581     0.0621272
2   -0.265987   -1.06636     0.679637
3   -1.09095    -0.574908   -0.291128
4   -0.471951   -0.753578   -0.910183
;

np :=
1 1   -0.0581497
1 2    0.0787535
1 3   -0.943708
2 1    0.509352
2 2    0.184793
2 3    0.54136
3 1   -0.41046
3 2   -0.839377
3 3    1.42341e-08
;

vp :=
1 1   -0.996595
1 2    9.48168e-05
1 3   -0.0343981
2 1    0.68966
2 2    0.115346
2 3    0.698137
3 1   -0.368394
3 2   -0.910235
3 3   -0.115133
;

