solve_message = ' \
Ipopt 3.9.1: Optimal Solution Found'

Solve time:
_solve_time = 1.79401

Objective:
p :=
1 1   -0.0305709
1 2   -0.0026953
1 3    0.0601417
2 1    0.0184246
2 2   -0.0291051
2 3   -0.0127745
3 1    0.0121462
3 2    0.0318003
3 3   -0.0473671
;

phi :=
1 1   0.0562067
1 2   0.126435
1 3   0.0720988
2 1   0.0565026
2 2   0.0802558
2 3   0.0980987
3 1   0.086561
3 2   0.0603236
3 3   0.117925
4 1   0.0862734
4 2   0.121433
4 3   0.074694
;

l [*,1,*]
:       1           2           3        :=
1   -0.219678    0.370345   -1.17563
2   -0.278522   -0.512317   -1.11253
3   -1.21701    -0.380036   -0.151968
4   -1.15966     0.502836   -0.213539

 [*,2,*]
:       1           2           3         :=
1    0.109706   -0.821107    0.92883
2   -0.338813   -1.17197    -0.0581462
3    0.707038   -0.972345   -0.611967
4    1.15722    -0.621159    0.374127

 [*,3,*]
:       1          2           3        :=
1   -0.427474   0.96576    -0.503975
2   -0.382164   0.962458    0.540423
3    0.81598    0.870183    0.484718
4    0.772579   0.873338   -0.559769
;

np :=
1 1   -0.396983
1 2   -0.0350001
1 3    0.580544
2 1    0.478414
2 2   -0.755742
2 3   -1.13246e-05
3 1    0.293751
3 2    0.769079
3 3   -0.10913
;

vp :=
1 1   -0.718695
1 2   -0.00444136
1 3   -0.663441
2 1    0.408967
2 2   -0.896506
2 3    0.158604
3 1    0.194713
3 2    0.917936
3 3   -0.0100669
;

