solve_message = ' \
Ipopt 3.9.1: Optimal Solution Found'

Solve time:
_solve_time = 0.592804

Objective:
p :=
1 1   -0.0125598
1 2   -0.0144414
1 3   -0.0649261
2 1   -0.0121642
2 2    0.0326282
2 3    0.00404494
3 1    0.024724
3 2   -0.0181868
3 3    0.0608812
;

phi :=
1 1   0.104044
1 2   0.0780083
1 3   0.12004
2 1   0.0404792
2 2   0.0857461
2 3   0.0446195
3 1   0.058527
3 2   0.0426923
3 3   0.0664155
4 1   0.160987
4 2   0.0404329
4 3   0.193828
;

l [*,1,*]
:       1           2           3        :=
1   -0.854196    0.28573    -0.927751
2    0.331281    0.735181   -1.00161
3    0.678294   -0.193051   -1.09576
4   -0.506631   -0.643981   -1.02204

 [*,2,*]
:       1          2           3        :=
1   -0.933486   0.804901   -0.379056
2   -0.713969   0.87456     0.685074
3    0.404428   1.17311     0.43725
4    0.186692   1.10393    -0.627275

 [*,3,*]
:      1           2          3        :=
1   0.900248   -0.847853   0.400192
2   1.15362     0.371432   0.277177
3   0.474317    0.584177   0.979604
4   0.219866   -0.63477    1.10374
;

np :=
1 1   -0.00959452
1 2   -0.0110318
1 3   -0.992073
2 1   -0.337073
2 2    0.904137
2 3    3.61403e-09
3 1    0.321254
3 2   -0.236312
3 3    0.632396
;

vp :=
1 1   -0.0882854
1 2    0.0457904
1 3   -1.01176
2 1   -0.264171
2 2    0.989099
2 3    0.028574
3 1    0.686911
3 2   -0.13224
3 3    0.690227
;

