solve_message = ' \
Ipopt 3.9.1: Optimal Solution Found'

Solve time:
_solve_time = 2.21521

Objective:
p :=
1 1    0.0213851
1 2    0.0233255
1 3    0.0607286
2 1    0.0124291
2 2   -0.0301609
2 3   -0.0562749
3 1   -0.0338168
3 2    0.00683066
3 3   -0.00445367
;

phi :=
1 1   0.0788986
1 2   0.0653404
1 3   0.0788902
2 1   0.093253
2 2   0.0707719
2 3   0.130128
3 1   0.134969
3 2   0.0647616
3 3   0.0838282
4 1   0.110107
4 2   0.0618434
4 3   0.063882
;

l [*,1,*]
:       1           2            3        :=
1   1.20457     -0.0256915   0.207344
2   0.905602     0.878656    0.0855407
3   0.0827805    0.735998    1.06091
4   0.380439    -0.168577    1.18426

 [*,2,*]
:       1           2           3         :=
1    0.906544   -0.845965   -0.0542778
2   -0.354213   -1.19494     0.175548
3   -0.588108   -0.901735   -0.651445
4    0.672276   -0.552292   -0.882587

 [*,3,*]
:       1           2           3        :=
1   -1.05428    -0.59889    -0.362572
2   -1.01081     0.719336   -0.295125
3   -0.367248    0.733901   -0.952903
4   -0.409696   -0.584301   -1.0214
;

np :=
1 1    0.333775
1 2    0.364055
1 3    0.621383
2 1    0.232799
2 2   -0.564919
2 3   -0.364596
3 1   -0.886248
3 2    0.179014
3 3   -7.08686e-09
;

vp :=
1 1    0.643467
1 2    0.354736
1 3    0.634563
2 1    0.159627
2 2   -0.873594
2 3   -0.353282
3 1   -0.710526
3 2    0.0669862
3 3   -0.658026
;

