solve_message = ' \
Ipopt 3.9.1: Optimal Solution Found'

Solve time:
_solve_time = 1.41961

Objective:
p :=
1 1   -0.00806852
1 2    0.0337094
1 3   -0.0504913
2 1    0.0047771
2 2   -0.0347003
2 3   -0.0148296
3 1    0.00325926
3 2    0.000980998
3 3    0.065326
;

phi :=
1 1   0.143013
1 2   0.0787233
1 3   0.0588861
2 1   0.0885586
2 2   0.0781694
2 3   0.0574894
3 1   0.0725359
3 2   0.12382
3 3   0.0441168
4 1   0.116215
4 2   0.127086
4 3   0.0460555
;

l [*,1,*]
:       1          2           3        :=
1   -0.560731   0.74898    -0.938223
2   -0.977545   0.849951    0.195493
3    0.100959   1.1652      0.565052
4    0.519491   1.06473    -0.568076

 [*,2,*]
:       1           2           3        :=
1    0.751926   -0.920909    0.54498
2   -0.364159   -1.07997     0.653018
3   -0.471771   -1.08371    -0.556831
4    0.644142   -0.924659   -0.666796

 [*,3,*]
:       1           2          3        :=
1    0.969127   -0.192842   0.969128
2    0.113925    0.896318   0.953134
3   -0.637506    0.302148   1.06845
4    0.2165     -0.787958   1.08463
;

np :=
1 1   -0.217475
1 2    0.908585
1 3   -0.170656
2 1    0.137134
2 2   -0.996126
2 3   -3.21744e-05
3 1    7.87659e-08
3 2    2.37076e-08
3 3    1.03564
;

vp :=
1 1   -0.22929
1 2    0.957177
1 3   -0.18689
2 1    0.140479
2 2   -1.00225
2 3   -0.0064508
3 1    0.165852
3 2    0.0539823
3 3    1.01884
;

