solve_message = ' \
Ipopt 3.9.1: Optimal Solution Found'

Solve time:
_solve_time = 0.920406

Objective:
p :=
1 1   -0.00501811
1 2    0.0123776
1 3    0.0643177
2 1    0.0350228
2 2   -0.00102665
2 3   -0.00462869
3 1   -0.0300047
3 2   -0.0113511
3 3   -0.0596891
;

phi :=
1 1   0.0537457
1 2   0.0883877
1 3   0.126968
2 1   0.0736496
2 2   0.0648923
2 3   0.0935494
3 1   0.071591
3 2   0.0513218
3 3   0.121744
4 1   0.0518554
4 2   0.0715841
4 3   0.166119
;

l [*,1,*]
:       1           2          3        :=
1    0.567918   -0.680806   0.944922
2    1.05299     0.385346   0.605129
3    0.189485    0.87988    0.920658
4   -0.296962   -0.185485   1.26095

 [*,2,*]
:      1           2          3        :=
1   1.16827     0.466951   0.244037
2   0.376313    0.643917   1.04204
3   0.252904   -0.467318   1.16739
4   1.04467    -0.646054   0.369588

 [*,3,*]
:       1           2           3        :=
1   -0.300357   -0.848819   -0.91537
2   -1.0697     -0.68178    -0.196843
3   -1.0855      0.479531   -0.483134
4   -0.316187    0.314342   -1.20212
;

np :=
1 1   -0.000442705
1 2    0.00109197
1 3    0.9288
2 1    1.00717
2 2   -0.0295238
2 3   -9.28568e-09
3 1   -0.5083
3 2   -0.192295
3 3   -0.550642
;

vp :=
1 1    0.378164
1 2    0.0993091
1 3    0.933051
2 1    0.710855
2 2   -0.00069683
2 3    0.705448
3 1   -0.69263
3 2   -0.184248
3 3   -0.699652
;

