solve_message = ' \
Ipopt 3.9.1: Optimal Solution Found'

Solve time:
_solve_time = 1.79401

Objective:
p :=
1 1   -0.00431652
1 2    0.0345525
1 3   -0.0448224
2 1   -0.00317661
2 2   -0.000387997
2 3    0.0649397
3 1    0.00749312
3 2   -0.0341645
3 3   -0.0201173
;

phi :=
1 1   0.117663
1 2   0.0540848
1 3   0.0613024
2 1   0.0639966
2 2   0.0519673
2 3   0.0971706
3 1   0.0879823
3 2   0.0501269
3 3   0.143387
4 1   0.164673
4 2   0.0518169
4 3   0.0910991
;

l [*,1,*]
:       1          2           3        :=
1   -0.899796   0.896591    0.192182
2    0.347502   1.11306     0.531302
3    0.602834   1.06572    -0.373619
4   -0.644058   0.849182   -0.71418

 [*,2,*]
:      1           2          3        :=
1   0.112355   -0.404147   1.2133
2   0.903566   -0.775988   0.477859
3   1.22245     0.283877   0.283125
4   0.431746    0.657405   1.01826

 [*,3,*]
:       1           2           3        :=
1    0.585546   -0.945569    0.638263
2   -0.492651   -1.08717     0.489729
3   -0.339597   -1.04726    -0.666171
4    0.738843   -0.905596   -0.519477
;

np :=
1 1   -0.119594
1 2    0.957319
1 3   -0.0741432
2 1   -5.27695e-08
2 2   -6.4381e-09
2 3    0.993523
3 1    0.21323
3 2   -0.972211
3 3   -0.000272015
;

vp :=
1 1   -0.148877
1 2    0.981052
1 3   -0.0912139
2 1    0.667214
2 2   -0.0595648
2 3    0.74843
3 1    0.123465
3 2   -0.996342
3 3   -0.0143551
;

