solve_message = ' \
Ipopt 3.9.1: Optimal Solution Found'

Solve time:
_solve_time = 0.873606

Objective:
p :=
1 1    0.0155219
1 2    0.0158902
1 3   -0.0648799
2 1    0.019448
2 2   -0.01613
2 3    0.0646085
3 1   -0.0349702
3 2    0.000242483
3 3    0.000271455
;

phi :=
1 1   0.0696803
1 2   0.0684581
1 3   0.0875753
2 1   0.0558356
2 2   0.0929331
2 3   0.115633
3 1   0.0530661
3 2   0.100222
3 3   0.136956
4 1   0.0667104
4 2   0.0830315
4 3   0.106552
;

l [*,1,*]
:      1           2           3        :=
1   1.02039     0.711432    0.249287
2   1.09804    -0.149285    0.619699
3   0.921966   -0.673966   -0.563258
4   0.84403     0.185915   -0.935554

 [*,2,*]
:       1           2          3        :=
1    0.964756    0.443461   0.744214
2    0.104336    0.644294   1.10855
3   -0.196751   -0.635259   1.12433
4    0.66319    -0.83813    0.760022

 [*,3,*]
:       1           2           3        :=
1   -0.281792   -0.513141   -1.14191
2   -1.13855    -0.525841   -0.278114
3   -1.1446      0.519733   -0.266821
4   -0.28786     0.534099   -1.1306
;

np :=
1 1    0.0289818
1 2    0.029669
1 3   -0.987138
2 1    0.0786429
2 2   -0.0652225
2 3    0.958596
3 1   -0.994192
3 2    0.00689373
3 3    2.15311e-17
;

vp :=
1 1    0.971076
1 2    0.018867
1 3   -0.157604
2 1    0.384225
2 2   -0.096489
2 3    0.934134
3 1   -0.712859
3 2    0.00371796
3 3   -0.704705
;

