solve_message = ' \
Ipopt 3.9.1: Optimal Solution Found'

Solve time:
_solve_time = 0.811205

Objective:
p :=
1 1   -0.0228727
1 2    0.0251796
1 3   -0.0562216
2 1    0.0174526
2 2    0.00941804
2 3    0.0653142
3 1    0.00541163
3 2   -0.0346027
3 3   -0.00909266
;

phi :=
1 1   0.114036
1 2   0.0923389
1 3   0.0772612
2 1   0.115529
2 2   0.0829778
2 3   0.0755196
3 1   0.0964965
3 2   0.0664786
3 3   0.0716128
4 1   0.095867
4 2   0.0742756
4 3   0.0735696
;

l [*,1,*]
:       1           2           3        :=
1   -0.115886   1.25507     -0.377284
2   -0.184471   0.483439    -1.21303
3   -1.10873    0.0323329   -0.720606
4   -1.04162    0.803246     0.115924

 [*,2,*]
:       1           2          3        :=
1   0.733701     0.764008   0.733915
2   0.0522657    0.129334   1.28121
3   0.560865    -0.82847    0.804938
4   1.24311     -0.195322   0.256883

 [*,3,*]
:       1           2           3        :=
1   -0.122621   -1.02856    -0.755551
2    0.867868   -0.895177   -0.302331
3    0.391123   -0.95642     0.759358
4   -0.600126   -1.08991     0.307829
;

np :=
1 1   -0.550858
1 2    0.606417
1 3   -0.362182
2 1    0.0164952
2 2    0.00890118
2 3    1.03433
3 1    0.155236
3 2   -0.992603
3 3   -1.04819e-06
;

vp :=
1 1   -0.612649
1 2    0.643829
1 3   -0.548416
2 1    0.647757
2 2   -0.0323598
2 3    0.769019
3 1    0.133666
3 2   -0.99257
3 3    0.00214629
;

