solve_message = ' \
Ipopt 3.9.1: Optimal Solution Found'

Solve time:
_solve_time = 0.717605

Objective:
p :=
1 1    0.00301808
1 2   -0.0348248
1 3   -0.0393634
2 1   -0.0116192
2 2    0.000895828
2 3    0.0654519
3 1    0.00860154
3 2    0.0339289
3 3   -0.0260884
;

phi :=
1 1   0.0568208
1 2   0.0365899
1 3   0.0979254
2 1   0.160555
2 2   0.0678472
2 3   0.196293
3 1   0.165057
3 2   0.0501363
3 3   0.0818009
4 1   0.0565879
4 2   0.0257693
4 3   0.0385725
;

l [*,1,*]
:       1            2           3        :=
1    0.0559674   -1.02479     0.768505
2   -0.712381    -1.06446     0.061832
3    0.10584     -0.968837   -0.833445
4    0.875491    -0.929009   -0.128198

 [*,2,*]
:       1            2          3        :=
1    0.638387     0.778586   0.798934
2   -0.273668     0.462464   1.16454
3    0.0902957   -0.707229   1.06163
4    1.00293     -0.39297    0.695858

 [*,3,*]
:       1          2           3        :=
1    0.687656   0.879158   -0.62564
2   -0.317888   1.14321    -0.489199
3   -0.179535   1.04807     0.711535
4    0.82623    0.783868    0.577007
;

np :=
1 1    0.0855722
1 2   -0.987392
1 3   -0.0298716
2 1   -0.000452343
2 2    3.48753e-05
2 3    1.04969
3 1    0.245853
3 2    0.969771
3 3   -0.00167781
;

vp :=
1 1    0.0815358
1 2   -0.996759
1 3   -0.0325453
2 1    0.36485
2 2    0.0353383
2 3    0.930095
3 1    0.254516
3 2    0.963472
3 3    0.0433719
;

