solve_message = ' \
Ipopt 3.9.1: Optimal Solution Found'

Solve time:
_solve_time = 2.77682

Objective:
p :=
1 1    0.0351232
1 2   -0.000139631
1 3   -0.00569668
2 1   -0.0126691
2 2   -0.0236851
2 3    0.0638994
3 1   -0.0224518
3 2    0.0238205
3 3   -0.0582027
;

phi :=
1 1   0.124082
1 2   0.0862024
1 3   0.0937549
2 1   0.085266
2 2   0.0922923
2 3   0.231174
3 1   0.0315339
3 2   0.0379195
3 3   0.117013
4 1   0.0541443
4 2   0.0343774
4 3   0.0460262
;

l [*,1,*]
:      1           2          3        :=
1   0.906219   -0.744894   0.527887
2   1.24129     0.278341   0.175629
3   0.514242    0.764912   0.893687
4   0.178012   -0.257549   1.24709

 [*,2,*]
:       1           2          3        :=
1   -0.478163   -0.777175   0.880183
2    0.69823    -0.710136   0.793942
3    0.655116    0.333689   1.04479
4   -0.521346    0.268313   1.13143

 [*,3,*]
:       1            2           3         :=
1    0.0723999   1.0312      -0.760976
2   -0.475922    0.0750786   -1.18982
3   -1.21024     0.141216    -0.399925
4   -0.663091    1.09744      0.0301729
;

np :=
1 1    1.02492
1 2   -0.00406698
1 3   -3.9554e-08
2 1   -0.0739339
2 2   -0.138193
2 3    0.887287
3 1   -0.429288
3 2    0.45546
3 3   -0.461539
;

vp :=
1 1    0.709807
1 2    0.00979497
1 3    0.711213
2 1    0.0879907
2 2   -0.221354
2 3    0.962621
3 1   -0.568995
3 2    0.586615
3 3   -0.579965
;

