solve_message = ' \
Ipopt 3.9.1: Optimal Solution Found'

Solve time:
_solve_time = 0.702005

Objective:
p :=
1 1   -0.0172035
1 2   -0.0291329
1 3   -0.0508093
2 1    0.0339591
2 2    0.00664665
2 3   -0.0124705
3 1   -0.0167548
3 2    0.0224856
3 3    0.0632798
;

phi :=
1 1   0.0899848
1 2   0.247525
1 3   0.0140537
2 1   0.0119746
2 2   0.0606754
2 3   0.0808299
3 1   0.0204733
3 2   0.00353772
3 3   0.128363
4 1   0.343658
4 2   0.0262648
4 3   0.00603144
;

l [*,1,*]
:       1           2           3        :=
1    0.289569   -1.07603    -0.500509
2    0.140968   -1.06227     0.533954
3   -0.997819   -0.703295    0.36748
4   -0.851032   -0.716476   -0.667248

 [*,2,*]
:      1           2          3        :=
1   1.08355     0.676913   0.150501
2   0.446889    0.877866   0.819375
3   0.396956   -0.395034   1.1532
4   1.03354    -0.598015   0.484861

 [*,3,*]
:       1           2          3        :=
1    0.686517   -0.104156   1.06148
2    0.483998    0.89414    0.730695
3   -0.673335    0.674467   0.778445
4   -0.472658   -0.32418    1.10931
;

np :=
1 1   -0.401054
1 2   -0.679154
1 3   -0.178325
2 1    0.906132
2 2    0.177353
2 3   -9.56739e-06
3 1   -0.12661
3 2    0.169916
3 3    0.828827
;

vp :=
1 1   -0.354519
1 2   -0.889524
1 3   -0.066993
2 1    0.740487
2 2    0.140352
2 3    0.651719
3 1    0.00621094
3 2    0.28467
3 3    0.920114
;

