solve_message = ' \
Ipopt 3.9.1: Optimal Solution Found'

Solve time:
_solve_time = 3.44762

Objective:
p :=
1 1    0.0350703
1 2   -0.000252535
1 3   -0.0245554
2 1    0.000198623
2 2    7.36274e-05
2 3    0.0649424
3 1   -0.0353498
3 2    0.000177274
3 3   -0.0403638
;

phi :=
1 1   0.0851105
1 2   0.0711597
1 3   0.147808
2 1   0.049116
2 2   0.0562257
2 3   0.0779987
3 1   0.0670656
3 2   0.0433948
3 3   0.0920328
4 1   0.112664
4 2   0.055947
4 3   0.17673
;

l [*,1,*]
:      1           2          3        :=
1   0.907717    0.743269   0.516408
2   0.198052    0.313908   1.2274
3   0.513459   -0.762105   0.892905
4   1.22363    -0.334457   0.181375

 [*,2,*]
:        1            2          3        :=
1    0.877545     -0.16988    0.919725
2    0.202355      0.79465    0.985887
3   -0.679997      0.172308   1.07361
4   -0.00621203   -0.793214   1.00759

 [*,3,*]
:       1           2           3        :=
1   -0.534968   -0.664039   -0.957316
2   -1.25139    -0.248352   -0.120306
3   -0.957891    0.765475   -0.371092
4   -0.241002    0.351403   -1.2085
;

np :=
1 1    1.0143
1 2   -0.00730378
1 3   -0.00109533
2 1    5.05797e-12
2 2   -4.67601e-13
2 3    0.993809
3 1   -1.07216
3 2    0.00537675
3 3   -0.0356079
;

vp :=
1 1    0.710997
1 2   -0.00967571
1 3    0.70424
2 1    0.0986916
2 2    0.000581367
2 3    0.996678
3 1   -0.746027
3 2    0.0509565
3 3   -0.664638
;

