solve_message = ' \
Ipopt 3.9.1: Optimal Solution Found'

Solve time:
_solve_time = 0.483603

Objective:
p :=
1 1   -0.00559866
1 2    0.0141444
1 3    0.0651037
2 1   -0.00537088
2 2   -0.0346821
2 3   -0.000223363
3 1    0.0109695
3 2    0.0205376
3 3   -0.0648803
;

phi :=
1 1   0.0313716
1 2   0.0117254
1 3   0.00922361
2 1   0.20747
2 2   0.0174777
2 3   0.0201287
3 1   0.100559
3 2   0.156602
3 3   0.198153
4 1   0.00767909
4 2   0.133853
4 3   0.135075
;

l [*,1,*]
:       1           2          3        :=
1    0.88733     0.211995   0.904103
2   -0.312403    0.697782   1.02924
3   -0.666499   -0.186936   1.07803
4    0.53267    -0.674132   0.952968

 [*,2,*]
:       1            2           3         :=
1    0.650673    -1.09167     0.0152556
2    0.0256684   -1.01375     0.767085
3   -0.936562    -0.858911   -0.0476362
4   -0.31309     -0.936585   -0.800763

 [*,3,*]
:      1           2           3        :=
1   1.18465    -0.239911    0.417216
2   0.936009   -0.790832   -0.369587
3   0.70975     0.260435   -1.03511
4   0.958027    0.813031   -0.249365
;

np :=
1 1   -0.00107832
1 2    0.00272418
1 3    1.01122
2 1   -0.155983
2 2   -1.00725
2 3   -5.65809e-18
3 1    0.0271633
3 2    0.0508577
3 3   -0.987182
;

vp :=
1 1    0.110752
1 2    0.0119834
1 3    0.991034
2 1   -0.143079
2 2   -0.975258
2 3   -0.0168145
3 1    0.947207
3 2    0.0109009
3 3   -0.308898
;

