solve_message = ' \
Ipopt 3.9.1: Optimal Solution Found'

Solve time:
_solve_time = 1.04521

Objective:
p :=
1 1   -0.0169571
1 2   -0.0231693
1 3    0.0618891
2 1   -0.0126001
2 2    0.0324295
2 3   -0.00218812
3 1    0.0295578
3 2   -0.00926034
3 3   -0.059701
;

phi :=
1 1   0.0350887
1 2   0.0747278
1 3   0.104042
2 1   0
2 2   0.362478
2 3   0.00241792
3 1   0.0551962
3 2   0.030869
3 3   0
4 1   0.282443
4 2   0.00136288
4 3   0.0795092
;

l [*,1,*]
:       1            2          3        :=
1    0.856395    -0.419677   0.830622
2    0.0840491    0.293038   1.23705
3   -0.735981    -0.412608   0.913377
4    0.0350587   -1.12645    0.50643

 [*,2,*]
:       1           2           3        :=
1    0.394878    1.14631    -0.34802
2   -0.522332    0.958574   -0.645525
3   -0.868572    0.762171    0.556996
4    0.0480863   0.949593    0.856417

 [*,3,*]
:      1           2           3        :=
1   1.26522    -0.183623   0.0693502
2   0.720521    0.770818   0.721005
3   0.2156      0.124004   1.24988
4   0.759494   -0.831468   0.599063
;

np :=
1 1   -0.147648
1 2   -0.201738
1 3    0.709426
2 1   -0.347313
2 2    0.893894
2 3   -4.89885e-11
3 1    0.405717
3 2   -0.127109
3 3   -0.551415
;

vp :=
1 1    0.0601879
1 2   -0.416708
1 3    0.871709
2 1   -0.23662
2 2    0.954237
2 3    0.105086
3 1    0.740426
3 2   -0.0304479
3 3    0.659564
;

