solve_message = ' \
Ipopt 3.9.1: Optimal Solution Found'

Solve time:
_solve_time = 0.577204

Objective:
p :=
1 1    0.00526133
1 2   -0.0346267
1 3   -0.0127562
2 1   -0.00731559
2 2    0.000577154
2 3    0.0656714
3 1    0.00205433
3 2    0.0340495
3 3   -0.0529153
;

phi :=
1 1   0.0539163
1 2   0.039401
1 3   0.0996742
2 1   0.0767077
2 2   0.0685868
2 3   0.169908
3 1   0.150171
3 2   0.0719997
3 3   0.098863
4 1   0.106975
4 2   0.0416183
4 3   0.0573413
;

l [*,1,*]
:        1            2           3        :=
1    0.925273     -0.867992    0.181106
2    0.00397493   -1.01179     0.787981
3   -0.616673     -1.11144    -0.175933
4    0.303637     -0.9678     -0.784343

 [*,2,*]
:       1            2          3        :=
1    1.0508       0.40848    0.626533
2   -0.0422633    0.567322   1.15405
3   -0.178573    -0.461589   1.18471
4    0.914276    -0.62207    0.657242

 [*,3,*]
:       1          2           3        :=
1    0.499545   0.742397   -0.917641
2   -0.583262   0.876694   -0.733757
3   -0.36052    1.17745     0.360877
4    0.722641   1.04363     0.178737
;

np :=
1 1    0.150946
1 2   -0.993427
1 3   -1.1211e-05
2 1   -1.77549e-05
2 2    1.40072e-06
2 3    1.07458
3 1    0.0503026
3 2    0.833742
3 3   -0.23696
;

vp :=
1 1    0.15442
1 2   -0.989699
1 3    0.00196075
2 1    0.436496
2 2   -0.0270278
2 3    0.905424
3 1    0.0700326
3 2    0.959988
3 3   -0.278019
;

