solve_message = ' \
Ipopt 3.9.1: Optimal Solution Found'

Solve time:
_solve_time = 0.327602

Objective:
p :=
1 1   -0.0194435
1 2    0.012049
1 3   -0.0650668
2 1   -0.0154148
2 2   -0.0112892
2 3    0.0650432
3 1    0.0348596
3 2   -0.000760741
3 3    2.35578e-05
;

phi :=
1 1   0.077522
1 2   0.0540769
1 3   0.111117
2 1   0.188721
2 2   0.0388117
2 3   0.0506161
3 1   0.14676
3 2   0.0418181
3 3   0.0659916
4 1   0.0619364
4 2   0.0574207
4 3   0.13968
;

l [*,1,*]
:       1           2           3         :=
1   -1.12674     0.611677   -0.204414
2   -0.387581    0.408517   -1.14144
3   -0.480562   -0.62881    -0.991854
4   -1.21987    -0.427302   -0.0545878

 [*,2,*]
:       1           2          3        :=
1    0.19023     0.7091     1.0478
2   -0.827368    0.457019   0.86289
3   -0.549805   -0.705283   0.916931
4    0.468235   -0.455054   1.10193

 [*,3,*]
:      1           2          3        :=
1   0.970173    0.692912   0.465739
2   0.2055      0.300455   1.22816
3   0.45089    -0.74565    0.937092
4   1.21595    -0.35486    0.174211
;

np :=
1 1   -0.0432773
1 2    0.0268111
1 3   -1.00722
2 1   -0.0116533
2 2   -0.00853355
2 3    1.00466
3 1    0.973639
3 2   -0.0212477
3 3    8.21112e-25
;

vp :=
1 1   -0.803982
1 2   -0.00889882
1 3   -0.597701
2 1   -0.179271
2 2    0.00154554
2 3    0.982461
3 1    0.710934
3 2   -0.0266295
3 3    0.700996
;

