solve_message = ' \
Ipopt 3.9.1: Optimal Solution Found'

Solve time:
_solve_time = 0.655204

Objective:
p :=
1 1   -0.0053059
1 2   -0.00958619
1 3   -0.0647808
2 1   -0.00313772
2 2    0.0343985
2 3    0.000482923
3 1    0.00844362
3 2   -0.0248123
3 3    0.0642978
;

phi :=
1 1   0.125052
1 2   0.0370298
1 3   0.140394
2 1   0.0551434
2 2   0.0520369
2 3   0.0794547
3 1   0.0744639
3 2   0.0848099
3 3   0.058796
4 1   0.157237
4 2   0.0599572
4 3   0.111204
;

l [*,1,*]
:       1           2           3        :=
1   -0.466164   -0.683723   -0.990418
2   -0.588841    0.502187   -1.03999
3    0.478501    0.613746   -1.0375
4    0.602878   -0.571987   -0.987923

 [*,2,*]
:       1          2           3        :=
1   -0.50141    1.06544    -0.482889
2   -0.701371   0.826509    0.499539
3    0.439921   0.848576    0.734791
4    0.6417     1.08755    -0.247263

 [*,3,*]
:       1           2          3        :=
1    0.395421   -0.572916   1.04766
2    0.19691     0.459127   1.18466
3   -0.933035    0.29114    0.821975
4   -0.736324   -0.741171   0.6844
;

np :=
1 1   -0.000142584
1 2   -0.000257639
1 3   -0.976627
2 1   -0.0828264
2 2    0.908018
2 3    1.2495e-15
3 1    0.042542
3 2   -0.125009
3 3    0.92679
;

vp :=
1 1    0.00664296
1 2   -0.0354168
1 3   -1.01394
2 1   -0.0302099
2 2    0.957114
2 3    0.125653
3 1   -0.269178
3 2   -0.141366
3 3    0.934621
;

