solve_message = ' \
Ipopt 3.9.1: Optimal Solution Found'

Solve time:
_solve_time = 1.17001

Objective:
p :=
1 1    0.0185228
1 2   -0.00213269
1 3    0.0650191
2 1   -0.0115173
2 2   -0.0322053
2 3   -0.0522008
3 1   -0.00700491
3 2    0.0343381
3 3   -0.0128184
;

phi :=
1 1   0.0752344
1 2   0.0796945
1 3   0.0814127
2 1   0.0660285
2 2   0.0785176
2 3   0.109967
3 1   0.0651822
3 2   0.110995
3 3   0.104808
4 1   0.0741192
4 2   0.112718
4 3   0.0776177
;

l [*,1,*]
:      1           2          3        :=
1   1.27288     0.127451   0.110116
2   0.656539    0.71318    0.842928
3   0.206307   -0.257688   1.24066
4   0.821932   -0.844963   0.508486

 [*,2,*]
:       1           2           3        :=
1    0.1814     -1.23616     0.286173
2   -0.806633   -0.916121    0.39041
3   -0.825717   -0.591793   -0.782187
4    0.162286   -0.911315   -0.888292

 [*,3,*]
:       1           2           3        :=
1    0.447443    1.14539     0.371757
2    0.0771394   1.02113    -0.769654
3   -0.897243    0.802652   -0.430875
4   -0.528491    0.92657     0.711076
;

np :=
1 1    0.0120944
1 2   -0.0013925
1 3    1.00204
2 1   -0.286575
2 2   -0.801338
2 3   -0.215449
3 1   -0.201699
3 2    0.988731
3 3   -1.15939e-05
;

vp :=
1 1    0.739661
1 2   -0.0657388
1 3    0.675257
2 1   -0.321772
2 2   -0.913974
2 3   -0.248516
3 1   -0.225141
3 2    0.973985
3 3   -0.0289692
;

