solve_message = ' \
Ipopt 3.9.1: Optimal Solution Found'

Solve time:
_solve_time = 0.764405

Objective:
p :=
1 1    0.00646715
1 2   -0.00291829
1 3   -0.0650684
2 1   -0.000165174
2 2   -0.0318691
2 3    0.0611249
3 1   -0.006302
3 2    0.0347875
3 3    0.00394354
;

phi :=
1 1   0.0817983
1 2   0.108353
1 3   0.0667505
2 1   0.0983806
2 2   0.0732806
2 3   0.0658021
3 1   0.0691673
3 2   0.0997635
3 3   0.0897572
4 1   0.0595374
4 2   0.139044
4 3   0.0840007
;

l [*,1,*]
:       1           2           3        :=
1    0.615064    0.466393   -1.07166
2    0.216702   -0.777645   -1.08517
3   -0.795275   -0.45868    -0.959204
4   -0.398526    0.785865   -0.945497

 [*,2,*]
:       1           2           3        :=
1    0.338928   -0.0781768   1.25004
2   -0.67784    -0.284497    1.07279
3   -0.366893   -1.20096     0.329891
4    0.650371   -0.996098    0.505953

 [*,3,*]
:       1          2           3        :=
1   -0.526544   0.910456   -0.764365
2   -0.898591   0.892269    0.318398
3    0.148338   1.10699     0.682812
4    0.522052   1.12552    -0.39937
;

np :=
1 1    1.2823e-05
1 2   -5.78634e-06
1 3   -1.00739
2 1   -0.00268979
2 2   -0.518977
2 3    0.650327
3 1   -0.191253
3 2    1.05573
3 3    3.02556e-09
;

vp :=
1 1   -0.0903504
1 2    0.004479
1 3   -1.01538
2 1   -0.0134531
2 2   -0.639851
2 3    0.789739
3 1   -0.188538
3 2    1.00882
3 3   -0.0410628
;

