solve_message = ' \
Ipopt 3.9.1: Optimal Solution Found'

Solve time:
_solve_time = 0.468003

Objective:
p :=
1 1   -0.00386094
1 2    0.0343431
1 3    0.00786952
2 1   -0.00325404
2 2   -0.00221807
2 3   -0.0654991
3 1    0.00711497
3 2   -0.032125
3 3    0.0576296
;

phi :=
1 1   0.0672404
1 2   0.0722202
1 3   0.10129
2 1   0.0725882
2 2   0.0623182
2 3   0.112939
3 1   0.0974314
3 2   0.0827448
3 3   0.100403
4 1   0.0926669
4 2   0.0866539
4 3   0.0879842
;

l [*,1,*]
:       1          2           3        :=
1    0.668064   1.09427    -0.302028
2   -0.695571   1.09463    -0.322722
3   -0.715761   0.90591     0.527119
4    0.647841   0.905248    0.549166

 [*,2,*]
:       1           2           3        :=
1   -0.658316    0.432758   -1.02198
2    0.653275    0.525752   -0.981593
3    0.722321   -0.41375    -0.990504
4   -0.58916    -0.50824    -1.03091

 [*,3,*]
:       1           2           3        :=
1    0.794269   -0.527378   0.778921
2   -0.487037   -0.453854   1.01085
3   -0.658316   -1.03914    0.319708
4    0.622717   -1.11359    0.0866778
;

np :=
1 1   -0.102239
1 2    0.909419
1 3    3.8128e-07
2 1   -1.88653e-07
2 2   -1.28593e-07
2 3   -1.055
3 1    0.14033
3 2   -0.633607
3 3    0.430651
;

vp :=
1 1   -0.0233135
1 2    1.00002
1 3    0.112892
2 1    0.0315071
2 2    0.00909274
2 3   -1.00626
3 1    0.0684189
3 2   -0.783521
3 3    0.548946
;

