solve_message = ' \
Ipopt 3.9.1: Optimal Solution Found'

Solve time:
_solve_time = 0.951606

Objective:
p :=
1 1   -0.00107864
1 2   -0.0340267
1 3   -0.0492674
2 1   -0.00462824
2 2   -0.000584968
2 3    0.0650524
3 1    0.00570688
3 2    0.0346116
3 3   -0.015785
;

phi :=
1 1   0.192944
1 2   0.0385926
1 3   0.117929
2 1   0.0672238
2 2   0.0620446
2 3   0.0482093
3 1   0.0555201
3 2   0.0586629
3 3   0.05369
4 1   0.110879
4 2   0.036407
4 3   0.193705
;

l [*,1,*]
:       1           2           3        :=
1   -0.302007   -0.943604   -0.826857
2    0.726906   -0.835241   -0.601022
3    0.491546   -1.01747     0.560553
4   -0.537742   -1.12612     0.336569

 [*,2,*]
:      1           2          3        :=
1   0.947988    0.741996   0.446828
2   0.24784     0.313848   1.21575
3   0.542934   -0.740578   0.898056
4   1.24355    -0.314109   0.128628

 [*,3,*]
:       1          2           3        :=
1   -0.524234   1.01929     0.546919
2    0.706812   0.84603     0.597741
3    0.761818   0.941224   -0.39576
4   -0.46914    1.11463    -0.448165
;

np :=
1 1   -0.026102
1 2   -0.82331
1 3   -0.14372
2 1   -7.41326e-07
2 2   -9.3729e-08
2 3    1.00566
3 1    0.165272
3 2    1.00236
3 3   -4.98044e-05
;

vp :=
1 1    0.0942657
1 2   -0.980653
1 3   -0.132779
2 1    0.745858
2 2    0.000459451
2 3    0.672009
3 1    0.118324
3 2    0.980363
3 3    0.0751632
;

