solve_message = ' \
Ipopt 3.9.1: Optimal Solution Found'

Solve time:
_solve_time = 1.24801

Objective:
p :=
1 1   -0.00449697
1 2    0.00983598
1 3    0.0650375
2 1   -0.030533
2 2   -0.0098654
2 3   -0.0597164
3 1    0.03503
3 2    2.94182e-05
3 3   -0.00532112
;

phi :=
1 1   0.0563621
1 2   0.11177
1 3   0.114525
2 1   0.0391236
2 2   0.0608669
2 3   0.143344
3 1   0.043594
3 2   0.0997704
3 3   0.0657063
4 1   0.0620436
4 2   0.185986
4 3   0.0518775
;

l [*,1,*]
:       1            2          3        :=
1   -0.757299     0.71371    0.748718
2   -1.09195     -0.27511    0.615639
3   -0.0558688   -0.689167   1.08088
4    0.28043      0.298993   1.2147

 [*,2,*]
:       1           2           3        :=
1   -0.312621   -0.904907   -0.853372
2   -1.10669    -0.62843    -0.159924
3   -1.05769     0.478682   -0.544755
4   -0.263547    0.203968   -1.23882

 [*,3,*]
:      1           2          3        :=
1   1.12914    -0.537147   0.284214
2   1.06642     0.623273   0.344339
3   0.295511    0.542126   1.12399
4   0.356999   -0.618424   1.06511
;

np :=
1 1   -0.000111855
1 2    0.000244655
1 3    1.00405
2 1   -0.517952
2 2   -0.167353
2 3   -0.552411
3 1    1.00602
3 2    0.000844855
3 3   -2.46391e-08
;

vp :=
1 1   -0.406038
1 2    0.0125004
1 3    0.915036
2 1   -0.684821
2 2   -0.212782
2 3   -0.699493
3 1    0.712041
3 2    0.0019946
3 3    0.704388
;

