solve_message = ' \
Ipopt 3.9.1: Optimal Solution Found'

Solve time:
_solve_time = 0.561604

Objective:
p :=
1 1   -0.00295391
1 2    0.0349074
1 3    0.000989279
2 1   -0.0146483
2 2   -0.0216772
2 3    0.0640903
3 1    0.0176023
3 2   -0.0132303
3 3   -0.0650796
;

phi :=
1 1   0.0493576
1 2   0.148434
1 3   0.0674861
2 1   0.0489843
2 2   0.108642
2 3   0.0788489
3 1   0.0614571
3 2   0.0691548
3 3   0.13269
4 1   0.0624275
4 2   0.0912183
4 3   0.117141
;

l [*,1,*]
:       1          2           3        :=
1    0.484394   1.04948     0.554982
2    0.53552    1.0476     -0.508676
3   -0.655467   0.944849   -0.566233
4   -0.70849    0.946568    0.497333

 [*,2,*]
:       1           2          3        :=
1   -0.463296   -0.849678   0.832972
2    0.652198   -0.617912   0.909775
3    0.415405    0.455653   1.12676
4   -0.700466    0.225597   1.05031

 [*,3,*]
:        1            2           3        :=
1   -0.00361226    0.739749   -1.06292
2    0.970706      0.185451   -0.835911
3    0.431876     -0.798854   -0.922208
4   -0.543301     -0.246123   -1.14935
;

np :=
1 1   -0.0848639
1 2    1.00287
1 3    1.89164e-13
2 1   -0.0730102
2 2   -0.108044
2 3    0.906052
3 1    0.0311889
3 2   -0.0234422
3 3   -1.0086
;

vp :=
1 1   -0.0860317
1 2    0.997123
1 3   -0.00522462
2 1   -0.0244843
2 2   -0.196677
2 3    0.979924
3 1    0.213529
3 2   -0.0297238
3 3   -0.992687
;

