solve_message = ' \
Ipopt 3.9.1: Optimal Solution Found'

Solve time:
_solve_time = 1.32601

Objective:
p :=
1 1   -0.0347548
1 2    0.00370826
1 3   -0.000188937
2 1    0.0154414
2 2   -0.0165603
2 3    0.0648391
3 1    0.0193133
3 2    0.012852
3 3   -0.0646502
;

phi :=
1 1   0.0662149
1 2   0.147698
1 3   0.0789976
2 1   0.0553695
2 2   0.0760991
2 3   0.108931
3 1   0.0469226
3 2   0.0878837
3 3   0.0847772
4 1   0.0599186
4 2   0.167151
4 3   0.0555657
;

l [*,1,*]
:       1           2           3        :=
1   -0.441385   -0.484543   -1.10421
2   -1.13189    -0.475702   -0.358975
3   -0.997107    0.754389   -0.247863
4   -0.306383    0.747507   -0.992918

 [*,2,*]
:       1           2          3        :=
1    0.562303    0.574915   0.996953
2   -0.612548    0.577237   0.965119
3   -0.616772   -0.509683   1.00581
4    0.558072   -0.513736   1.03771

 [*,3,*]
:       1           2            3        :=
1    0.254285    0.753141    -1.02885
2    0.893851   -0.0524587   -0.91643
3   -0.061389   -0.820805    -0.959168
4   -0.702476   -0.0164288   -1.07166
;

np :=
1 1   -0.984864
1 2    0.105083
1 3   -1.75278e-18
2 1    0.0323373
2 2   -0.0346776
2 3    0.982802
3 1    0.0467622
3 2    0.0311139
3 3   -0.962929
;

vp :=
1 1   -0.718917
1 2    0.13541
1 3   -0.676288
2 1   -0.0267682
2 2    0.0321821
2 3    1.00141
3 1    0.0958127
3 2   -0.033817
3 3   -0.994072
;

