solve_message = ' \
Ipopt 3.9.1: Optimal Solution Found'

Solve time:
_solve_time = 1.02961

Objective:
p :=
1 1   -0.0325615
1 2    0.00164766
1 3    0.0584996
2 1   -0.00198479
2 2   -0.00528981
2 3   -0.0653033
3 1    0.0345442
3 2    0.00364096
3 3    0.00676482
;

phi :=
1 1   0.0131319
1 2   0.0919399
1 3   0.0142019
2 1   0.0859973
2 2   0.239126
2 3   0.111381
3 1   0.102917
3 2   0.140575
3 3   0.142031
4 1   0.0227307
4 2   0.0374374
4 3   0.0288212
;

l [*,1,*]
:       1           2          3        :=
1   1.10769      0.536291   0.315888
2   0.0691001    0.568811   1.11306
3   0.10177     -0.356179   1.19663
4   1.14041     -0.390173   0.399583

 [*,2,*]
:       1           2           3        :=
1    0.48122    -0.713638   -0.951958
2   -0.610139   -0.374954   -1.06815
3   -0.281455    0.691452   -1.0475
4    0.810428    0.354467   -0.931273

 [*,3,*]
:      1           2          3        :=
1   1.13678     0.552994   0.260288
2   0.141539    0.721021   0.976268
3   0.116658   -0.252264   1.17479
4   1.11185    -0.421841   0.459131
;

np :=
1 1   -0.607835
1 2    0.0307573
1 3    0.478274
2 1   -1.00304e-06
2 2   -2.67372e-06
2 3   -1.03313
3 1    0.943075
3 2    0.0994
3 3    1.13432e-07
;

vp :=
1 1    0.605155
1 2    0.0896744
1 3    0.755972
2 1    0.100449
2 2   -0.0108028
2 3   -0.999675
3 1    0.627103
3 2    0.14991
3 3    0.717335
;

