solve_message = ' \
Ipopt 3.9.1: Optimal Solution Found'

Solve time:
_solve_time = 0.967206

Objective:
p :=
1 1   -0.0189304
1 2    0.028759
1 3   -0.033819
2 1    0.0338644
2 2   -0.00646719
2 3   -0.0308555
3 1   -0.014934
3 2   -0.0222918
3 3    0.0646745
;

phi :=
1 1   0.331991
1 2   0.193915
1 3   0.0308237
2 1   0.0804238
2 2   0.00783166
2 3   0
3 1   0.00167814
3 2   0.00259374
3 3   0.0326734
4 1   0.0672514
4 2   0.133715
4 3   0.146661
;

l [*,1,*]
:       1          2           3        :=
1   -0.691797   0.5918     -0.870282
2   -1.11113    0.630401    0.131831
3   -0.136116   1.13911     0.524835
4    0.284768   1.10132    -0.476652

 [*,2,*]
:      1           2          3        :=
1   1.23017    -0.378281   0.120034
2   0.846311    0.756765   0.591626
3   0.256497    0.302101   1.21134
4   0.639418   -0.833669   0.740735

 [*,3,*]
:       1            2          3        :=
1    0.681887    -0.190761   1.06916
2   -0.0469589    0.780016   0.98706
3   -0.873896     0.153832   0.908693
4   -0.146367    -0.817941   0.990669
;

np :=
1 1   -0.490146
1 2    0.744628
1 3   -0.0102532
2 1    0.883899
2 2   -0.168801
2 3   -0.0053935
3 1   -0.0866185
3 2   -0.129294
3 3    0.965471
;

vp :=
1 1   -0.413401
1 2    0.865641
1 3   -0.172966
2 1    0.743252
2 2   -0.0387236
2 3    0.665746
3 1   -0.0960437
3 2   -0.0191006
3 3    0.988928
;

