solve_message = ' \
Ipopt 3.9.1: Optimal Solution Found'

Solve time:
_solve_time = 0.514803

Objective:
p :=
1 1   -0.00164105
1 2    0.0349516
1 3    0.00434923
2 1    0.02775
2 2   -0.0184701
2 3    0.0570681
3 1   -0.0261091
3 2   -0.0164819
3 3   -0.0614173
;

phi :=
1 1   0.0735801
1 2   0.0988051
1 3   0.093266
2 1   0.0781739
2 2   0.105251
2 3   0.0829428
3 1   0.0908482
3 2   0.0873451
3 3   0.0742714
4 1   0.0863774
4 2   0.0816093
4 3   0.083875
;

l [*,1,*]
:       1          2           3        :=
1    0.50696    1.0234     -0.58768
2   -0.58976    0.9802     -0.577056
3   -0.579177   0.979576    0.588404
4    0.517559   1.02278     0.579636

 [*,2,*]
:       1           2            3         :=
1   0.60792      0.0420365   1.12986
2   0.0213028   -0.926978    0.895537
3   0.658969    -1.09908     0.00659511
4   1.2466      -0.130338    0.239501

 [*,3,*]
:       1            2           3        :=
1   -0.885311    -0.89133    -0.247097
2   -1.14844      0.181664   -0.531362
3   -0.287905     0.186256   -1.28156
4   -0.0234043   -0.886732   -0.998493
;

np :=
1 1   -0.0468078
1 2    0.996927
1 3    6.00389e-09
2 1    0.591795
2 2   -0.393891
2 3    0.402123
3 1   -0.351609
3 2   -0.221961
3 3   -0.672421
;

vp :=
1 1   -0.0356673
1 2    1.00151
1 3    0.000822318
2 1    0.633932
2 2   -0.528203
2 3    0.567966
3 1   -0.58616
3 2   -0.352963
3 3   -0.764516
;

