solve_message = ' \
Ipopt 3.9.1: Optimal Solution Found'

Solve time:
_solve_time = 0.514803

Objective:
p :=
1 1   -0.0307962
1 2   -0.0095773
1 3   -0.0590824
2 1    0.00802786
2 2    0.0341828
2 3    0.00390282
3 1    0.022768
3 2   -0.024606
3 3    0.0551796
;

phi :=
1 1   0.0693415
1 2   0.113872
1 3   0.0642168
2 1   0.0897808
2 2   0.0819084
2 3   0.0773836
3 1   0.0941427
3 2   0.0765974
3 3   0.105023
4 1   0.0721643
4 2   0.105598
4 3   0.0865008
;

l [*,1,*]
:       1            2            3        :=
1   -0.0530255   -0.864272    -0.944785
2   -0.847034    -0.955396    -0.136416
3   -1.23291      0.0765778   -0.397605
4   -0.439516     0.169345    -1.20639

 [*,2,*]
:       1          2            3         :=
1    0.208447   0.956925    0.824784
2    1.0105     0.782893    0.0531198
3    0.259495   0.987405   -0.774656
4   -0.543757   1.16176    -0.00430995

 [*,3,*]
:       1           2           3        :=
1    0.744579   -0.973925   -0.3458
2    1.1581     -0.271207    0.501091
3    0.31134    -0.529957    1.13052
4   -0.103524   -1.23309     0.284627
;

np :=
1 1   -0.538621
1 2   -0.167506
1 3   -0.512643
2 1    0.233838
2 2    0.995685
2 3    2.81356e-09
3 1    0.502289
3 2   -0.542838
3 3    0.317729
;

vp :=
1 1   -0.642805
1 2   -0.3934
1 3   -0.671621
2 1    0.233352
2 2    0.972316
2 3    0.0250418
3 1    0.527458
3 2   -0.752324
3 3    0.392271
;

