solve_message = ' \
Ipopt 3.9.1: Optimal Solution Found'

Solve time:
_solve_time = 0.421203

Objective:
p :=
1 1   -0.00445181
1 2   -0.0345957
1 3   -0.0108391
2 1    0.00852093
2 2    0.000824202
2 3    0.0647909
3 1   -0.00406911
3 2    0.0337715
3 3   -0.0539517
;

phi :=
1 1   0.062671
1 2   0.0633578
1 3   0.0844694
2 1   0.119192
2 2   0.0660207
2 3   0.137681
3 1   0.123301
3 2   0.0599045
3 3   0.119501
4 1   0.0774065
4 2   0.0595027
4 3   0.0636704
;

l [*,1,*]
:       1           2           3        :=
1    0.31195    -1.05241     0.621132
2   -0.725724   -1.00434     0.410575
3   -0.488294   -0.918338   -0.760125
4    0.549758   -0.966273   -0.551433

 [*,2,*]
:      1           2          3        :=
1   1.08148     0.602176   0.34564
2   0.26436     0.49763    1.15614
3   0.331967   -0.607441   1.08361
4   1.14919    -0.504655   0.272998

 [*,3,*]
:       1          2           3        :=
1    0.481997   0.824785   -0.814106
2   -0.61595    0.747157   -0.812974
3   -0.637812   1.04182     0.303995
4    0.4601     1.11991     0.304642
;

np :=
1 1   -0.124622
1 2   -0.968454
1 3   -3.58561e-06
2 1    5.21264e-05
2 2    5.0421e-06
2 3    0.977693
3 1   -0.0979729
3 2    0.813125
3 3   -0.271421
;

vp :=
1 1   -0.0876638
1 2   -0.98536
1 3   -0.069879
2 1    0.707075
2 2   -0.00303147
2 3    0.714273
3 1   -0.0774787
3 2    0.933449
3 3   -0.254611
;

