solve_message = ' \
Ipopt 3.9.1: Optimal Solution Found'

Solve time:
_solve_time = 0.780005

Objective:
p :=
1 1   -0.00466174
1 2    0.0346374
1 3   -0.000239709
2 1    0.0160906
2 2   -0.013906
2 3   -0.0652529
3 1   -0.0114274
3 2   -0.0207322
3 3    0.0654926
;

phi :=
1 1   0.0476962
1 2   0.160606
1 3   0.0517987
2 1   0.0511623
2 2   0.125417
2 3   0.0597316
3 1   0.0491553
3 2   0.058826
3 3   0.160802
4 1   0.0514731
4 2   0.0767143
4 3   0.135393
;

l [*,1,*]
:       1          2           3        :=
1   -0.736336   0.905844    0.530812
2    0.392468   1.07223     0.587818
3    0.448872   1.0796     -0.531796
4   -0.679842   0.913225   -0.590586

 [*,2,*]
:       1           2           3        :=
1    0.329386   -0.56565    -1.09955
2   -0.799998   -0.553507   -0.831972
3   -0.79227     0.548066   -0.843977
4    0.337127    0.537678   -1.11158

 [*,3,*]
:       1           2          3        :=
1    0.555993    0.756389   0.914156
2   -0.411576    0.553588   1.15341
3   -0.159598   -0.673828   1.12259
4    0.808372   -0.472982   0.883279
;

np :=
1 1   -0.132049
1 2    0.981143
1 3   -9.27678e-18
2 1    0.023116
2 2   -0.0199887
2 3   -1.02756
3 1   -0.0312079
3 2   -0.0566524
3 3    1.05427
;

vp :=
1 1   -0.144159
1 2    0.992661
1 3   -0.000961183
2 1   -0.230989
2 2   -0.00835765
2 3   -0.971877
3 1    0.198683
3 2    0.0408723
3 3    1.01826
;

