solve_message = ' \
Ipopt 3.9.1: Optimal Solution Found'

Solve time:
_solve_time = 2.15281

Objective:
p :=
1 1    0.00707124
1 2    0.0013133
1 3    0.0645936
2 1    0.000880552
2 2    0.032524
2 3   -0.0590592
3 1   -0.00795146
3 2   -0.0338376
3 3   -0.00553898
;

phi :=
1 1   0.112837
1 2   0.00763156
1 3   0
2 1   0.0945646
2 2   0.343223
2 3   0.00307846
3 1   0.139172
3 2   0.00885217
3 3   0.0977298
4 1   0.0999223
4 2   0.051345
4 3   0.0904598
;

l [*,1,*]
:       1           2          3        :=
1    0.209546    0.756109   1.02177
2   -0.852119    0.142633   0.951752
3   -0.33858    -0.753434   0.983217
4    0.723903   -0.141384   1.05329

 [*,2,*]
:        1           2           3         :=
1    0.900829     0.667827   -0.54065
2    0.218303     0.377409   -1.21018
3   -0.683172     0.849057   -0.57371
4   -0.00208124   1.14023     0.0968335

 [*,3,*]
:       1           2           3        :=
1    0.465386   -0.871413    0.599892
2   -0.532687   -0.745748    0.735596
3   -0.714204   -1.01495    -0.364319
4    0.283581   -1.14104    -0.501774
;

np :=
1 1    1.52113e-05
1 2    2.82521e-06
1 3    0.957043
2 1    0.0162351
2 2    0.599658
2 3   -0.511233
3 1   -0.21797
3 2   -0.927575
3 3   -3.22866e-08
;

vp :=
1 1   -0.0638892
1 2    0.00122511
1 3    1.00254
2 1    0.108742
2 2    0.758746
2 3   -0.55666
3 1   -0.124083
3 2   -0.943338
3 3    0.117294
;

