solve_message = ' \
Ipopt 3.9.1: Optimal Solution Found'

Solve time:
_solve_time = 0.702005

Objective:
p :=
1 1    0.00520963
1 2   -0.00708683
1 3   -0.065038
2 1   -0.00681364
2 2    0.0343532
2 3    0.00075617
3 1    0.00160399
3 2   -0.0272663
3 3    0.0642818
;

phi :=
1 1   0.0541759
1 2   0.0367255
1 3   0.00348753
2 1   0.00212731
2 2   0.2293
2 3   0.0658093
3 1   0.0493224
3 2   0.0957095
3 3   0.224869
4 1   0.209718
4 2   0.00874054
4 3   0.0493817
;

l [*,1,*]
:      1           2           3        :=
1   0.719142    0.538562   -0.915692
2   1.14375     0.556917    0.154281
3   1.13994    -0.555281    0.174508
4   0.715325   -0.575407   -0.895432

 [*,2,*]
:       1          2           3        :=
1    0.359216   1.08739    -0.575302
2   -0.732881   0.859265   -0.603846
3   -0.765016   0.87183     0.543319
4    0.327031   1.09998     0.57369

 [*,3,*]
:       1           2          3        :=
1    0.701195    0.556773   0.927657
2   -0.342292    0.286069   1.21333
3   -0.116049   -0.827077   1.00096
4    0.927798   -0.558147   0.714948
;

np :=
1 1    3.74864e-05
1 2   -5.09934e-05
1 3   -1.0041
2 1   -0.195425
2 2    0.985302
2 3    2.88364e-14
3 1    0.0103511
3 2   -0.17596
3 3    0.925177
;

vp :=
1 1    0.929372
1 2   -0.00880987
1 3   -0.37101
2 1   -0.202477
2 2    0.979707
2 3   -0.015523
3 1    0.293079
3 2   -0.135488
3 3    0.964109
;

