solve_message = ' \
Ipopt 3.9.1: Optimal Solution Found'

Solve time:
_solve_time = 1.21681

Objective:
p :=
1 1   -0.00980136
1 2   -0.033739
1 3   -0.00219112
2 1   -0.0206659
2 2    0.0252558
2 3   -0.0572287
3 1    0.0304709
3 2    0.0084845
3 3    0.0594198
;

phi :=
1 1   0.0770931
1 2   0.188756
1 3   0.0844008
2 1   0.0576052
2 2   0.137802
2 3   0.0725338
3 1   0.0989317
3 2   0.0240024
3 3   0.107157
4 1   0.0854608
4 2   0.0220077
4 3   0.0851104
;

l [*,1,*]
:       1            2           3         :=
1   -0.974561    -0.828586    0.0914782
2   -0.376625    -1.02444    -0.699356
3    0.624335    -1.09485     0.0594141
4    0.0279937   -0.899109    0.851457

 [*,2,*]
:       1          2           3        :=
1   -0.299767   0.410805   -1.21334
2   -1.15867    0.573147   -0.327418
3   -0.490118   1.14555     0.220531
4    0.369851   0.98412    -0.664514

 [*,3,*]
:       1           2           3        :=
1   0.86933      0.948342    0.144081
2   0.0913059    0.696826    1.07671
3   0.506089    -0.243996    1.17454
4   1.28477      0.0060202   0.242065
;

np :=
1 1   -0.286524
1 2   -0.986294
1 3   -4.94562e-11
2 1   -0.387922
2 2    0.474073
2 3   -0.410111
3 1    0.474254
3 2    0.132054
3 3    0.533487
;

vp :=
1 1   -0.174952
1 2   -0.961667
1 3    0.0760636
2 1   -0.394334
2 2    0.778341
2 3   -0.496537
3 1    0.688185
3 2    0.351898
3 3    0.658978
;

