solve_message = ' \
Ipopt 3.9.1: Optimal Solution Found'

Solve time:
_solve_time = 3.49442

Objective:
p :=
1 1    0.0344998
1 2   -0.0056591
1 3   -0.00687521
2 1   -0.0144829
2 2   -0.0193298
2 3    0.0647233
3 1   -0.0200167
3 2    0.024989
3 3   -0.057848
;

phi :=
1 1   0.179141
1 2   0.0555918
1 3   0.289073
2 1   0.0698062
2 2   0.134154
2 3   0.0583503
3 1   0.0230308
3 2   0.040976
3 3   0.0305361
4 1   0.0476117
4 2   0.0205493
4 3   0.085461
;

l [*,1,*]
:      1           2          3        :=
1   0.997495   -0.735725   0.312489
2   1.25495     0.189376   0.167493
3   0.425664    0.564952   1.07649
4   0.166885   -0.35955    1.22294

 [*,2,*]
:       1            2           3        :=
1   -0.888158    0.00945204   0.919062
2   -0.289466   -0.844684     0.915916
3    0.699577   -0.151721     1.05916
4    0.102461    0.703519     1.06254

 [*,3,*]
:       1          2           3         :=
1   -0.720866   0.316349   -1.02506
2   -1.04319    0.709328   -0.192963
3    0.10852    1.15878     0.0324718
4    0.43268    0.766521   -0.799267
;

np :=
1 1    0.979108
1 2   -0.160606
1 3   -1.48117e-07
2 1   -0.0446851
2 2   -0.0596394
2 3    0.970574
3 1   -0.335145
3 2    0.418387
3 3   -0.442209
;

vp :=
1 1    0.711147
1 2   -0.0856052
1 3    0.694912
2 1   -0.0941346
2 2   -0.0705178
2 3    0.989171
3 1   -0.305585
3 2    0.737589
3 3   -0.496536
;

