solve_message = ' \
Ipopt 3.9.1: Optimal Solution Found'

Solve time:
_solve_time = 1.04521

Objective:
p :=
1 1   -0.0208341
1 2   -0.001202
1 3   -0.0653649
2 1    0.035023
2 2   -0.000356549
2 3    0.000310144
3 1   -0.0141889
3 2    0.00155854
3 3    0.0650547
;

phi :=
1 1   0.066577
1 2   0.0723296
1 3   0.102189
2 1   0.103554
2 2   0.0704334
2 3   0.0970549
3 1   0.115934
3 2   0.0735437
3 3   0.0884095
4 1   0.07571
4 2   0.0757994
4 3   0.093262
;

l [*,1,*]
:       1           2           3        :=
1    1.18144    -0.224458   -0.449026
2    0.183717   -0.647834   -1.09483
3   -0.118204    0.28892    -1.24549
4    0.879042    0.713788   -0.599929

 [*,2,*]
:      1           2           3        :=
1   0.637294    0.785628    0.788135
2   0.145761   -0.0504177   1.27278
3   0.781781   -0.800993    0.62445
4   1.27433     0.0338574   0.138773

 [*,3,*]
:       1           2            3        :=
1   -1.22524     0.0914131   -0.361615
2   -0.992113   -0.783274     0.210512
3   -0.630193   -0.0965405    1.11391
4   -0.862746    0.77924      0.543222
;

np :=
1 1   -0.0267418
1 2   -0.00154308
1 3   -1.03996
2 1    1.00493
2 2   -0.0102306
2 3    5.62968e-17
3 1   -0.00186462
3 2    0.000204817
3 3    1.00591
;

vp :=
1 1    0.531897
1 2    0.0327728
1 3   -0.847062
2 1    0.709987
2 2   -0.0076484
2 3    0.705841
3 1   -0.927666
3 2   -0.00194149
3 3    0.37628
;

