solve_message = ' \
Ipopt 3.9.1: Optimal Solution Found'

Solve time:
_solve_time = 0.499203

Objective:
p :=
1 1   -0.00371637
1 2   -0.0352984
1 3    1.83987e-05
2 1    0.00273009
2 2    0.0170493
2 3   -0.0658489
3 1    0.000985042
3 2    0.0182371
3 3    0.0658299
;

phi :=
1 1   0.041268
1 2   0.132145
1 3   0.243804
2 1   0.0224052
2 2   0.14755
2 3   0.116961
3 1   0.0657959
3 2   0.056681
3 3   0.0169362
4 1   0.0894151
4 2   0.0374784
4 3   0.0614832
;

l [*,1,*]
:       1           2           3        :=
1    0.397853   -1.12526     0.559913
2   -0.596729   -0.989816    0.724113
3   -0.805511   -0.946607   -0.525513
4    0.188738   -1.08198    -0.691703

 [*,2,*]
:       1           2            3        :=
1   -0.997602    0.807115    -0.157749
2   -0.888407    0.0353329   -0.933773
3   -0.984956   -0.796607    -0.12414
4   -1.09431    -0.0261503    0.653174

 [*,3,*]
:      1           2          3        :=
1   1.12544     0.534317   0.21725
2   0.303021    0.461938   1.14536
3   0.33726    -0.546404   1.09793
4   1.15974    -0.475631   0.169741
;

np :=
1 1   -0.115488
1 2   -1.09691
1 3    7.73399e-27
2 1    0.00112403
2 2    0.00701689
2 3   -1.09508
3 1    0.000567605
3 2    0.0105162
3 3    1.09287
;

vp :=
1 1   -0.203516
1 2   -1.03597
1 3    0.0166366
2 1   -0.991361
2 2    0.00522979
2 3   -0.140313
3 1    0.731693
3 2   -0.00641648
3 3    0.657201
;

