solve_message = ' \
Ipopt 3.9.1: Optimal Solution Found'

Solve time:
_solve_time = 1.59121

Objective:
p :=
1 1   -0.00520545
1 2   -0.0344605
1 3   -0.0461967
2 1    0.0115984
2 2    0.000526575
2 3    0.0653292
3 1   -0.00639296
3 2    0.033934
3 3   -0.0191325
;

phi :=
1 1   0.0709585
1 2   0.0616177
1 3   0.091427
2 1   0.136465
2 2   0.0485754
2 3   0.14973
3 1   0.119224
3 2   0.0554012
3 3   0.101112
4 1   0.0665506
4 2   0.069785
4 3   0.0649233
;

l [*,1,*]
:       1           2           3        :=
1   -0.630267   -0.920419    0.602223
2   -0.73876    -0.886343   -0.538424
3    0.355361   -1.07986    -0.64922
4    0.465597   -1.11424     0.491251

 [*,2,*]
:      1           2          3        :=
1   0.958877    0.704865   0.481539
2   0.159118    0.193621   1.25768
3   0.448368   -0.746539   0.938585
4   1.24859    -0.236792   0.16194

 [*,3,*]
:       1           2           3         :=
1    0.587518    1.15651    -0.117487
2   -0.36211     0.93504    -0.796287
3   -0.962503    0.807771    0.0842425
4   -0.0138309   1.02904     0.764445
;

np :=
1 1   -0.14498
1 2   -0.95978
1 3   -0.0915911
2 1    0.000441566
2 2    2.00471e-05
2 3    1.03599
3 1   -0.168451
3 2    0.89414
3 3   -0.000191375
;

vp :=
1 1   -0.136973
1 2   -1.00023
1 3   -0.0230882
2 1    0.704056
2 2   -0.0210079
2 3    0.709626
3 1   -0.187353
3 2    0.98218
3 3   -0.0160009
;

