solve_message = ' \
Ipopt 3.9.1: Optimal Solution Found'

Solve time:
_solve_time = 1.40401

Objective:
p :=
1 1   -0.000625455
1 2   -0.0309786
1 3    0.0610103
2 1    0.00358365
2 2    0.0352824
2 3    0.00398377
3 1   -0.00295819
3 2   -0.00430383
3 3   -0.064994
;

phi :=
1 1   0.0769821
1 2   0.0606688
1 3   0.0534266
2 1   0.130874
2 2   0.0462871
2 3   0.138595
3 1   0.121396
3 2   0.0862898
3 3   0.102592
4 1   0.0680177
4 2   0.096395
4 3   0.0502002
;

l [*,1,*]
:       1            2           3        :=
1   -0.687061   -0.742013     0.786926
2    0.438896   -1.13457      0.362531
3    0.880125   -0.398229     0.856541
4   -0.245129   -0.00450063   1.28172

 [*,2,*]
:       1          2           3        :=
1   -0.41765    1.06838    -0.573609
2   -0.695091   1.03202     0.350096
3    0.57111    0.90499     0.728976
4    0.850567   0.941146   -0.194125

 [*,3,*]
:       1            2            3        :=
1   -0.788781    0.820693     -0.590458
2   -0.108673    0.0674699    -1.27592
3   -0.588068   -0.749013     -0.856435
4   -1.26894     0.00291018   -0.1703
;

np :=
1 1   -0.00860242
1 2   -0.426075
1 3    0.64184
2 1    0.110808
2 2    1.09095
2 3    3.24835e-09
3 1   -9.328e-07
3 2   -1.35711e-06
3 3   -0.999357
;

vp :=
1 1    0.0962591
1 2   -0.569671
1 3    0.8221
2 1    0.0773449
2 2    0.986647
2 3    0.0774664
3 1   -0.688886
3 2    0.035815
3 3   -0.723006
;

