solve_message = ' \
Ipopt 3.9.1: Optimal Solution Found'

Solve time:
_solve_time = 1.37281

Objective:
p :=
1 1    0.00679779
1 2    0.00233724
1 3    0.0650189
2 1   -0.00763885
2 2   -0.0340417
2 3   -0.00475933
3 1    0.000841063
3 2    0.0317045
3 3   -0.0602596
;

phi :=
1 1   0.0899299
1 2   0.063114
1 3   0.0944725
2 1   0.0996645
2 2   0.0766278
2 3   0.0898912
3 1   0.0870407
3 2   0.0700602
3 3   0.102536
4 1   0.0788245
4 2   0.0644357
4 3   0.119933
;

l [*,1,*]
:       1           2          3        :=
1    0.492603   -0.60791    1.0161
2    0.549885    0.579944   1.00104
3   -0.521249    0.632584   0.984385
4   -0.580237   -0.555186   0.999424

 [*,2,*]
:       1           2           3        :=
1   -0.907993   -0.777119   -0.49091
2    0.157342   -0.972183   -0.77826
3    0.483205   -1.16367     0.253734
4   -0.581612   -0.968913    0.542728

 [*,3,*]
:       1          2           3        :=
1   -0.698627   0.443464   -0.977961
2   -0.422284   1.15388    -0.338962
3    0.786934   0.854417   -0.528585
4    0.512517   0.14352    -1.16789
;

np :=
1 1    1.45772e-05
1 2    5.01199e-06
1 3    1.00204
2 1   -0.214106
2 2   -0.954138
2 3   -1.12831e-08
3 1    0.0133043
3 2    0.501516
3 3   -0.588559
;

vp :=
1 1   -0.014773
1 2    0.0118845
1 3    1.00024
2 1   -0.212689
2 2   -0.970394
2 3   -0.118062
3 1    0.0445253
3 2    0.648538
3 3   -0.753603
;

