solve_message = ' \
Ipopt 3.9.1: Optimal Solution Found'

Solve time:
_solve_time = 0.452403

Objective:
p :=
1 1    0.00514088
1 2   -0.0169918
1 3    0.0649684
2 1   -0.0168249
2 2   -0.0158819
2 3   -0.0644578
3 1    0.0116841
3 2    0.0328736
3 3   -0.000510604
;

phi :=
1 1   0.126603
1 2   0.0151807
1 3   0.0629785
2 1   0.259305
2 2   0.119735
2 3   0.0105989
3 1   0.0445445
3 2   0.179481
3 3   0.0264066
4 1   0.0173551
4 2   0.01835
4 3   0.148183
;

l [*,1,*]
:       1            2          3        :=
1   -1.14601      0.4144     0.387715
2   -0.997339    -0.637536   0.486396
3   -0.0608759   -0.437505   1.20036
4   -0.208051     0.614749   1.10282

 [*,2,*]
:      1           2            3        :=
1   0.907181    0.0265093    0.852771
2   0.969861   -0.827199    -0.131882
3   1.06547    -0.115732    -0.745477
4   1.00294     0.739109     0.238199

 [*,3,*]
:       1          2           3         :=
1   -0.350388   1.23098    -0.0886458
2    0.22051    0.89013     0.869586
3    1.07295    0.598571    0.258096
4    0.503414   0.938952   -0.70111
;

np :=
1 1    0.00250101
1 2   -0.00826644
1 3    0.996599
2 1   -0.0401144
2 2   -0.0378661
2 3   -0.943047
3 1    0.327485
3 2    0.921393
3 3   -1.84585e-15
;

vp :=
1 1   -0.603127
1 2   -0.0110537
1 3    0.794282
2 1    0.986337
2 2   -0.0439879
2 3    0.053795
3 1    0.361396
3 2    0.914793
3 3    0.0840995
;

