solve_message = ' \
Ipopt 3.9.1: Optimal Solution Found'

Solve time:
_solve_time = 0.483603

Objective:
p :=
1 1    0.00807262
1 2    0.00275591
1 3    0.0657985
2 1   -0.00695381
2 2   -0.0342446
2 3   -0.00638746
3 1   -0.00111882
3 2    0.0314887
3 3   -0.0594111
;

phi :=
1 1   0.0807784
1 2   0.121398
1 3   0.1041
2 1   0.0316983
2 2   0.0427124
2 3   0.0460134
3 1   0.0569794
3 2   0.0430722
3 3   0.086357
4 1   0.128274
4 2   0.105701
4 3   0.189504
;

l [*,1,*]
:       1            2           3        :=
1   -0.695099     0.79703     0.717157
2   -1.24277      0.0599584   0.308222
3   -0.509735    -0.793002    0.868751
4    0.0390996   -0.057289    1.27858

 [*,2,*]
:       1           2           3        :=
1    0.242986   -1.0394      0.746803
2   -0.852874   -0.814289    0.4721
3   -0.61887    -0.843429   -0.661248
4    0.477363   -1.06859    -0.38835

 [*,3,*]
:       1           2           3        :=
1    0.364171   0.0838073   -1.23121
2   -0.773617   0.321345    -0.976502
3   -0.463964   1.14504     -0.358802
4    0.674317   0.908819    -0.612524
;

np :=
1 1    4.83341e-05
1 2    1.65009e-05
1 3    1.08923
2 1   -0.196762
2 2   -0.968971
2 3   -8.84849e-08
3 1   -0.0170157
3 2    0.478902
3 3   -0.532939
;

vp :=
1 1   -0.601907
1 2    0.00196775
1 3    0.79334
2 1   -0.187412
2 2   -0.941517
2 3    0.0424354
3 1   -0.0493196
3 2    0.61466
3 3   -0.79486
;

