solve_message = ' \
Ipopt 3.9.1: Optimal Solution Found'

Solve time:
_solve_time = 0.702005

Objective:
p :=
1 1   -0.00310997
1 2   -0.000130192
1 3    0.0644475
2 1    0.00329925
2 2   -0.0351636
2 3   -0.0292509
3 1   -0.000196318
3 2    0.0352919
3 3   -0.0351966
;

phi :=
1 1   0.0389821
1 2   0.0861679
1 3   0.156797
2 1   0.0476986
2 2   0.180779
2 3   0.156118
3 1   0.045839
3 2   0.100148
3 3   0.0674813
4 1   0.0378842
4 2   0.048542
4 3   0.0683751
;

l [*,1,*]
:       1            2          3        :=
1    0.550644     0.773571   0.869166
2   -0.0863229    0.334577   1.22748
3    0.476056    -0.855844   0.792712
4    1.11392     -0.418746   0.433707

 [*,2,*]
:       1           2           3        :=
1   -0.392515   -1.05405     0.668715
2   -0.47351    -1.13694    -0.482528
3    0.636228   -1.00415    -0.570107
4    0.718991   -0.921045    0.580996

 [*,3,*]
:       1          2           3         :=
1    0.168395   0.979938   -0.817454
2   -0.792223   1.02363     0.0389395
3   -0.146898   1.03362     0.764422
4    0.814747   0.989943   -0.0908158
;

np :=
1 1   -4.18497e-08
1 2   -1.66096e-09
1 3    0.941993
2 1    0.0995222
2 2   -1.06072
2 3   -0.00373752
3 1   -0.00589627
3 2    1.05997
3 3   -0.0136492
;

vp :=
1 1    0.513828
1 2   -0.0414358
1 3    0.830623
2 1    0.122331
2 2   -1.02901
2 3    0.0497279
3 1    0.0113882
3 2    1.00676
3 3   -0.0265681
;

