solve_message = ' \
Ipopt 3.9.1: Optimal Solution Found'

Solve time:
_solve_time = 0.608404

Objective:
p :=
1 1    0.0348946
1 2    0.000985088
1 3    0.0017154
2 1   -0.0178268
2 2   -0.0213568
2 3    0.0632262
3 1   -0.0170676
3 2    0.020371
3 3   -0.0649416
;

phi :=
1 1   0.0756605
1 2   0.0674869
1 3   0.111867
2 1   0.0616547
2 2   0.0582504
2 3   0.146707
3 1   0.0639427
3 2   0.0586281
3 3   0.138358
4 1   0.0773639
4 2   0.0678386
4 3   0.107969
;

l [*,1,*]
:      1           2          3        :=
1   0.956407    0.747723   0.408328
2   0.215771    0.40822    1.20036
3   0.479835   -0.666421   0.987996
4   1.22089    -0.32863    0.195623

 [*,2,*]
:       1           2           3        :=
1    1.01007    -0.605054    0.473716
2    0.904939    0.35289     0.838905
3   -0.211302    0.0731651   1.2603
4   -0.107953   -0.885225    0.89578

 [*,3,*]
:       1           2           3        :=
1   -1.18259     0.43888    -0.211281
2   -0.264158    0.714075   -1.02841
3   -0.16244    -0.253343   -1.24224
4   -1.08071    -0.530079   -0.425452
;

np :=
1 1    0.981448
1 2    0.0277066
1 3    8.911e-12
2 1   -0.128429
2 2   -0.15386
2 3    0.823923
3 1   -0.0934578
3 2    0.111547
3 3   -0.993729
;

vp :=
1 1    0.718522
1 2    0.0403579
1 3    0.697762
2 1    0.398979
2 2   -0.266438
2 3    0.867029
3 1   -0.672838
3 2    0.0922735
3 3   -0.726521
;

