solve_message = ' \
Ipopt 3.9.1: Optimal Solution Found'

Solve time:
_solve_time = 1.59121

Objective:
p :=
1 1    0.0169602
1 2    0.0204937
1 3   -0.0640577
2 1    0.0113875
2 2   -0.0326934
2 3    0.00398234
3 1   -0.0283484
3 2    0.0121987
3 3    0.0600753
;

phi :=
1 1   0
1 2   0.421666
1 3   0.137761
2 1   0
2 2   0.00439591
2 3   0.0481479
3 1   0.299824
3 2   0
3 3   0
4 1   0.0694687
4 2   0.0845104
4 3   0.00571688
;

l [*,1,*]
:       1           2           3         :=
1   -0.764192   -0.576568   -0.849098
2   -1.12317    -0.593552    0.0936932
3   -1.0825      0.652538    0.134244
4   -0.723459    0.671507   -0.808483

 [*,2,*]
:       1           2           3        :=
1    0.868711   -0.852466    0.374297
2   -0.351633   -1.15872     0.38602
3   -0.391414   -1.04605    -0.58626
4    0.828866   -0.739616   -0.599531

 [*,3,*]
:       1           2           3         :=
1   -0.751625    0.811678   -0.568711
2   -0.213236    0.146087   -1.21628
3   -0.718161   -0.778907   -0.688207
4   -1.25735    -0.11479    -0.0397979
;

np :=
1 1    0.0934049
1 2    0.112863
1 3   -0.902826
2 1    0.30472
2 2   -0.874842
2 3    3.23308e-09
3 1   -0.380651
3 2    0.163813
3 3    0.576072
;

vp :=
1 1   -0.923188
1 2    0.0384885
1 3   -0.357787
2 1    0.239119
2 2   -0.949091
2 3   -0.106374
3 1   -0.735309
3 2    0.0162818
3 3   -0.62799
;

