solve_message = ' \
Ipopt 3.9.1: Optimal Solution Found'

Solve time:
_solve_time = 1.18561

Objective:
p :=
1 1    0.0122788
1 2   -0.0312769
1 3    0.0555299
2 1    0.00612433
2 2    0.0344911
2 3    0.00950786
3 1   -0.0184016
3 2   -0.00321281
3 3   -0.0650377
;

phi :=
1 1   0.102504
1 2   0.0723795
1 3   0.0762673
2 1   0.11884
2 2   0.0877747
2 3   0.0837536
3 1   0.0943751
3 2   0.0979119
3 3   0.0732854
4 1   0.0815335
4 2   0.0809607
4 3   0.066783
;

l [*,1,*]
:       1           2           3         :=
1    0.933069   -0.401443    0.780786
2   -0.081833   -0.737998    1.04679
3   -0.174544   -1.2721      0.0198056
4    0.840211   -0.936399   -0.247839

 [*,2,*]
:       1           2           3        :=
1   -0.0223804   1.04326    -0.748101
2   -0.55675     1.14689     0.158478
3    0.447866    0.911739    0.778282
4    0.983835    0.80774    -0.127309

 [*,3,*]
:       1           2           3        :=
1   -0.362819   -0.665464   -1.04007
2   -1.21296    -0.334804   -0.26062
3   -0.9872      0.686904   -0.445716
4   -0.136702    0.357872   -1.22546
;

np :=
1 1    0.274647
1 2   -0.699586
1 3    0.332119
2 1    0.175902
2 2    0.990648
2 3    1.43154e-06
3 1   -0.0121367
3 2   -0.00211904
3 3   -1.00405
;

vp :=
1 1    0.37963
1 2   -0.836852
1 3    0.39978
2 1    0.213356
2 2    0.977366
2 3    0.0149764
3 1   -0.674581
3 2    0.0109956
3 3   -0.743276
;

