solve_message = ' \
Ipopt 3.9.1: Optimal Solution Found'

Solve time:
_solve_time = 0.343202

Objective:
p :=
1 1    0.0293664
1 2   -0.00692895
1 3   -0.0633778
2 1   -0.0316561
2 2    0.00889547
2 3    0.0552647
3 1    0.00228975
3 2   -0.0019665
3 3    0.0639696
;

phi :=
1 1   0.0185758
1 2   0.0901955
1 3   0.173753
2 1   0
2 2   0.315865
2 3   0
3 1   0.0289139
3 2   0
3 3   0
4 1   0.180322
4 2   0
4 3   0.371657
;

l [*,1,*]
:      1           2           3        :=
1   0.883386    0.688033    0.429831
2   0.358465   -0.121349    1.10601
3   0.736833   -0.884894    0.495233
4   1.26236    -0.076728   -0.181923

 [*,2,*]
:      1           2          3        :=
1   0.819956   -0.691728   0.559455
2   0.980941    0.553594   0.323641
3   0.29935     0.764089   0.944385
4   0.137279   -0.480898   1.18119

 [*,3,*]
:       1           2          3        :=
1   -0.953824   -0.736387   0.456758
2   -0.137433   -0.171856   1.27583
3   -0.450841    0.722361   0.970876
4   -1.26773     0.159254   0.151318
;

np :=
1 1    0.34438
1 2   -0.0812513
1 3   -0.837854
2 1   -0.621933
2 2    0.174765
2 3    0.321176
3 1    2.64646e-08
3 2   -2.24034e-08
3 3    0.894178
;

vp :=
1 1    0.810469
1 2   -0.098412
1 3    0.462019
2 1    0.559317
2 2    0.0357683
2 3    0.752261
3 1   -0.702782
3 2   -0.00688161
3 3    0.713369
;

