solve_message = ' \
Ipopt 3.9.1: Optimal Solution Found'

Solve time:
_solve_time = 0.733205

Objective:
p :=
1 1   -0.0159205
1 2    0.0209816
1 3    0.0640488
2 1   -0.0128332
2 2   -0.0324306
2 3   -0.00385475
3 1    0.0287541
3 2    0.0114485
3 3   -0.060194
;

phi :=
1 1   0.082814
1 2   0
1 3   0.253169
2 1   0.158342
2 2   0.0885156
2 3   0.0755398
3 1   0
3 2   0.375654
3 3   0
4 1   0
4 2   0.0170759
4 3   0.00916962
;

l [*,1,*]
:       1           2          3        :=
1    0.591383    0.623452   0.955257
2   -0.506779    0.62806    0.999143
3   -0.509815   -0.53546    1.0387
4    0.588342   -0.54192    0.994879

 [*,2,*]
:       1           2           3         :=
1   -0.118215   -1.04345     0.724855
2   -1.04605    -0.731168    0.0877257
3   -0.463064   -0.854904   -0.830044
4    0.465697   -1.16738    -0.194377

 [*,3,*]
:      1           2          3        :=
1   1.08453     0.604178   0.233927
2   0.378085    0.61318    1.02858
3   0.386803   -0.578462   1.05393
4   1.09326    -0.589362   0.259315
;

np :=
1 1   -0.082599
1 2    0.108858
1 3    0.901952
2 1   -0.359026
2 2   -0.907289
2 3   -2.57974e-09
3 1    0.392766
3 2    0.15638
3 3   -0.584092
;

vp :=
1 1    0.0412204
1 2    0.0435309
1 3    0.996978
2 1   -0.290037
2 2   -0.949349
2 3   -0.0527067
3 1    0.735951
3 2    0.0123797
3 3    0.64362
;

