solve_message = ' \
Ipopt 3.9.1: Optimal Solution Found'

Solve time:
_solve_time = 0.327602

Objective:
p :=
1 1   -0.00902723
1 2    0.0338476
1 3   -0.00708879
2 1    0.0298002
2 2   -0.00732456
2 3    0.0617735
3 1   -0.0207444
3 2   -0.0265292
3 3   -0.0546847
;

phi :=
1 1   0.105499
1 2   0.0745088
1 3   0.0911235
2 1   0.0950948
2 2   0.0688813
2 3   0.0740011
3 1   0.0726527
3 2   0.0820497
3 3   0.0903895
4 1   0.0812318
4 2   0.088564
4 3   0.112086
;

l [*,1,*]
:       1          2           3        :=
1    0.385947   1.10938    -0.531659
2   -0.866823   0.829555   -0.492818
3   -0.836623   0.843432    0.50094
4    0.416195   1.12328     0.463682

 [*,2,*]
:      1           2            3        :=
1   0.826816    0.65291     0.739885
2   0.242379    0.0668781   1.26394
3   0.646779   -0.943828    0.58809
4   1.23186    -0.359405    0.0629597

 [*,3,*]
:       1           2           3        :=
1    0.161726   -1.2812     -0.154635
2   -0.574983   -1.06519     0.407237
3   -1.12471    -0.356625   -0.569015
4   -0.388879   -0.571508   -1.13244
;

np :=
1 1   -0.259276
1 2    0.972153
1 3   -1.83478e-07
2 1    0.386795
2 2   -0.0950708
2 3    0.700197
3 1   -0.470318
3 2   -0.60147
3 3   -0.298308
;

vp :=
1 1   -0.224826
1 2    0.976524
1 3   -0.0149786
2 1    0.737191
2 2   -0.145628
2 3    0.663509
3 1   -0.481419
3 2   -0.818716
3 3   -0.362438
;

