solve_message = ' \
Ipopt 3.9.1: Optimal Solution Found'

Solve time:
_solve_time = 0.826805

Objective:
p :=
1 1   -0.0046112
1 2    0.0347301
1 3    0.00296656
2 1   -5.98754e-06
2 2   -0.0302773
2 3    0.0620856
3 1    0.00461719
3 2   -0.0044528
3 3   -0.0650522
;

phi :=
1 1   0.0619232
1 2   0.0859453
1 3   0.0708931
2 1   0.0652892
2 2   0.104739
2 3   0.073326
3 1   0.0684747
3 2   0.129449
3 3   0.104598
4 1   0.065077
4 2   0.105947
4 3   0.100736
;

l [*,1,*]
:       1           2           3         :=
1   -0.26439     0.95535    -0.908102
2   -0.925956    0.875262    0.0730951
3    0.0179867   1.06987     0.733296
4    0.681057    1.15027    -0.24685

 [*,2,*]
:       1           2          3        :=
1   -0.11138     0.257663   1.25241
2   -0.79167    -0.537982   0.855983
3    0.118274   -1.159      0.538657
4    0.800013   -0.364349   0.934579

 [*,3,*]
:       1           2           3        :=
1   -0.508837    0.566094   -1.03209
2    0.587547    0.595367   -0.9721
3    0.61914    -0.568856   -0.968315
4   -0.477194   -0.599983   -1.0283
;

np :=
1 1   -0.132538
1 2    0.998232
1 3    4.12461e-10
2 1   -7.16923e-05
2 2   -0.362527
2 3    0.725345
3 1    4.99898e-06
3 2   -4.82101e-06
3 3   -1.00564
;

vp :=
1 1   -0.122562
1 2    1.01272
1 3   -0.0875309
2 1    0.00408055
2 2   -0.450601
2 3    0.895565
3 1    0.0547274
3 2   -0.00185627
3 3   -1.00022
;

