solve_message = ' \
Ipopt 3.9.1: Optimal Solution Found'

Solve time:
_solve_time = 0.639604

Objective:
p :=
1 1   -0.00521614
1 2   -0.0124661
1 3    0.0650535
2 1    0.0350916
2 2    0.000119087
2 3   -0.0058211
3 1   -0.0298747
3 2    0.0123777
3 3   -0.059233
;

phi :=
1 1   0.0638065
1 2   0.0729033
1 3   0.0924
2 1   0.0440713
2 2   0.0452668
2 3   0.174025
3 1   0.0576064
3 2   0.0645767
3 3   0.157361
4 1   0.0816466
4 2   0.0998015
4 3   0.0819687
;

l [*,1,*]
:       1           2          3        :=
1    1.09091     0.17328    0.64985
2    0.212887    0.787086   0.99049
3   -0.367082   -0.16711    1.21821
4    0.510018   -0.782435   0.877931

 [*,2,*]
:      1           2          3        :=
1   1.19241     0.411949   0.235255
2   0.46608     0.689505   0.977501
3   0.22983    -0.457478   1.17563
4   0.955781   -0.736861   0.433697

 [*,3,*]
:       1           2            3         :=
1   -0.362555    1.02422     -0.681946
2   -0.185491    0.0529444   -1.26892
3   -0.990149   -0.449484    -0.682479
4   -1.16849     0.520995    -0.0945758
;

np :=
1 1   -0.000489892
1 2   -0.00116542
1 3    1.00578
2 1    1.0185
2 2    0.00345641
2 3   -4.61961e-08
3 1   -0.530946
3 2    0.219981
3 3   -0.521857
;

vp :=
1 1    0.362033
1 2    0.00246035
1 3    0.933984
2 1    0.711314
2 2   -0.0233323
2 3    0.705224
3 1   -0.676743
3 2    0.287556
3 3   -0.681745
;

