solve_message = ' \
Ipopt 3.9.1: Optimal Solution Found'

Solve time:
_solve_time = 0.592804

Objective:
p :=
1 1    0.0350089
1 2   -0.000121418
1 3   -0.00794389
2 1   -0.0275158
2 2   -0.018156
2 3   -0.0569891
3 1   -0.00749278
3 2    0.0182767
3 3    0.064933
;

phi :=
1 1   0.151476
1 2   0.19173
1 3   0.0931963
2 1   0.143741
2 2   0.169066
2 3   0.0419687
3 1   0.0384812
3 2   0.0413962
3 3   0.021889
4 1   0.0461299
4 2   0.0446728
4 3   0.0496759
;

l [*,1,*]
:      1           2           3        :=
1   1.27184     0.0806998   0.140136
2   0.669503    0.827115    0.70949
3   0.143894   -0.0243814   1.27115
4   0.745391   -0.772153    0.702693

 [*,2,*]
:       1            2            3        :=
1   -0.836854     0.0206075   -0.972467
2   -0.0834626   -0.585964    -1.11895
3   -0.362229    -1.18835     -0.03796
4   -1.11606     -0.582735     0.110242

 [*,3,*]
:       1           2           3        :=
1   -0.54453     0.824309    0.814832
2   -1.16196    -0.0967488   0.53061
3   -0.372683   -0.760658    0.962484
4    0.246002    0.159343    1.24739
;

np :=
1 1    1.0018
1 2   -0.00347409
1 3   -4.07098e-07
2 1   -0.548878
2 2   -0.362141
2 3   -0.398246
3 1   -0.00690675
3 2    0.0168406
3 3    0.992808
;

vp :=
1 1    0.707896
1 2    0.0275225
1 3    0.705641
2 1   -0.599953
2 2   -0.583868
2 3   -0.504724
3 1   -0.458046
3 2    0.0319282
3 3    0.888943
;

