solve_message = ' \
Ipopt 3.9.1: Optimal Solution Found'

Solve time:
_solve_time = 2.24641

Objective:
p :=
1 1    0.028279
1 2    0.0188625
1 3    0.0562503
2 1   -0.000153543
2 2   -0.0354639
2 3    0.0033653
3 1   -0.0281345
3 2    0.0166085
3 3   -0.0596156
;

phi :=
1 1   0.0414632
1 2   0.077438
1 3   0.0989028
2 1   0.101551
2 2   0.0526704
2 3   0.0744147
3 1   0.152057
3 2   0.089316
3 3   0.0687275
4 1   0.0903557
4 2   0.118209
4 3   0.0865709
;

l [*,1,*]
:       1           2           3        :=
1    0.30564     1.21749     0.156441
2   -0.016347    0.711178    1.02347
3    0.926775   -0.0685477   1.05407
4    1.25026     0.436518    0.187095

 [*,2,*]
:       1            2           3        :=
1    0.670794    -1.09225    -0.228019
2   -0.0649339   -0.988069    0.830887
3   -0.865853    -0.913882    0.256593
4   -0.131401    -1.01795    -0.803228

 [*,3,*]
:       1            2           3        :=
1   -0.334602     1.20296    -0.295951
2   -0.0383325    0.282314   -1.28275
3   -0.869693    -0.181495   -1.10213
4   -1.16729      0.738407   -0.115043
;

np :=
1 1    0.678091
1 2    0.452294
1 3    0.363482
2 1   -0.00474037
2 2   -1.09656
2 3    9.97106e-10
3 1   -0.531779
3 2    0.313918
3 3   -0.545919
;

vp :=
1 1    0.616712
1 2    0.57436
1 3    0.604923
2 1   -0.0975556
2 2   -1.00308
2 3    0.0136362
3 1   -0.602597
3 2    0.510912
3 3   -0.698575
;

