solve_message = ' \
Ipopt 3.9.1: Optimal Solution Found'

Solve time:
_solve_time = 0.780005

Objective:
p :=
1 1    0.00327869
1 2   -0.0352981
1 3   -0.022125
2 1   -0.00150232
2 2    0.000438158
2 3    0.065035
3 1   -0.00177384
3 2    0.0348603
3 3   -0.0428943
;

phi :=
1 1   0.0614652
1 2   0.0472255
1 3   0.152701
2 1   0.099348
2 2   0.0512496
2 3   0.132766
3 1   0.149038
3 2   0.0572459
3 3   0.0632157
4 1   0.0958811
4 2   0.0525346
4 3   0.0716683
;

l [*,1,*]
:       1            2           3        :=
1    0.0776931   -1.09371     0.760787
2   -0.723771    -1.10378     0.060543
3    0.0721261   -0.990811   -0.85086
4    0.874857    -0.98056    -0.152068

 [*,2,*]
:       1           2          3        :=
1    0.586207   -0.624991   0.95319
2    0.728108    0.458587   0.951373
3   -0.428229    0.610807   1.04384
4   -0.571972   -0.472529   1.04581

 [*,3,*]
:       1          2           3        :=
1    0.275476   0.981075   -0.779705
2   -0.760561   0.946734   -0.413916
3   -0.37667    1.01777     0.682615
4    0.659979   1.05222     0.318572
;

np :=
1 1    0.101141
1 2   -1.08888
1 3   -0.000525411
2 1   -3.28271e-10
2 2    9.71499e-11
2 3    1.00378
3 1   -0.0498648
3 2    0.979969
3 3   -0.0545011
;

vp :=
1 1    0.0755461
1 2   -1.04221
1 3   -0.0451209
2 1    0.0784717
2 2   -0.00746321
2 3    0.998554
3 1   -0.0500309
3 2    0.999463
3 3   -0.0482537
;

