solve_message = ' \
Ipopt 3.9.1: Optimal Solution Found'

Solve time:
_solve_time = 0.982806

Objective:
p :=
1 1   -0.0141985
1 2   -0.0219875
1 3    0.0641211
2 1    0.0204326
2 2   -0.0124338
2 3   -0.0646492
3 1   -0.00623407
3 2    0.0344213
3 3    0.000528155
;

phi :=
1 1   0.0899449
1 2   0.068822
1 3   0.103467
2 1   0.0397238
2 2   0.0456149
2 3   0.0922657
3 1   0.0804504
3 2   0.0769393
3 3   0.0345995
4 1   0.175171
4 2   0.189641
4 3   0.0385692
;

l [*,1,*]
:       1           2          3        :=
1    0.602889   -0.738172   0.849728
2    0.650853    0.431103   1.01295
3   -0.41699     0.462248   1.1151
4   -0.466655   -0.706977   0.952046

 [*,2,*]
:       1           2           3        :=
1   -0.202223    0.353363   -1.21575
2    0.626812    0.78484    -0.792715
3    1.09906    -0.335031   -0.572626
4    0.27078    -0.768291   -0.995308

 [*,3,*]
:       1          2           3        :=
1   -0.644059   0.929543   -0.607869
2   -0.774733   0.914917    0.460017
3    0.391912   1.05378     0.605871
4    0.524444   1.06863    -0.461783
;

np :=
1 1   -0.0709449
1 2   -0.109864
1 3    0.909098
2 1    0.0594613
2 2   -0.0361845
2 3   -0.962828
3 1   -0.177545
3 2    0.980313
3 3    2.33832e-15
;

vp :=
1 1    0.092505
1 2   -0.138415
1 3    0.98239
2 1    0.448278
2 2    0.00854804
2 3   -0.894268
3 1   -0.125557
3 2    0.991723
3 3   -0.00136639
;

