solve_message = ' \
Ipopt 3.9.1: Optimal Solution Found'

Solve time:
_solve_time = 0.390002

Objective:
p :=
1 1   -0.0202524
1 2   -0.0266549
1 3   -0.0541629
2 1   -0.0141797
2 2    0.0215231
2 3    0.0642722
3 1    0.0344323
3 2    0.00513163
3 3   -0.0101093
;

phi :=
1 1   0.0142371
1 2   0.0635629
1 3   0.0936997
2 1   0.0486645
2 2   0.159486
2 3   0.238721
3 1   0.232128
3 2   0.0296521
3 3   0.0435079
4 1   0.0818125
4 2   0.010561
4 3   0.0142779
;

l [*,1,*]
:       1           2           3         :=
1   -0.41602    -1.01071     0.560652
2   -1.12968    -0.572764    0.0913969
3   -0.458781   -0.645278   -0.994715
4    0.255951   -1.08334    -0.52719

 [*,2,*]
:       1           2          3        :=
1   -0.361365    0.731703   0.987857
2   -1.10634     0.580626   0.277639
3   -1.01991    -0.623484   0.443939
4   -0.274796   -0.474325   1.15442

 [*,3,*]
:      1           2          3        :=
1   1.21326    -0.320389   0.20743
2   1.03682     0.69284    0.276664
3   0.215531    0.488087   1.16471
4   0.39066    -0.525468   1.09689
;

np :=
1 1   -0.443003
1 2   -0.583051
1 3   -0.278945
2 1   -0.0646088
2 2    0.0980686
2 3    0.924205
3 1    0.9526
3 2    0.141971
3 3   -2.20118e-06
;

vp :=
1 1   -0.436848
1 2   -0.8282
1 3   -0.217277
2 1   -0.690305
2 2    0.0536897
2 3    0.716247
3 1    0.714139
3 2    0.0833633
3 3    0.686395
;

