solve_message = ' \
Ipopt 3.9.1: Optimal Solution Found'

Solve time:
_solve_time = 0.421203

Objective:
p :=
1 1   -0.00156165
1 2   -0.0350263
1 3    0.000404557
2 1    0.0134066
2 2    0.0184874
2 3    0.0649003
3 1   -0.011845
3 2    0.0165388
3 3   -0.0653049
;

phi :=
1 1   0.0396024
1 2   0.165454
1 3   0.0620771
2 1   0.0460717
2 2   0.0719109
2 3   0.0704096
3 1   0.0509911
3 2   0.0625321
3 3   0.121852
4 1   0.0465933
4 2   0.137018
4 3   0.159928
;

l [*,1,*]
:       1           2           3        :=
1    0.579172   -1.0622      0.444863
2   -0.450846   -1.02631     0.639137
3   -0.671756   -0.939788   -0.549133
4    0.35791    -0.97554    -0.7453

 [*,2,*]
:       1           2          3        :=
1   -0.417379    0.679997   1.00559
2   -0.602954   -0.418915   1.05153
3    0.527026   -0.612967   0.996029
4    0.714401    0.485636   0.950003

 [*,3,*]
:       1           2           3        :=
1    0.798191   -0.256253   -0.962825
2   -0.361538   -0.74248    -0.966312
3   -0.746041    0.174676   -1.02553
4    0.413076    0.662364   -1.02214
;

np :=
1 1   -0.0450881
1 2   -1.01128
1 3    3.61799e-16
2 1    0.029556
2 2    0.0407576
2 3    0.989314
3 1   -0.013045
3 2    0.0182155
3 3   -1.0333
;

vp :=
1 1   -0.0459696
1 2   -1.00098
1 3   -0.0526859
2 1    0.0553477
2 2    0.0338757
2 3    1.00077
3 1    0.0263839
3 2   -0.0402293
3 3   -0.994199
;

