solve_message = ' \
Ipopt 3.9.1: Optimal Solution Found'

Solve time:
_solve_time = 1.23241

Objective:
p :=
1 1    0.00102308
1 2    0.0346246
1 3    0.0488765
2 1    0.00210754
2 2   -0.0349662
2 3    0.0161796
3 1   -0.00313062
3 2    0.000341605
3 3   -0.0650561
;

phi :=
1 1   0.094848
1 2   0.0664653
1 3   0.0404443
2 1   0.154009
2 2   0.0933132
2 3   0.0546177
3 1   0.105322
3 2   0.147272
3 3   0.0564986
4 1   0.0644018
4 2   0.0965599
4 3   0.0602579
;

l [*,1,*]
:       1          2           3        :=
1   -0.748082   1.04009    -0.028456
2   -0.234546   0.872541    0.913033
3    0.802385   0.932665    0.358908
4    0.290501   1.10031    -0.583463

 [*,2,*]
:       1            2           3        :=
1    0.162594    -0.99643    -0.790907
2    0.855778    -0.948934    0.105766
3   -0.0345627   -1.00338     0.798208
4   -0.729164    -1.05097    -0.097362

 [*,3,*]
:       1           2           3        :=
1    0.785846    0.219714   -0.989154
2    0.275154   -0.757187   -0.997821
3   -0.753337   -0.219956   -1.01394
4   -0.244283    0.757802   -1.0053
;

np :=
1 1    0.0274713
1 2    0.929725
1 3    0.135928
2 1    0.0605223
2 2   -1.00413
2 3    5.92085e-05
3 1   -4.74634e-08
3 2    5.17909e-09
3 3   -1.00606
;

vp :=
1 1    0.0273601
1 2    0.98647
1 3    0.16463
2 1    0.0633848
2 2   -0.999947
2 3    0.00356932
3 1    0.0160482
3 2    0.000482627
3 3   -1.00155
;

