solve_message = ' \
Ipopt 3.9.1: Optimal Solution Found'

Solve time:
_solve_time = 0.468003

Objective:
p :=
1 1   -0.00461647
1 2   -0.000725842
1 3    0.0646448
2 1    0.00132515
2 2    0.0352123
2 3   -0.0155112
3 1    0.00329442
3 2   -0.034479
3 3   -0.0491338
;

phi :=
1 1   0.0475246
1 2   0.0691699
1 3   0.159054
2 1   0.0597172
2 2   0.117457
2 3   0.0947563
3 1   0.058014
3 2   0.141673
3 3   0.0573988
4 1   0.0494168
4 2   0.0847988
4 3   0.0961419
;

l [*,1,*]
:       1            2           3        :=
1    0.0605001    0.695822    1.08705
2   -0.889467     0.0477026   0.92578
3   -0.265269    -0.865179    0.900621
4    0.685692    -0.218514    1.06186

 [*,2,*]
:       1          2           3        :=
1    0.293854   0.989645    0.7451
2    0.731951   0.994928   -0.386734
3   -0.245111   1.02262    -0.766218
4   -0.684764   1.01738     0.365012

 [*,3,*]
:       1            2           3        :=
1   -0.0169931   -0.893331   -0.919949
2    0.874333    -0.927551   -0.144116
3    0.170665    -1.08621     0.659318
4   -0.721782    -1.05224    -0.115236
;

np :=
1 1   -7.40172e-07
1 2   -1.13927e-07
1 3    0.962364
2 1    0.0394278
2 2    1.04768
2 3   -4.40687e-05
3 1    0.0884044
3 2   -0.925232
3 3   -0.141016
;

vp :=
1 1   -0.101757
1 2   -0.0847842
1 3    0.993892
2 1    0.0238075
2 2    1.00614
2 3   -0.0102591
3 1    0.0762005
3 2   -0.98982
3 3   -0.130305
;

