solve_message = ' \
Ipopt 3.9.1: Optimal Solution Found'

Solve time:
_solve_time = 0.546003

Objective:
p :=
1 1   -0.0115604
1 2   -0.0320131
1 3   -0.0534206
2 1    0.00793881
2 2   -0.00286214
2 3    0.065061
3 1    0.00362156
3 2    0.0348752
3 3   -0.0116405
;

phi :=
1 1   0.0967762
1 2   0.0540348
1 3   0.0921505
2 1   0.0720283
2 2   0.0588243
2 3   0.0643554
3 1   0.106109
3 2   0.0719689
3 3   0.0868994
4 1   0.145516
4 2   0.0652274
4 3   0.12221
;

l [*,1,*]
:       1           2           3        :=
1    0.373798   -1.22242    -0.113638
2   -0.471622   -1.09788     0.469461
3   -1.04566    -0.568869   -0.47551
4   -0.201156   -0.692568   -1.06011

 [*,2,*]
:       1           2          3        :=
1   -0.27774     0.542634   1.12996
2   -0.259592   -0.541339   1.13515
3    0.866756   -0.524418   0.786797
4    0.850401    0.559582   0.781058

 [*,3,*]
:       1          2           3        :=
1   -0.670947   1.07434    -0.203395
2   -0.181208   1.02946     0.743991
3    0.874212   0.918632    0.193875
4    0.386154   0.963331   -0.754387
;

np :=
1 1   -0.279354
1 2   -0.773597
1 3   -0.25326
2 1    4.45517e-05
2 2   -1.60625e-05
2 3    1.00659
3 1    0.104591
3 2    1.0072
3 3   -5.90748e-06
;

vp :=
1 1   -0.335824
1 2   -0.895484
1 3   -0.295183
2 1    0.294949
2 2    0.0095465
2 3    0.958239
3 1    0.101858
3 2    0.996458
3 3   -0.00535696
;

