solve_message = ' \
Ipopt 3.9.1: Optimal Solution Found'

Solve time:
_solve_time = 0.468003

Objective:
p :=
1 1    0.035
1 2   -0.00214333
1 3   -0.027875
2 1   -0.0349046
2 2   -0.000926219
2 3   -0.0363208
3 1   -9.53704e-05
3 2    0.00306955
3 3    0.0641959
;

phi :=
1 1   0.0754152
1 2   0.177621
1 3   0.0710568
2 1   0.0480098
2 2   0.138357
2 3   0.0524926
3 1   0.0768075
3 2   0.0778232
3 3   0.0444747
4 1   0.116918
4 2   0.0965947
4 3   0.0600326
;

l [*,1,*]
:      1           2           3        :=
1   0.63217     0.816079    0.766589
2   0.164044    0.0774986   1.27301
3   0.80862    -0.774851    0.62651
4   1.27777    -0.0376276   0.119063

 [*,2,*]
:       1           2            3        :=
1   -0.164507    0.215263    -1.24614
2   -0.461053   -0.619696    -1.01723
3   -1.26284    -0.0831465   -0.102882
4   -0.967576    0.752666    -0.330336

 [*,3,*]
:       1           2           3        :=
1    0.759863   -0.0298801   1.04592
2   -0.23378     0.703084    1.08406
3   -0.841593   -0.120088    0.971877
4    0.151082   -0.854363    0.933565
;

np :=
1 1    1.01129
1 2   -0.0619293
1 3   -0.00266606
2 1   -0.983151
2 2   -0.0260886
2 3   -0.0170039
3 1   -1.24356e-09
3 2    4.00222e-08
3 3    0.916552
;

vp :=
1 1    0.720838
1 2    0.0205689
1 3    0.69609
2 1   -0.713877
2 2    0.0666046
2 3   -0.674239
3 1   -0.0407113
3 2   -0.0756042
3 3    1.00884
;

