solve_message = ' \
Ipopt 3.9.1: Optimal Solution Found'

Solve time:
_solve_time = 0.733205

Objective:
p :=
1 1    0.00345248
1 2   -0.0329831
1 3   -0.0557621
2 1   -0.00183029
2 2    0.0353914
2 3   -0.00947325
3 1   -0.00162219
3 2   -0.00240828
3 3    0.0652353
;

phi :=
1 1   0.104937
1 2   0.0994209
1 3   0.069122
2 1   0.0838729
2 2   0.0855027
2 3   0.0637837
3 1   0.0984452
3 2   0.0703782
3 3   0.0714613
4 1   0.126977
4 2   0.0847422
4 3   0.0774087
;

l [*,1,*]
:       1           2           3         :=
1    0.813949   -0.554411   -0.816898
2    0.621013   -1.11699     0.0532764
3   -0.552224   -1.13939    -0.214124
4   -0.361156   -0.576842   -1.08472

 [*,2,*]
:       1          2           3        :=
1   -0.253152   0.955016   -0.774962
2   -0.83062    1.00234     0.181773
3    0.145464   1.1048      0.698548
4    0.724487   1.05764    -0.257364

 [*,3,*]
:       1           2          3        :=
1    0.664433   -0.426058   1.00875
2    0.462449    0.642098   1.00849
3   -0.6927      0.42462    0.991195
4   -0.492556   -0.643883   0.991428
;

np :=
1 1    0.0713836
1 2   -0.68196
1 3   -0.341963
2 1   -0.0563516
2 2    1.08964
2 3   -1.39669e-06
3 1   -1.51116e-08
3 2   -2.24345e-08
3 3    1.02562
;

vp :=
1 1    0.130472
1 2   -0.846683
1 3   -0.515964
2 1   -0.0532251
2 2    1.02993
2 3   -0.0383824
3 1   -0.0145132
3 2   -0.00123165
3 3    0.999966
;

