solve_message = ' \
Ipopt 3.9.1: Optimal Solution Found'

Solve time:
_solve_time = 1.76281

Objective:
p :=
1 1   -0.00935131
1 2    0.0336805
1 3    0.000801197
2 1    0.0199493
2 2   -0.0101411
2 3   -0.0649975
3 1   -0.010598
3 2   -0.0235394
3 3    0.0641963
;

phi :=
1 1   0.0639891
1 2   0.0965262
1 3   0.0599375
2 1   0.0608197
2 2   0.156602
2 3   0.0805587
3 1   0.0439
3 2   0.0908396
3 3   0.162132
4 1   0.0460524
4 2   0.056791
4 3   0.116798
;

l [*,1,*]
:       1          2           3        :=
1   -0.884259   0.82037    -0.434616
2   -0.740118   0.869752    0.580531
3    0.451098   1.12447     0.399127
4    0.308855   1.07549    -0.616308

 [*,2,*]
:       1            2           3        :=
1    0.707234    -0.116251   -1.06189
2   -0.0248536   -0.799324   -1.00206
3   -0.875805     0.119174   -0.927766
4   -0.145072     0.803709   -0.987472

 [*,3,*]
:       1           2          3        :=
1    0.846345    0.490111   0.825802
2   -0.285265    0.402699   1.18336
3   -0.239417   -0.662961   1.07465
4    0.892266   -0.577246   0.716918
;

np :=
1 1   -0.265105
1 2    0.954826
1 3    4.32086e-14
2 1    0.0389421
2 2   -0.0197966
2 3   -0.999734
3 1   -0.0487505
3 2   -0.108282
3 3    0.916597
;

vp :=
1 1   -0.216163
1 2    0.9725
1 3   -0.0182213
2 1   -0.0843328
2 2    0.00209934
2 3   -0.994821
3 1    0.303933
3 2   -0.0868147
3 3    0.950038
;

