solve_message = ' \
Ipopt 3.9.1: Optimal Solution Found'

Solve time:
_solve_time = 1.66921

Objective:
p :=
1 1    0.00990561
1 2    0.00989614
1 3   -0.0652052
2 1   -0.00416479
2 2   -0.0347849
2 3    0.000853489
3 1   -0.00574082
3 2    0.0248888
3 3    0.0643517
;

phi :=
1 1   0.113197
1 2   0.033065
1 3   0.0810987
2 1   0.0378231
2 2   0.0870827
2 3   0.197704
3 1   0.0593979
3 2   0.088364
3 3   0.0938381
4 1   0.173295
4 2   0.0337754
4 3   0.0353461
;

l [*,1,*]
:       1           2           3        :=
1    0.349889    0.692179   -1.03204
2    0.658451   -0.500831   -0.985112
3   -0.339279   -0.761441   -0.97998
4   -0.649431    0.431154   -1.0269

 [*,2,*]
:       1           2           3        :=
1    0.574357   -1.09032     0.366858
2   -0.480478   -0.96126     0.702748
3   -0.82411    -0.901057   -0.393276
4    0.230178   -1.03002    -0.730912

 [*,3,*]
:      1           2          3        :=
1   1.06934     0.626518   0.32107
2   0.119199    0.659891   1.09357
3   0.182954   -0.366629   1.21753
4   1.1332     -0.401637   0.445235
;

np :=
1 1    0.00116021
1 2    0.0011591
1 3   -1.0223
2 1   -0.119676
2 2   -0.999553
2 3    6.72966e-14
3 1   -0.0247774
3 2    0.10742
3 3    0.932235
;

vp :=
1 1    0.00478403
1 2   -0.0342592
1 3   -1.00603
2 1   -0.124593
2 2   -0.995717
2 3   -0.0137799
3 1    0.626551
3 2    0.129522
3 3    0.769043
;

