solve_message = ' \
Ipopt 3.9.1: Optimal Solution Found'

Solve time:
_solve_time = 1.43521

Objective:
p :=
1 1   -0.0146113
1 2   -0.00604818
1 3    0.0650256
2 1    0.0350343
2 2   -0.000208003
2 3   -6.45433e-05
3 1   -0.0203775
3 2    0.00626374
3 3   -0.0649613
;

phi :=
1 1   0.092761
1 2   0.0345951
1 3   0.0412637
2 1   0.0538181
2 2   0.0358409
2 3   0.0416593
3 1   0.119029
3 2   0.0502944
3 3   0.161565
4 1   0.190953
4 2   0.0491302
4 3   0.159938
;

l [*,1,*]
:       1           2            3        :=
1   -0.637595   -0.775522    0.79943
2   -0.197958    0.0768655   1.26497
3   -0.838244    0.795203    0.553453
4   -1.2789     -0.0560404   0.0867793

 [*,2,*]
:      1           2          3        :=
1   0.321544    0.586935   1.093
2   0.272248   -0.498192   1.15044
3   1.09835    -0.579639   0.318263
4   1.14897     0.505358   0.259506

 [*,3,*]
:      1           2           3         :=
1   1.18489     0.503951    0.0685189
2   1.17383    -0.523447    0.100376
3   0.598973   -0.55079    -0.996044
4   0.609121    0.476565   -1.02965
;

np :=
1 1   -0.00353387
1 2   -0.00146603
1 3    1.00276
2 1    1.00699
2 2   -0.00597864
2 3   -9.38153e-22
3 1   -0.0297263
3 2    0.00913716
3 3   -0.995835
;

vp :=
1 1   -0.73835
1 2    0.0097871
1 3    0.675973
2 1    0.710298
2 2    0.00404797
2 3    0.705279
3 1    0.891708
3 2   -0.0230208
3 3   -0.464212
;

