solve_message = ' \
Ipopt 3.9.1: Optimal Solution Found'

Solve time:
_solve_time = 1.10761

Objective:
p :=
1 1    0.0199289
1 2    0.0109262
1 3    0.06459
2 1   -0.0119364
2 2    0.0232884
2 3   -0.0643943
3 1   -0.00798193
3 2   -0.0342091
3 3   -0.000195684
;

phi :=
1 1   0.0644235
1 2   0.100665
1 3   0.25352
2 1   0.171433
2 2   0
2 3   0.0681367
3 1   0.0187263
3 2   0.0653683
3 3   0
4 1   0
4 2   0.27543
4 3   0.0677897
;

l [*,1,*]
:       1           2           3        :=
1   -0.869024   -0.390052    0.877819
2   -0.916391    0.681768    0.603032
3   -1.10724     0.390597   -0.502789
4   -1.06018    -0.681686   -0.229763

 [*,2,*]
:       1           2           3        :=
1    0.427933   -0.248545   -1.18521
2   -0.900434   -0.241854   -0.880958
3   -0.86149     0.604197   -0.678856
4    0.466939    0.598853   -0.982788

 [*,3,*]
:       1           2           3        :=
1    0.175483   -0.917368    0.798413
2   -0.748476   -0.755136    0.601545
3   -0.534067   -0.972805   -0.606038
4    0.390233   -1.13538    -0.411093
;

np :=
1 1    0.0426901
1 2    0.0234052
1 3    0.956676
2 1   -0.0595813
2 2    0.116243
2 3   -0.936562
3 1   -0.233103
3 2   -0.999035
3 3   -2.16371e-18
;

vp :=
1 1   -0.98819
1 2   -0.000270554
1 3    0.187184
2 1   -0.216233
2 2    0.17816
2 3   -0.932075
3 1   -0.178839
3 2   -0.945238
3 3    0.0957851
;

