solve_message = ' \
Ipopt 3.9.1: Optimal Solution Found'

Solve time:
_solve_time = 1.85641

Objective:
p :=
1 1    0.00446791
1 2   -0.0347423
1 3   -0.00748353
2 1   -0.000252357
2 2    0.0331292
2 3   -0.0571641
3 1   -0.00419812
3 2    0.00160766
3 3    0.0646475
;

phi :=
1 1   0.075669
1 2   0.112014
1 3   0.0682188
2 1   0.0957296
2 2   0.120321
2 3   0.071642
3 1   0.0952269
3 2   0.093152
3 3   0.0729394
4 1   0.0752856
4 2   0.0878146
4 3   0.0684676
;

l [*,1,*]
:       1           2           3        :=
1   -0.402492   -1.04499     0.623522
2   -0.528754   -1.04862    -0.511357
3    0.582184   -0.95091    -0.636078
4    0.710215   -0.947131    0.498603

 [*,2,*]
:       1          2           3        :=
1    0.612103   0.727857   -0.883196
2   -0.315776   0.44354    -1.17388
3   -0.803499   0.998964   -0.158972
4    0.123603   1.28417     0.133327

 [*,3,*]
:       1           2           3        :=
1    0.839217   -0.0441406   0.9398
2    0.364821    0.728407    0.961571
3   -0.769939    0.0244531   0.995076
4   -0.29735    -0.749216    0.973358
;

np :=
1 1    0.128277
1 2   -0.99748
1 3   -2.68134e-07
2 1   -0.00518656
2 2    0.680886
2 3   -0.406883
3 1   -4.51779e-07
3 2    1.76272e-07
3 3    0.962654
;

vp :=
1 1    0.0903391
1 2   -0.997912
1 3   -0.00587544
2 1   -0.0955227
2 2    0.863745
2 3   -0.520564
3 1    0.0343759
3 2   -0.0104321
3 3    0.967443
;

