solve_message = ' \
Ipopt 3.9.1: Optimal Solution Found'

Solve time:
_solve_time = 0.655204

Objective:
p :=
1 1   -0.00529847
1 2   -0.0345705
1 3   -0.0483229
2 1    0.00717322
2 2   -0.00082736
2 3    0.0650784
3 1   -0.00187475
3 2    0.0353978
3 3   -0.0167555
;

phi :=
1 1   0.0642667
1 2   0.0559945
1 3   0.0996605
2 1   0.145062
2 2   0.0508691
2 3   0.163898
3 1   0.152814
3 2   0.0437328
3 3   0.0875583
4 1   0.0686271
4 2   0.0477155
4 3   0.0556668
;

l [*,1,*]
:       1           2           3        :=
1   -0.338746   -0.984116    0.739441
2   -0.849269   -0.90938    -0.321372
3    0.120125   -1.00942    -0.795438
4    0.632192   -1.08432     0.26462

 [*,2,*]
:      1           2          3        :=
1   1.22456     0.244732   0.282019
2   0.464262    0.775165   0.907499
3   0.050256   -0.231731   1.25973
4   0.809893   -0.763766   0.634806

 [*,3,*]
:       1          2           3        :=
1    0.684938   1.07632    -0.228929
2   -0.385533   1.08286    -0.609548
3   -0.762124   0.92622     0.443561
4    0.307747   0.919431    0.825858
;

np :=
1 1   -0.150715
1 2   -0.98336
1 3   -0.125509
2 1    1.58028e-05
2 2   -1.82265e-06
2 3    1.00847
3 1   -0.0578064
3 2    1.09147
3 3   -7.56261e-05
;

vp :=
1 1   -0.108721
1 2   -0.99684
1 3   -0.0277644
2 1    0.637545
2 2    0.00588826
2 3    0.770763
3 1   -0.0383165
3 2    1.00121
3 3    0.107888
;

