solve_message = ' \
Ipopt 3.9.1: Optimal Solution Found'

Solve time:
_solve_time = 0.967206

Objective:
p :=
1 1   -0.00856148
1 2   -0.0118346
1 3   -0.0653522
2 1    0.0150656
2 2   -0.0225906
2 3    0.0638701
3 1   -0.00650415
3 2    0.0344252
3 3    0.00148217
;

phi :=
1 1   0.0528354
1 2   0.162401
1 3   0.0508933
2 1   0.113922
2 2   0.0654677
2 3   0.0823078
3 1   0.14161
3 2   0.0584683
3 3   0.067848
4 1   0.0658406
4 2   0.132532
4 3   0.0412918
;

l [*,1,*]
:       1           2           3        :=
1    0.415911    0.493633   -1.10181
2    0.132129   -0.700294   -1.07176
3   -0.847751   -0.463336   -0.848054
4   -0.56553     0.730969   -0.877749

 [*,2,*]
:       1            2          3        :=
1    0.483195    -0.948413   0.712827
2    1.24432     -0.110493   0.278492
3    0.747541     0.629253   0.831016
4   -0.0143712   -0.207488   1.26623

 [*,3,*]
:       1          2           3        :=
1   -0.137635   0.986022   -0.807226
2   -0.950522   0.842586   -0.175341
3   -0.221805   0.981331    0.79407
4    0.592242   1.12499     0.163729
;

np :=
1 1   -0.00129237
1 2   -0.00178646
1 3   -1.03855
2 1    0.093855
2 2   -0.140734
2 3    0.884479
3 1   -0.186927
3 2    0.989371
3 3    3.20538e-12
;

vp :=
1 1   -0.216197
1 2    0.0157188
1 3   -0.974854
2 1    0.614867
2 2   -0.159619
2 3    0.772315
3 1   -0.179106
3 2    0.983789
3 3   -0.00644367
;

