solve_message = ' \
Ipopt 3.9.1: Optimal Solution Found'

Solve time:
_solve_time = 1.52881

Objective:
p :=
1 1   -0.00484372
1 2    0.0341936
1 3   -0.00624597
2 1    0.00066502
2 2   -0.0324953
2 3   -0.0588741
3 1    0.0041787
3 2   -0.00169835
3 3    0.0651201
;

phi :=
1 1   0.0958993
1 2   0.109828
1 3   0.0649587
2 1   0.0848788
2 2   0.0921472
2 3   0.0833643
3 1   0.0703693
3 2   0.0892253
3 3   0.0903512
4 1   0.0794553
4 2   0.10605
4 3   0.0704679
;

l [*,1,*]
:       1          2           3        :=
1    0.534071   0.939271   -0.611371
2   -0.387007   0.798257   -0.850966
3   -0.733637   1.03093     0.373498
4    0.186889   1.17231     0.615043

 [*,2,*]
:       1           2           3        :=
1    0.764804   -0.95797    -0.368583
2   -0.468416   -1.18251    -0.146701
3   -0.711947   -0.588398   -0.889403
4    0.520885   -0.362911   -1.11247

 [*,3,*]
:       1            2          3        :=
1   -0.875127     0.219466   0.911384
2   -0.29512     -0.779845   0.974391
3    0.654579    -0.223151   1.08032
4    0.0760846    0.777047   1.01748
;

np :=
1 1   -0.127721
1 2    0.901627
1 3   -7.56498e-08
2 1    0.012185
2 2   -0.595406
2 3   -0.500123
3 1    5.46994e-07
3 2   -2.22321e-07
3 3    1.013
;

vp :=
1 1   -0.0995541
1 2    0.985248
1 3   -0.118353
2 1    0.0268232
2 2   -0.772858
2 3   -0.629377
3 1   -0.110126
3 2   -0.00122213
3 3    0.99587
;

