solve_message = ' \
Ipopt 3.9.1: Optimal Solution Found'

Solve time:
_solve_time = 0.889206

Objective:
p :=
1 1    0.000571423
1 2   -0.00930242
1 3    0.0650581
2 1    0.00168125
2 2    0.0349951
2 3   -0.000595918
3 1   -0.00223674
3 2   -0.0256914
3 3   -0.0644335
;

phi :=
1 1   0.1489
1 2   0.0620356
1 3   0.0493421
2 1   0.136555
2 2   0.0334591
2 3   0.0783475
3 1   0.0541028
3 2   0.0464101
3 3   0.175441
4 1   0.0599154
4 2   0.0818639
4 3   0.108557
;

l [*,1,*]
:       1            2           3        :=
1   -0.0980753   -0.80738     0.99112
2    0.674957    -0.0376689   1.09016
3   -0.139862     0.793665    0.997871
4   -0.914192     0.0252785   0.89868

 [*,2,*]
:       1          2           3        :=
1    0.24007    0.990319   -0.777817
2   -0.726755   1.0384     -0.193204
3   -0.14279    1.0101      0.776459
4    0.824965   0.961969    0.19339

 [*,3,*]
:       1            2           3        :=
1   -0.989048     0.314214   -0.753331
2    0.0749785    0.504861   -1.17222
3    0.292473    -0.577593   -1.11723
4   -0.771208    -0.769965   -0.698254
;

np :=
1 1    5.8196e-06
1 2   -9.47151e-05
1 3    1.00627
2 1    0.0483287
2 2    1.00596
2 3   -1.39491e-15
3 1   -0.010226
3 2   -0.117457
3 3   -0.940567
;

vp :=
1 1   -0.119601
1 2   -0.00683265
1 3    0.994419
2 1    0.0492582
2 2    1.00018
2 3   -0.000525613
3 1   -0.348625
3 2   -0.132197
3 3   -0.935091
;

