solve_message = ' \
Ipopt 3.9.1: Optimal Solution Found'

Solve time:
_solve_time = 0.873606

Objective:
p :=
1 1   -0.0312056
1 2   -0.000396795
1 3   -0.0596881
2 1    0.0156748
2 2   -0.0306675
2 3    0.0488156
3 1    0.015523
3 2    0.031066
3 3    0.0108725
;

phi :=
1 1   0.0592939
1 2   0.0983695
1 3   0.0891095
2 1   0.0840462
2 2   0.133024
2 3   0.104365
3 1   0.0944445
3 2   0.0973087
3 3   0.0744329
4 1   0.0691258
4 2   0.0705402
4 3   0.0618951
;

l [*,1,*]
:       1           2            3        :=
1   -0.129657    0.0950901   -1.28929
2   -0.914575   -0.566821    -0.740129
3   -1.24989     0.304218    -0.151297
4   -0.465503    0.967516    -0.699518

 [*,2,*]
:       1           2           3        :=
1    1.02442    -0.587338    0.533065
2    0.250468   -0.786563    0.978581
3   -0.300114   -1.22088    -0.171592
4    0.47296    -1.02235    -0.61894

 [*,3,*]
:       1          2            3         :=
1   -0.398655   1.20966     0.00960566
2    0.244007   0.864292    0.923903
3    1.06898    0.627444    0.254791
4    0.42763    0.97243    -0.660572
;

np :=
1 1   -0.448022
1 2   -0.00571997
1 3   -0.550573
2 1    0.406622
2 2   -0.795548
2 3    0.134746
3 1    0.423258
3 2    0.847063
3 3    3.66307e-06
;

vp :=
1 1   -0.689593
1 2    0.200265
1 3   -0.720277
2 1    0.362242
2 2   -0.904202
2 3    0.180101
3 1    0.335234
3 2    0.918593
3 3    0.131568
;

