solve_message = ' \
Ipopt 3.9.1: Optimal Solution Found'

Solve time:
_solve_time = 0.468003

Objective:
p :=
1 1   -0.0195509
1 2    0.0198703
1 3   -0.064303
2 1   -0.0142345
2 2   -0.0266097
2 3    0.0606575
3 1    0.0337862
3 2    0.00673832
3 3    0.00364546
;

phi :=
1 1   0.118489
1 2   0.0556263
1 3   0.0921413
2 1   0.162677
2 2   0.0530154
2 3   0.0596904
3 1   0.107044
3 2   0.061583
3 3   0.0698794
4 1   0.0815254
4 2   0.064732
4 3   0.109945
;

l [*,1,*]
:       1            2           3        :=
1   -1.18263      0.264492   -0.413852
2   -0.285987     0.764871   -0.990641
3    0.0931322   -0.215405   -1.25353
4   -0.802902    -0.717345   -0.67716

 [*,2,*]
:       1           2           3        :=
1   -0.459719   -1.06164     0.380239
2    0.767839   -0.826062    0.511729
3    0.554268   -0.0960285   1.14587
4   -0.67363    -0.330439    1.01539

 [*,3,*]
:      1           2          3        :=
1   0.248555    0.516735   1.12481
2   0.397191   -0.629778   1.01571
3   1.14957    -0.45932    0.23816
4   1.00214     0.687464   0.346021
;

np :=
1 1   -0.142582
1 2    0.144911
1 3   -0.927307
2 1   -0.167102
2 2   -0.312367
2 3    0.616309
3 1    0.878054
3 2    0.175119
3 3    1.74435e-09
;

vp :=
1 1   -0.544953
1 2    0.0239537
1 3   -0.833566
2 1    0.0467001
2 2   -0.578635
2 3    0.763255
3 1    0.699305
3 2    0.0292323
3 3    0.681218
;

