solve_message = ' \
Ipopt 3.9.1: Optimal Solution Found'

Solve time:
_solve_time = 1.02961

Objective:
p :=
1 1    0.0354366
1 2   -8.28131e-05
1 3   -0.000871429
2 1   -0.0239389
2 2    0.00708099
2 3   -0.0642019
3 1   -0.0114972
3 2   -0.00699767
3 3    0.0650733
;

phi :=
1 1   0.0802775
1 2   0.117941
1 3   0.0663366
2 1   0.0806653
2 2   0.107094
2 3   0.0773685
3 1   0.0615752
3 2   0.100833
3 3   0.0814654
4 1   0.063055
4 2   0.130652
4 3   0.069158
;

l [*,1,*]
:      1           2           3        :=
1   1.29571    -0.124033   0.0857517
2   0.946251    0.751167   0.469879
3   0.213515    0.114584   1.25369
4   0.561808   -0.76163    0.870807

 [*,2,*]
:       1            2           3        :=
1    0.371016     0.333537   -1.22288
2    0.0209816   -0.863615   -0.942599
3   -0.90302     -0.539869   -0.710737
4   -0.554457     0.657798   -0.990644

 [*,3,*]
:       1           2          3        :=
1    0.367571   -0.25431    1.20243
2   -0.207395    0.801737   0.977627
3   -1.05133     0.279728   0.677827
4   -0.47771    -0.777151   0.902147
;

np :=
1 1    1.09068
1 2   -0.00254884
1 3   -7.7844e-14
2 1   -0.0900475
2 2    0.0266405
2 3   -0.91715
3 1   -0.00106046
3 2   -0.000645178
3 3    1.00792
;

vp :=
1 1    0.75446
1 2   -0.00532722
1 3    0.669878
2 1   -0.266231
2 2   -0.10256
2 3   -0.966826
3 1   -0.341988
3 2    0.01208
3 3    0.940096
;

