solve_message = ' \
Ipopt 3.9.1: Optimal Solution Found'

Solve time:
_solve_time = 1.01401

Objective:
p :=
1 1   -0.00558416
1 2    1.24813e-05
1 3   -0.0649817
2 1   -0.0297437
2 2   -0.000851156
2 3    0.0626373
3 1    0.0353273
3 2    0.000838691
3 3    0.00233504
;

phi :=
1 1   0.132412
1 2   0.0571838
1 3   0.0700235
2 1   0.128011
2 2   0.0631791
2 3   0.0702859
3 1   0.125852
3 2   0.0616606
3 3   0.0709995
4 1   0.129108
4 2   0.0559475
4 3   0.0707833
;

l [*,1,*]
:       1           2           3        :=
1   -1.2395     -0.222009   -0.249359
2   -0.792841    0.778075   -0.635708
3   -0.079561    0.218728   -1.26205
4   -0.525085   -0.782248   -0.876696

 [*,2,*]
:      1           2          3        :=
1   0.846744    0.757626   0.592847
2   0.103185    0.16777    1.26491
3   0.505003   -0.780054   0.879472
4   1.2492     -0.191709   0.206797

 [*,3,*]
:      1           2          3        :=
1   0.999299    0.712818   0.449038
2   0.237313    0.591819   1.1302
3   0.363832   -0.648337   1.05169
4   1.12602    -0.529313   0.370401
;

np :=
1 1   -2.63149e-06
1 2    5.87991e-09
1 3   -0.998032
2 1   -0.320887
2 2   -0.00918263
2 3    0.771683
3 1    1.06912
3 2    0.0253816
3 3    6.55608e-11
;

vp :=
1 1   -0.659425
1 2   -0.00226222
1 3   -0.755799
2 1    0.67633
2 2   -0.011357
2 3    0.735738
3 1    0.681919
3 2    0.0317946
3 3    0.750062
;

