solve_message = ' \
Ipopt 3.9.1: Optimal Solution Found'

Solve time:
_solve_time = 0.842405

Objective:
p :=
1 1   -0.00981346
1 2   -0.00361462
1 3   -0.0650851
2 1    0.0350267
2 2    0.00030029
2 3    0.00067878
3 1   -0.0252132
3 2    0.00331435
3 3    0.0644063
;

phi :=
1 1   0.0312741
1 2   0.20058
1 3   0
2 1   0
2 2   0.00910706
2 3   0.18024
3 1   0.0301997
3 2   0
3 3   0.150189
4 1   0.474451
4 2   0.0246911
4 3   0
;

l [*,1,*]
:      1           2           3        :=
1   0.66944     0.794224   -0.746495
2   1.25591     0.102296   -0.237775
3   0.631156   -0.806715   -0.765243
4   0.043692   -0.116235   -1.2748

 [*,2,*]
:      1           2           3        :=
1   0.128451    0.140468    1.26315
2   0.741441   -0.779299    0.695756
3   1.27077    -0.0987712   0.156794
4   0.658627    0.822079    0.723333

 [*,3,*]
:      1           2          3        :=
1   1.11012     0.515825   0.372222
2   0.126567    0.479067   1.17907
3   0.150751   -0.503865   1.16572
4   1.13434    -0.468672   0.35885
;

np :=
1 1   -0.000199007
1 2   -7.3328e-05
1 3   -1.0092
2 1    1.00558
2 2    0.00862101
2 3    1.32807e-14
3 1   -0.105945
3 2    0.0139294
3 3    0.937785
;

vp :=
1 1    0.649815
1 2   -0.00633215
1 3   -0.756282
2 1    0.699579
2 2    0.021486
2 3    0.709985
3 1    0.630838
3 2    0.00560331
3 3    0.768644
;

