solve_message = ' \
Ipopt 3.9.1: Optimal Solution Found'

Solve time:
_solve_time = 1.73161

Objective:
p :=
1 1   -0.0110723
1 2    0.0305402
1 3    0.0566415
2 1    0.0338775
2 2   -0.00651713
2 3    0.00193515
3 1   -0.0227987
3 2   -0.0240144
3 3   -0.0585767
;

phi :=
1 1   0.0421167
1 2   0.0522831
1 3   0
2 1   0.0122434
2 2   0.0403064
2 3   0.120704
3 1   0.0706849
3 2   0.133475
3 3   0.344669
4 1   0.134189
4 2   0.159191
4 3   0
;

l [*,1,*]
:       1          2           3        :=
1    0.715981   0.911636    0.356643
2    0.288867   1.15501    -0.282047
3   -0.917987   0.831809    0.415455
4   -0.492795   0.587922    1.05526

 [*,2,*]
:      1           2          3        :=
1   1.11285    -0.570593   0.217023
2   1.1058      0.50822    0.370059
3   0.231101    0.353391   1.17284
4   0.236756   -0.725669   1.02108

 [*,3,*]
:      1           2            3         :=
1   -1.10346   -0.668084    -0.0162341
2   -0.96998    0.0801886   -0.990963
3   -0.02866   -0.495       -1.30503
4   -0.16064   -1.24419     -0.330798
;

np :=
1 1   -0.202248
1 2    0.557791
1 3    0.38155
2 1    0.887657
2 2   -0.170762
2 3    2.06428e-11
3 1   -0.467115
3 2   -0.492018
3 3   -0.482702
;

vp :=
1 1   -0.101314
1 2    0.871497
1 3    0.386581
2 1    0.671629
2 2   -0.109093
2 3    0.695191
3 1   -0.565738
3 2   -0.582069
3 3   -0.660367
;

