solve_message = ' \
Ipopt 3.9.1: Optimal Solution Found'

Solve time:
_solve_time = 1.57561

Objective:
p :=
1 1   -0.0337327
1 2   -0.000624952
1 3   -0.054959
2 1    0.0350282
2 2   -0.000111228
2 3   -0.0100892
3 1   -0.00129554
3 2    0.000736179
3 3    0.0650482
;

phi :=
1 1   0.141094
1 2   0.0664568
1 3   0.061136
2 1   0.15146
2 2   0.0551948
2 3   0.0584922
3 1   0.112148
3 2   0.0677692
3 3   0.0662682
4 1   0.105447
4 2   0.0815415
4 3   0.0689195
;

l [*,1,*]
:       1           2           3        :=
1   -0.458931    0.696031   -0.97519
2   -0.186339   -0.335505   -1.22432
3   -0.958396   -0.729184   -0.441966
4   -1.23222     0.301725   -0.191586

 [*,2,*]
:      1           2           3        :=
1   0.634257    0.790492    0.785292
2   0.14804    -0.0622445   1.2721
3   0.786213   -0.795617    0.626377
4   1.27345     0.0559508   0.138537

 [*,3,*]
:        1            2          3        :=
1    0.00752941    0.624023   1.12215
2   -0.0815265    -0.525995   1.16688
3    0.90277      -0.622614   0.66542
4    0.993393      0.527251   0.619896
;

np :=
1 1   -0.77326
1 2   -0.0143259
1 3   -0.308945
2 1    1.00569
2 2   -0.00319343
2 3   -2.1707e-06
3 1   -2.2042e-10
3 2    1.25252e-10
3 3    1.00521
;

vp :=
1 1   -0.70908
1 2   -0.0163222
1 3   -0.708167
2 1    0.710683
2 2   -0.00251529
2 3    0.705384
3 1    0.455577
3 2    0.00112439
3 3    0.893567
;

