solve_message = ' \
Ipopt 3.9.1: Optimal Solution Found'

Solve time:
_solve_time = 0.421203

Objective:
p :=
1 1   -0.0172231
1 2   -0.00122978
1 3   -0.0650633
2 1    0.0354649
2 2   -0.000589302
2 3    1.96552e-05
3 1   -0.0182394
3 2    0.00181905
3 3    0.0650437
;

phi :=
1 1   0.12751
1 2   0.0420796
1 3   0.0890678
2 1   0.0718853
2 2   0.0611332
2 3   0.10904
3 1   0.121104
3 2   0.0632794
3 3   0.0751893
4 1   0.159568
4 2   0.0611886
4 3   0.055543
;

l [*,1,*]
:       1            2           3        :=
1   -0.0185402    0.780219   -1.0243
2    0.786922    -0.195054   -0.996004
3    0.0215872   -0.828372   -0.978837
4   -0.785094     0.145893   -1.0071

 [*,2,*]
:      1           2          3        :=
1   1.18732     0.478715   0.191255
2   0.282944    0.451991   1.16276
3   0.292606   -0.477716   1.14892
4   1.19699    -0.452473   0.177392

 [*,3,*]
:       1            2          3        :=
1   -0.268761     0.79956    0.966825
2   -0.88532     -0.21601    0.905681
3    0.0231035   -0.775949   1.02394
4    0.64111      0.238729   1.08527
;

np :=
1 1   -0.00709388
1 2   -0.000506592
1 3   -1.00684
2 1    1.09768
2 2   -0.0182396
2 3    2.10373e-25
3 1   -0.0107518
3 2    0.00107235
3 3    1.00471
;

vp :=
1 1    0.000897553
1 2   -0.0239401
1 3   -1.00157
2 1    0.740325
2 2    0.000139453
2 3    0.669694
3 1   -0.122221
3 2    0.0119869
3 3    0.995452
;

