solve_message = ' \
Ipopt 3.9.1: Optimal Solution Found'

Solve time:
_solve_time = 0.951606

Objective:
p :=
1 1    0.0303326
1 2   -1.33813e-05
1 3   -0.0632492
2 1    0.00243606
2 2   -0.000264596
2 3    0.0639696
3 1   -0.0327687
3 2    0.000279134
3 3    0.055669
;

phi :=
1 1   0.133847
1 2   0.0234054
1 3   0.0204695
2 1   0.016853
2 2   0.21313
2 3   0.0180772
3 1   0.0164204
3 2   0.230912
3 3   0.0980201
4 1   0.130064
4 2   0.024499
4 3   0.105396
;

l [*,1,*]
:      1           2           3         :=
1   1.14722     0.491013   -0.0496426
2   0.469081    0.498771    1.00302
3   0.464817   -0.490507    1.00944
4   1.14295    -0.49984    -0.0432052

 [*,2,*]
:       1           2           3        :=
1   -0.799495    0.473704    0.882458
2   -1.118       0.523084   -0.336775
3   -1.12842    -0.472608   -0.376086
4   -0.809927   -0.523574    0.843084

 [*,3,*]
:       1           2          3        :=
1   0.0954986    0.54141    1.10657
2   0.0436725   -0.460213   1.14628
3   1.02635     -0.540833   0.397254
4   1.07974      0.460661   0.356358
;

np :=
1 1    0.367194
1 2   -0.000161999
1 3   -0.826021
2 1    8.16275e-09
2 2   -8.80913e-10
2 3    0.894175
3 1   -0.630701
3 2    0.00537248
3 3    0.337988
;

vp :=
1 1    0.806286
1 2   -0.000144136
1 3    0.479483
2 1   -0.963834
2 2    0.000131305
2 3    0.253656
3 1    0.561336
3 2    0.000655178
3 3    0.7516
;

