solve_message = ' \
Ipopt 3.9.1: Optimal Solution Found'

Solve time:
_solve_time = 1.98121

Objective:
p :=
1 1   -0.0148817
1 2   -0.0216117
1 3    0.0636546
2 1   -0.0195116
2 2    0.0262385
2 3   -0.056573
3 1    0.0343933
3 2   -0.0046268
3 3   -0.00708163
;

phi :=
1 1   0.0527046
1 2   0.0445449
1 3   0.0197866
2 1   0.0915222
2 2   0.325027
2 3   0.0332677
3 1   0.033312
3 2   0.0986147
3 3   0.201947
4 1   0.0201709
4 2   0.0324659
4 3   0.0801741
;

l [*,1,*]
:       1           2          3        :=
1   0.0225945   -0.159238   1.26483
2   0.582842    -0.882221   0.714625
3   1.24102     -0.012137   0.241765
4   0.681819     0.712231   0.791213

 [*,2,*]
:       1          2           3        :=
1    0.349412   0.925758   -0.73462
2   -0.535523   0.438965   -1.10131
3   -1.08159    0.67663    -0.100171
4   -0.197522   1.1638      0.26811

 [*,3,*]
:      1           2          3        :=
1   0.997659    0.57508    0.524458
2   0.290719    0.460865   1.10388
3   0.306811   -0.832472   0.871316
4   1.01378    -0.720317   0.291521
;

np :=
1 1   -0.0754994
1 2   -0.109643
1 3    0.863807
2 1   -0.370638
2 2    0.49842
2 3   -0.37833
3 1    0.933701
3 2   -0.125607
3 3   -1.82195e-07
;

vp :=
1 1    0.631845
1 2   -0.0850527
1 3    0.753326
2 1   -0.365953
2 2    0.801482
2 3   -0.416851
3 1    0.652523
3 2   -0.129166
3 3    0.697563
;

