solve_message = ' \
Ipopt 3.9.1: Optimal Solution Found'

Solve time:
_solve_time = 2.52722

Objective:
p :=
1 1   -0.00407215
1 2    0.0347956
1 3   -0.00477018
2 1   -0.00650624
2 2   -0.0310634
2 3   -0.0602208
3 1    0.0105784
3 2   -0.00373217
3 3    0.064991
;

phi :=
1 1   0.0812794
1 2   0.104113
1 3   0.0901922
2 1   0.0711079
2 2   0.111457
2 3   0.0888927
3 1   0.0689044
3 2   0.103582
3 3   0.070523
4 1   0.0784198
4 2   0.0969955
4 3   0.0711548
;

l [*,1,*]
:       1           2           3        :=
1    0.0417759   1.01022    -0.788368
2   -0.893067    0.912221   -0.123614
3   -0.255703    0.981305    0.784728
4    0.680155    1.07941     0.121421

 [*,2,*]
:       1           2           3        :=
1    0.193508   -0.086179   -1.26394
2    0.70981    -0.891892   -0.580075
3   -0.264591   -1.23002    -0.24086
4   -0.782445   -0.42485    -0.924184

 [*,3,*]
:       1            2          3        :=
1   -0.0294584   -0.803924   1.00404
2    0.833439    -0.131411   0.967887
3    0.116308     0.792019   1.00749
4   -0.747732     0.120976   1.0437
;

np :=
1 1   -0.117009
1 2    0.999813
1 3   -1.14636e-08
2 1   -0.103328
2 2   -0.493385
2 3   -0.585915
3 1    0.000327006
3 2   -0.000115469
3 3    0.999034
;

vp :=
1 1   -0.106337
1 2    0.995828
1 3   -0.001723
2 1   -0.0361354
2 2   -0.657915
2 3   -0.752537
3 1    0.0427953
3 2   -0.00585261
3 3    1.00579
;

