solve_message = ' \
Ipopt 3.9.1: Optimal Solution Found'

Solve time:
_solve_time = 0.530403

Objective:
p :=
1 1   -0.0278411
1 2   -0.0133091
1 3   -0.0599135
2 1    0.00998669
2 2    0.0334533
2 3   -0.00473364
3 1    0.0178542
3 2   -0.0201439
3 3    0.0646472
;

phi :=
1 1   0.167761
1 2   0.0649979
1 3   0.0432494
2 1   0.137214
2 2   0.0902438
2 3   0.0679553
3 1   0.0471203
3 2   0.0482205
3 3   0.179818
4 1   0.0565176
4 2   0.0334118
4 3   0.0992445
;

l [*,1,*]
:       1           2           3         :=
1   -0.267494   -0.338956   -1.20985
2   -0.802282   -0.83437    -0.579433
3   -1.21646     0.266951   -0.0652449
4   -0.68233     0.764119   -0.694842

 [*,2,*]
:       1          2           3        :=
1    0.823475   0.888086    0.463537
2    0.658512   0.919513   -0.631481
3   -0.473446   1.10592    -0.456251
4   -0.310285   1.07479     0.639046

 [*,3,*]
:       1            2          3        :=
1   -0.0347965    0.706228   1.0626
2   -0.477576    -0.277565   1.1569
3    0.553893    -0.77044    0.867434
4    0.998315     0.212569   0.772679
;

np :=
1 1   -0.373656
1 2   -0.178621
1 3   -0.565303
2 1    0.281061
2 2    0.941495
2 3   -1.08635e-08
3 1    0.105553
3 2   -0.119089
3 3    0.962616
;

vp :=
1 1   -0.741928
1 2   -0.0353666
1 3   -0.637593
2 1    0.174629
2 2    0.997063
2 3    0.00414916
3 1    0.260136
3 2   -0.0319101
3 3    0.964865
;

