solve_message = ' \
Ipopt 3.9.1: Optimal Solution Found'

Solve time:
_solve_time = 0.873606

Objective:
p :=
1 1   -0.0198661
1 2    0.0200303
1 3   -0.0634709
2 1    0.0341426
2 2    0.00627257
2 3    0.00236709
3 1   -0.014276
3 2   -0.0263034
3 3    0.0611038
;

phi :=
1 1   0.0870824
1 2   0.0897608
1 3   0.0883831
2 1   0.119697
2 2   0.0760774
2 3   0.084863
3 1   0.153245
3 2   0.0555992
3 3   0.0589771
4 1   0.100268
4 2   0.0632218
4 3   0.0586503
;

l [*,1,*]
:       1           2           3        :=
1    0.111487   -0.551873   -1.11913
2   -0.907347   -0.394063   -0.802331
3   -0.709006    0.764324   -0.741336
4    0.310144    0.608359   -1.05804

 [*,2,*]
:      1           2           3        :=
1   0.498252    0.935204    0.665787
2   0.19651     0.0868577   1.22912
3   0.931171   -0.596725    0.594894
4   1.23408     0.250533    0.030547

 [*,3,*]
:       1           2           3        :=
1   -0.586736   -0.252042    1.07259
2   -0.45325    -1.01237     0.463569
3    0.780136   -0.806694    0.500453
4    0.648614   -0.0460423   1.10953
;

np :=
1 1   -0.155657
1 2    0.156944
1 3   -0.846506
2 1    0.928646
2 2    0.170608
2 3    8.49336e-11
3 1   -0.159433
3 2   -0.293752
3 3    0.648762
;

vp :=
1 1   -0.298274
1 2    0.106624
1 3   -0.930334
2 1    0.715125
2 2    0.169305
2 3    0.629863
3 1    0.0971381
3 2   -0.528983
3 3    0.786779
;

