solve_message = ' \
Ipopt 3.9.1: Optimal Solution Found'

Solve time:
_solve_time = 0.858005

Objective:
p :=
1 1    0.00654491
1 2   -0.0344171
1 3    0.00830943
2 1   -0.0240867
2 2    0.00594969
2 3   -0.0644704
3 1    0.0175499
3 2    0.0284643
3 3    0.056161
;

phi :=
1 1   0.0845092
1 2   0.0707194
1 3   0.115814
2 1   0.0976223
2 2   0.0767157
2 3   0.0909785
3 1   0.0795392
3 2   0.0918433
3 3   0.0769892
4 1   0.0676957
4 2   0.0823106
4 3   0.101835
;

l [*,1,*]
:       1            2           3        :=
1    0.895746    -0.823935    0.39363
2   -0.0791294   -1.02865     0.760606
3   -0.48157     -1.13224    -0.364731
4    0.492665    -0.927686   -0.7335

 [*,2,*]
:       1           2           3        :=
1   -0.159483   -0.296881   -1.24139
2   -0.911858   -0.686727   -0.59428
3   -1.18249     0.420181   -0.243553
4   -0.430546    0.81179    -0.890109

 [*,3,*]
:       1          2           3        :=
1    0.209024   0.510677    1.1566
2    1.08464    0.284001    0.621661
3    0.727916   1.01662    -0.271813
4   -0.148264   1.24446     0.2617
;

np :=
1 1    0.188084
1 2   -0.989063
1 3    5.57459e-07
2 1   -0.0872864
2 2    0.0215452
2 3   -0.94433
3 1    0.381372
3 2    0.618558
3 3    0.359459
;

vp :=
1 1    0.207316
1 2   -0.978047
1 3    0.0138546
2 1   -0.670794
2 2    0.0622463
2 3   -0.742592
3 1    0.467979
3 2    0.764028
3 3    0.442249
;

