solve_message = ' \
Ipopt 3.9.1: Optimal Solution Found'

Solve time:
_solve_time = 1.41961

Objective:
p :=
1 1    0.0193595
1 2    0.0186315
1 3   -0.0641019
2 1   -0.00125515
2 2   -0.034991
2 3   -0.00102601
3 1   -0.0181044
3 2    0.0163595
3 3    0.065128
;

phi :=
1 1   0.0367256
1 2   0.0526647
1 3   0.12114
2 1   0.158034
2 2   0.0241521
2 3   0.0402215
3 1   0.159826
3 2   0.050793
3 3   0.0628534
4 1   0.0376142
4 2   0.0957574
4 3   0.191319
;

l [*,1,*]
:       1           2            3        :=
1   -1.11258    -0.0986948    0.606629
2   -0.961051    0.811088    -0.213895
3   -0.841218    0.120679    -0.959407
4   -0.992554   -0.790204    -0.14007

 [*,2,*]
:       1           2           3        :=
1    0.727052   -1.01441     0.337671
2   -0.131712   -1.00949     0.798802
3   -0.737843   -0.993591   -0.333084
4    0.119956   -0.998482   -0.796017

 [*,3,*]
:      1           2          3        :=
1   0.384739    0.726129   0.972342
2   0.158233   -0.272378   1.25536
3   0.991407   -0.679993   0.489003
4   1.21924     0.317865   0.204765
;

np :=
1 1    0.113211
1 2    0.108954
1 3   -0.907203
2 1   -0.0359444
2 2   -1.00206
2 3   -2.44159e-13
3 1   -0.0593932
3 2    0.0536691
3 3    1.01386
;

vp :=
1 1   -0.976911
1 2    0.0103545
1 3   -0.176359
2 1   -0.00529475
2 2   -1.00399
2 3    0.00165883
3 1    0.688495
3 2    0.0233038
3 3    0.730254
;

