solve_message = ' \
Ipopt 3.9.1: Optimal Solution Found'

Solve time:
_solve_time = 1.68481

Objective:
p :=
1 1   -0.0030611
1 2    0.000694272
1 3    0.0648466
2 1    0.00725049
2 2   -0.0346132
2 3   -0.0128208
3 1   -0.00419273
3 2    0.0339227
3 3   -0.0520257
;

phi :=
1 1   0.0386044
1 2   0.0610124
1 3   0.0681239
2 1   0.060506
2 2   0.143775
2 3   0.067746
3 1   0.0685537
3 2   0.130177
3 3   0.150281
4 1   0.0441922
4 2   0.0544058
4 3   0.147606
;

l [*,1,*]
:      1           2          3        :=
1   1.23519     0.290626   0.217186
2   0.447905    0.769748   0.924926
3   0.133682   -0.233346   1.25599
4   0.920464   -0.714067   0.548775

 [*,2,*]
:       1            2           3        :=
1    0.51577     -0.943679    0.770298
2   -0.562111    -1.18709     0.15383
3   -0.0784722   -1.10013    -0.728454
4    1.00018     -0.856582   -0.113391

 [*,3,*]
:       1          2           3         :=
1    0.241391   1.16265     0.479182
2    0.684682   0.937544   -0.539458
3   -0.353779   0.779822   -0.957348
4   -0.798723   1.00467     0.0606257
;

np :=
1 1   -4.47399e-08
1 2    1.00169e-08
1 3    0.983593
2 1    0.220441
2 2   -1.05237
2 3   -1.1615e-05
3 1   -0.103924
3 2    0.840833
3 3   -0.210441
;

vp :=
1 1    0.684623
1 2    0.0280489
1 3    0.736436
2 1    0.219271
2 2   -1.02177
2 3    0.0208163
3 1   -0.0567843
3 2    0.971262
3 3   -0.238844
;

