solve_message = ' \
Ipopt 3.9.1: Optimal Solution Found'

Solve time:
_solve_time = 1.62241

Objective:
p :=
1 1    0.00224063
1 2    0.00128293
1 3    0.0651149
2 1   -5.70997e-05
2 2    0.0340533
2 3   -0.0532257
3 1   -0.00219307
3 2   -0.0353793
3 3   -0.0118729
;

phi :=
1 1   0.0496577
1 2   0.172565
1 3   0.0638767
2 1   0.0749914
2 2   0.0958145
2 3   0.141431
3 1   0.0533344
3 2   0.0568681
3 3   0.138
4 1   0.0348913
4 2   0.0932858
4 3   0.0608463
;

l [*,1,*]
:       1           2            3        :=
1   -0.865549   -0.782844     0.534751
2   -0.555369    0.0692827    1.15613
3   -0.937815    0.804948     0.339325
4   -1.2486     -0.0460068   -0.28335

 [*,2,*]
:       1          2           3        :=
1    0.784547   1.00531    -0.148772
2    0.104468   0.727421   -1.05105
3   -0.788833   0.912583   -0.436499
4   -0.110177   1.19077     0.466759

 [*,3,*]
:       1           2           3        :=
1   -0.442751   -0.937593   -0.762319
2    0.668941   -1.00514    -0.486663
3    0.394403   -1.09031     0.596848
4   -0.717726   -1.0229      0.322917
;

np :=
1 1    6.9704e-09
1 2    3.21748e-09
1 3    1.01244
2 1   -0.00138395
2 2    0.825364
2 3   -0.246864
3 1   -0.0676189
3 2   -1.09085
3 3   -6.73966e-06
;

vp :=
1 1   -0.901958
1 2    0.0110057
1 3    0.436465
2 1   -0.0022282
2 2    0.959132
2 3   -0.292031
3 1   -0.0247262
3 2   -1.01396
3 3   -0.0824138
;

