solve_message = ' \
Ipopt 3.9.1: Optimal Solution Found'

Solve time:
_solve_time = 0.655204

Objective:
p :=
1 1    0.0165467
1 2    0.0216324
1 3   -0.0628525
2 1    0.0054869
2 2   -0.0341581
2 3   -0.000989604
3 1   -0.0220315
3 2    0.0125252
3 3    0.0638421
;

phi :=
1 1   0.0227605
1 2   0.0107858
1 3   0.0259054
2 1   0
2 2   0
2 3   0.471833
3 1   0.0164357
3 2   0.0486864
3 3   0
4 1   0.126454
4 2   0.348809
4 3   0
;

l [*,1,*]
:      1           2            3         :=
1   0.739381    0.826253     0.496006
2   0.650952   -0.0561619    0.974112
3   1.08136    -0.640404     0.0154013
4   1.17048     0.24108     -0.464232

 [*,2,*]
:       1           2           3        :=
1    0.908196   -0.639552    0.406973
2   -0.269256   -0.945704    0.735779
3   -0.455738   -1.19802    -0.177263
4    0.721417   -0.892266   -0.507524

 [*,3,*]
:       1           2          3        :=
1    0.103702    0.839343   0.892274
2   -0.90179     0.608124   0.585174
3   -0.739574   -0.508975   0.909524
4    0.266177   -0.279535   1.21714
;

np :=
1 1    0.104923
1 2    0.137195
1 3   -0.790434
2 1    0.146218
2 2   -0.910255
2 3   -1.89239e-13
3 1   -0.0906309
3 2    0.0515416
3 3    0.881776
;

vp :=
1 1    0.910579
1 2    0.0930432
1 3    0.255131
2 1    0.226624
2 2   -0.918763
2 3    0.11436
3 1   -0.317471
3 2    0.164831
3 3    0.901151
;

