solve_message = ' \
Ipopt 3.9.1: Optimal Solution Found'

Solve time:
_solve_time = 0.733205

Objective:
p :=
1 1   -0.00811949
1 2   -0.0342462
1 3   -0.0219536
2 1   -0.00843713
2 2    0.0337232
2 3   -0.0426005
3 1    0.0165567
3 2    0.000522895
3 3    0.0645541
;

phi :=
1 1   0.0641769
1 2   0.0885487
1 3   0.0700035
2 1   0.130349
2 2   0.0611978
2 3   0.0490315
3 1   0.130198
3 2   0.102472
3 3   0.0486341
4 1   0.0717074
4 2   0.150951
4 3   0.0687266
;

l [*,1,*]
:       1            2           3        :=
1   -0.413957    -0.942315    0.784608
2   -0.882146    -0.923743   -0.322196
3    0.0900865   -1.05096    -0.738698
4    0.559824    -1.06974     0.367443

 [*,2,*]
:       1          2           3        :=
1   -0.897349   0.891252    0.294064
2    0.219942   1.0547      0.655946
3    0.550098   1.06598    -0.365921
4   -0.566667   0.902552   -0.72943

 [*,3,*]
:      1           2          3        :=
1   0.992411    0.689455   0.43737
2   0.236253    0.427967   1.19002
3   0.425018   -0.704136   0.98735
4   1.18148    -0.444452   0.234378
;

np :=
1 1   -0.239873
1 2   -1.01173
1 3   -0.000501355
2 1   -0.231416
2 2    0.924969
2 3   -0.0519412
3 1    0.00531616
3 2    0.000167914
3 3    0.952955
;

vp :=
1 1   -0.161361
1 2   -0.996697
1 3    0.0232303
2 1   -0.173939
2 2    0.978556
2 3   -0.0364796
3 1    0.709091
3 2   -0.00768773
3 3    0.71198
;

