solve_message = ' \
Ipopt 3.9.1: Optimal Solution Found'

Solve time:
_solve_time = 1.06081

Objective:
p :=
1 1   -0.0160647
1 2    0.0208507
1 3    0.0644683
2 1   -0.0114409
2 2   -0.0331414
2 3   -0.00375752
3 1    0.0275072
3 2    0.0122892
3 3   -0.0607108
;

phi :=
1 1   0.0277966
1 2   0.0161916
1 3   0.236719
2 1   0.141979
2 2   0.0443978
2 3   0.0613277
3 1   0.183512
3 2   0.11278
3 3   0.0183794
4 1   0.0201534
4 2   0.0640195
4 3   0.101965
;

l [*,1,*]
:       1           2            3        :=
1   -0.587128    0.0195551    1.13303
2   -0.919703    0.848024     0.246504
3   -1.22661     0.10115     -0.338574
4   -0.894524   -0.728508     0.547024

 [*,2,*]
:       1           2           3         :=
1   -0.218949   -1.02126     0.767989
2   -0.995377   -0.834628    0.0776415
3   -0.219638   -0.959987   -0.853434
4    0.558025   -1.14682    -0.164569

 [*,3,*]
:      1           2           3         :=
1   1.14708     0.486622   0.00581571
2   0.41819     0.559075   1.06628
3   0.417398   -0.393881   1.13423
4   1.14629    -0.467852   0.0738799
;

np :=
1 1   -0.0830364
1 2    0.107775
1 3    0.944124
2 1   -0.330297
2 2   -0.956786
2 3   -2.15733e-09
3 1    0.319702
3 2    0.142831
3 3   -0.620106
;

vp :=
1 1   -0.906859
1 2    0.0597248
1 3    0.39735
2 1   -0.218675
2 2   -0.990747
2 3   -0.0428184
3 1    0.782531
3 2    0.0459617
3 3    0.569628
;

