solve_message = ' \
Ipopt 3.9.1: Optimal Solution Found'

Solve time:
_solve_time = 1.41961

Objective:
p :=
1 1    0.0324415
1 2   -0.00690469
1 3   -0.0564883
2 1   -0.03476
2 2   -0.00467776
2 3   -0.00777214
3 1    0.00230639
3 2    0.0115228
3 3    0.0642598
;

phi :=
1 1   0.0323867
1 2   0.12901
1 3   0.0769667
2 1   0.0436683
2 2   0.126757
2 3   0.0814988
3 1   0.0573588
3 2   0.12481
3 3   0.0954717
4 1   0.0471695
4 2   0.133096
4 3   0.0881089
;

l [*,1,*]
:      1           2          3        :=
1   0.224848   -0.54332    1.12882
2   1.22474    -0.321694   0.154731
3   1.13431     0.498495   0.247664
4   0.134279    0.278176   1.2219

 [*,2,*]
:       1           2           3        :=
1   -1.19974     0.406199   -0.237691
2   -0.306828    0.500972   -1.1462
3   -0.220325   -0.506597   -1.1685
4   -1.1131     -0.602975   -0.260028

 [*,3,*]
:      1           2          3        :=
1   0.201635    0.588431   1.14072
2   0.186107   -0.365729   1.27498
3   1.14385    -0.509837   0.375282
4   1.1609      0.444095   0.239591
;

np :=
1 1    0.671352
1 2   -0.142887
1 3   -0.374382
2 1   -1.0057
2 2   -0.13534
2 3   -3.49451e-07
3 1    8.6795e-05
3 2    0.000436873
3 3    0.922962
;

vp :=
1 1    0.679146
1 2   -0.0221739
1 3    0.688665
2 1   -0.710355
2 2   -0.0506383
2 3   -0.702742
3 1    0.673128
3 2    0.0396201
3 3    0.75759
;

