solve_message = ' \
Ipopt 3.9.1: Optimal Solution Found'

Solve time:
_solve_time = 0.343202

Objective:
p :=
1 1   -0.0166269
1 2    0.0227448
1 3    0.0644467
2 1    0.0338177
2 2    0.00671297
2 3   -0.0158686
3 1   -0.0171904
3 2   -0.0294585
3 3   -0.0485781
;

phi :=
1 1   0.0477881
1 2   0.122092
1 3   0
2 1   0.225816
2 2   0.107889
2 3   0.0229207
3 1   0.017697
3 2   3.80691e-05
3 3   0.398916
4 1   0
4 2   0.00779206
4 3   0.0836952
;

l [*,1,*]
:      1           2           3        :=
1   1.24783     0.142522    0.236005
2   0.68169     0.839574    0.690502
3   0.047761   -0.0645106   1.28331
4   0.612888   -0.763002    0.829757

 [*,2,*]
:      1           2          3        :=
1   1.10043     0.614994   0.257135
2   0.378682    0.695102   1.00393
3   0.348952   -0.519535   1.10636
4   1.07065    -0.601578   0.359726

 [*,3,*]
:       1            2           3        :=
1    0.176956    -1.16714     0.414734
2   -0.825819    -0.839096    0.548744
3   -0.932929    -0.669988   -0.634138
4    0.0696749   -0.997759   -0.770031
;

np :=
1 1   -0.129251
1 2    0.17681
1 3    0.941913
2 1    0.882847
2 2    0.175249
2 3   -5.16834e-05
3 1   -0.420621
3 2   -0.72079
3 3   -0.130224
;

vp :=
1 1    0.647766
1 2    0.0383679
1 3    0.759713
2 1    0.724965
2 2    0.0472136
2 3    0.68149
3 1   -0.37763
3 2   -0.918626
3 3   -0.110226
;

