solve_message = ' \
Ipopt 3.9.1: Optimal Solution Found'

Solve time:
_solve_time = 2.26201

Objective:
p :=
1 1   -0.0208662
1 2    0.00119771
1 3   -0.0649888
2 1   -0.0136085
2 2    0.00301048
2 3    0.0655035
3 1    0.0344774
3 2   -0.00420837
3 3   -0.000514697
;

phi :=
1 1   0.035937
1 2   0.166499
1 3   0.0654828
2 1   0
2 2   0.0411556
2 3   0.0930675
3 1   0.258773
3 2   0.022293
3 3   0.07827
4 1   0.196214
4 2   0.00786446
4 3   0.054872
;

l [*,1,*]
:       1           2           3        :=
1    0.969283    0.351875   -0.764928
2    0.773342   -0.592063   -0.841903
3   -0.446433   -0.341377   -1.12132
4   -0.252436    0.60296    -1.04479

 [*,2,*]
:       1            2          3        :=
1   -0.300435     0.409738   1.19171
2    0.0590905   -0.807389   0.984234
3    0.915565    -0.476492   0.706092
4    0.557403     0.741162   0.913127

 [*,3,*]
:      1           2          3        :=
1   0.820623    0.606144   0.734191
2   0.225133    0.147825   1.27133
3   0.545656   -0.956515   0.653002
4   1.14166    -0.499955   0.114883
;

np :=
1 1   -0.0270336
1 2    0.00155163
1 3   -0.998795
2 1   -0.00154743
2 2    0.000342488
2 3    1.0555
3 1    0.940884
3 2   -0.114846
3 3   -1.95193e-15
;

vp :=
1 1    0.261017
1 2    0.00572511
1 3   -0.943206
2 1    0.307763
2 2   -0.0327601
2 3    0.948874
3 1    0.683505
3 2   -0.175443
3 3    0.693136
;

