solve_message = ' \
Ipopt 3.9.1: Optimal Solution Found'

Solve time:
_solve_time = 0.904806

Objective:
p :=
1 1   -0.0150225
1 2    0.031215
1 3   -0.00541113
2 1   -0.0151641
2 2   -0.0299686
2 3   -0.0556824
3 1    0.0302576
3 2   -0.0012556
3 3    0.0610935
;

phi :=
1 1   0.078612
1 2   0.0949322
1 3   0.0859151
2 1   0.0797608
2 2   0.0997697
2 3   0.0774301
3 1   0.0862194
3 2   0.0992184
3 3   0.0708661
4 1   0.0841359
4 2   0.0999123
4 3   0.0797045
;

l [*,1,*]
:       1          2           3         :=
1   -0.190481   1.05048     0.699107
2    0.404729   1.20103    -0.128685
3   -0.497536   0.795604   -0.852181
4   -1.09418    0.644407   -0.0255413

 [*,2,*]
:       1            2           3        :=
1   -1.04562     -0.718844   -0.24401
2   -0.475106    -0.447581   -1.10487
3    0.484214    -0.983302   -0.639074
4   -0.0847716   -1.25542     0.222526

 [*,3,*]
:      1           2           3        :=
1   1.01001    -0.591451   0.554312
2   1.25609     0.161461   0.0728155
3   0.398446    0.890269   0.766128
4   0.151       0.138517   1.24873
;

np :=
1 1   -0.403499
1 2    0.838424
1 3   -2.76928e-08
2 1   -0.338301
2 2   -0.668571
2 3   -0.338556
3 1    0.36267
3 2   -0.0150202
3 3    0.647994
;

vp :=
1 1   -0.344605
1 2    0.922819
1 3   -0.0764954
2 1   -0.280548
2 2   -0.851395
2 3   -0.441013
3 1    0.70379
3 2    0.149399
3 3    0.660688
;

