solve_message = ' \
Ipopt 3.9.1: Optimal Solution Found'

Solve time:
_solve_time = 0.358802

Objective:
p :=
1 1    0.0023735
1 2   -0.0178497
1 3   -0.0651811
2 1   -0.00283581
2 2   -0.0168753
2 3    0.0658583
3 1    0.000462314
3 2    0.034725
3 3   -0.000677271
;

phi :=
1 1   0.0316702
1 2   0.160605
1 3   0.124599
2 1   0.101713
2 2   0.134471
2 3   0.0509352
3 1   0.197325
3 2   0.0396115
3 3   0.0149413
4 1   0.0740128
4 2   0.0432292
4 3   0.0579847
;

l [*,1,*]
:       1           2           3        :=
1    0.267609    0.784218   -0.969275
2    1.08191     0.367694   -0.568749
3    0.615389   -0.773073   -0.804999
4   -0.199651   -0.358366   -1.2059

 [*,2,*]
:       1           2           3        :=
1   -0.902166   -0.811244    0.409238
2   -0.492911    0.083167    1.17981
3   -0.845963    0.789063    0.550698
4   -1.25578    -0.104224   -0.220872

 [*,3,*]
:       1          2           3        :=
1    0.585547   0.864919    0.626582
2    0.587662   1.04695    -0.437335
3   -0.562788   1.05965    -0.4388
4   -0.566736   0.87764     0.625114
;

np :=
1 1    0.00125757
1 2   -0.0094574
1 3   -1.01966
2 1   -0.00110661
2 2   -0.00658521
2 3    1.09618
3 1    0.0126051
3 2    0.946784
3 3   -1.33334e-14
;

vp :=
1 1    0.440989
1 2    0.00528372
1 3   -0.887391
2 1   -0.874369
2 2   -0.0111658
2 3    0.47941
3 1    0.0109201
3 2    0.962215
3 3    0.0943144
;

