solve_message = ' \
Ipopt 3.9.1: Optimal Solution Found'

Solve time:
_solve_time = 1.63801

Objective:
p :=
1 1    0.00615244
1 2   -0.0212683
1 3    0.0648421
2 1   -0.00101335
2 2   -0.0133814
2 3   -0.0650714
3 1   -0.00513911
3 2    0.0346499
3 3    0.000229277
;

phi :=
1 1   0.0250885
1 2   0.0516249
1 3   0.0233499
2 1   0.0777294
2 2   0.209332
2 3   0.0252726
3 1   0.207298
3 2   0.109977
3 3   0.0981503
4 1   0.0900145
4 2   0.0171313
4 3   0.0975481
;

l [*,1,*]
:       1           2          3        :=
1    0.563641    0.503102   1.01741
2   -0.585641    0.511228   1.00004
3   -0.594937   -0.600502   0.977096
4    0.55433    -0.610399   0.994427

 [*,2,*]
:      1           2           3         :=
1   1.24747    -0.337258   -0.0388511
2   0.518166   -0.600525   -1.01381
3   0.362565    0.394142   -1.166
4   1.09162     0.658993   -0.191291

 [*,3,*]
:       1          2           3        :=
1    0.182395   1.07953     0.682906
2    0.583458   1.0776     -0.375275
3   -0.465672   0.911994   -0.774202
4   -0.868407   0.913664    0.283344
;

np :=
1 1    0.0112634
1 2   -0.0389364
1 3    0.983123
2 1   -9.19927e-05
2 2   -0.00121469
2 3   -1.00772
3 1   -0.147562
3 2    0.994924
3 3    6.79407e-18
;

vp :=
1 1   -0.0151938
1 2   -0.0491463
1 3    0.997249
2 1    0.805248
2 2    0.0289434
2 3   -0.602099
3 1   -0.142216
3 2    0.995696
3 3   -0.0453852
;

