solve_message = ' \
Ipopt 3.9.1: Optimal Solution Found'

Solve time:
_solve_time = 0.327602

Objective:
p :=
1 1   -0.0140345
1 2   -0.031705
1 3   -0.00292229
2 1    0.0161982
2 2    0.000482418
2 3    0.0646903
3 1   -0.00216367
3 2    0.0312226
3 3   -0.061768
;

phi :=
1 1   0.0807694
1 2   0.086895
1 3   0.06728
2 1   0.104735
2 2   0.124849
2 3   0.0766366
3 1   0.0767998
3 2   0.0807898
3 3   0.118031
4 1   0.0573739
4 2   0.0556832
4 3   0.106225
;

l [*,1,*]
:       1           2           3        :=
1   -0.210453   -1.08296     0.636175
2   -1.03954    -0.649744    0.270088
3   -0.566859   -0.703529   -0.869857
4    0.262977   -1.13683    -0.505585

 [*,2,*]
:      1           2          3        :=
1   0.973504    0.699116   0.469731
2   0.247549    0.401227   1.1989
3   0.457524   -0.743748   0.940762
4   1.18381    -0.447682   0.211185

 [*,3,*]
:       1           2            3        :=
1    0.558459    0.222021    -1.12003
2   -0.376249   -0.0693707   -1.2123
3   -0.751867    0.907241    -0.493401
4    0.182242    1.20019     -0.399987
;

np :=
1 1   -0.378986
1 2   -0.856158
1 3   -3.71254e-10
2 1    0.00455949
2 2    0.000135797
2 3    0.967125
3 1   -0.0316061
3 2    0.456087
3 3   -0.699767
;

vp :=
1 1   -0.388138
1 2   -0.893439
1 3   -0.117149
2 1    0.715887
2 2   -0.0226532
2 3    0.704853
3 1   -0.0964813
3 2    0.565136
3 3   -0.806394
;

