solve_message = ' \
Ipopt 3.9.1: Optimal Solution Found'

Solve time:
_solve_time = 0.811205

Objective:
p :=
1 1    0.00134379
1 2   -0.0354018
1 3    0.038821
2 1   -0.0150615
2 2    0.0318402
2 3    0.026028
3 1    0.0137131
3 2    0.00356077
3 3   -0.0649002
;

phi :=
1 1   0.0516445
1 2   0.048795
1 3   0.0310818
2 1   0.0406032
2 2   0.0469229
2 3   0.0377775
3 1   0.140637
3 2   0.172678
3 3   0.0500547
4 1   0.2159
4 2   0.157
4 3   0.0390977
;

l [*,1,*]
:       1           2           3        :=
1   -0.697659   -1.05687     0.360547
2   -0.668928   -0.980502   -0.566899
3    0.680299   -1.03205    -0.529682
4    0.653717   -1.10849     0.397824

 [*,2,*]
:       1           2           3        :=
1   -0.733315    0.7369     -0.80394
2   -1.04642     0.802489    0.269885
3    0.0024271   1.21852     0.553991
4    0.317206    1.15359    -0.519382

 [*,3,*]
:       1           2           3        :=
1   -0.963016   -0.485464   -0.695303
2   -0.998691   -0.776406    0.17113
3   -1.01373     0.487295    0.595054
4   -0.978083    0.78025    -0.270703
;

np :=
1 1    0.041294
1 2   -1.08788
1 3    0.0271061
2 1   -0.447028
2 2    0.945025
2 3    0.00163148
3 1    0.00172249
3 2    0.000447335
3 3   -0.989306
;

vp :=
1 1   -0.00815373
1 2   -1.04451
1 3   -0.0841828
2 1   -0.364901
2 2    0.977848
2 3   -0.125289
3 1   -0.988367
3 2    0.00153503
3 3   -0.0503006
;

