solve_message = ' \
Ipopt 3.9.1: Optimal Solution Found'

Solve time:
_solve_time = 0.670804

Objective:
p :=
1 1   -0.000255019
1 2    0.0352533
1 3   -0.0454781
2 1    0.00389845
2 2    3.11616e-05
2 3    0.0658272
3 1   -0.00363709
3 2   -0.0352887
3 3   -0.0202962
;

phi :=
1 1   0.104986
1 2   0.0531062
1 3   0.121394
2 1   0.11025
2 2   0.0188666
2 3   0.131385
3 1   0.180482
3 2   0.0157514
3 3   0.10428
4 1   0.0367888
4 2   0.0535217
4 3   0.103269
;

l [*,1,*]
:       1          2           3        :=
1    0.140224   0.764145   -0.956483
2   -0.697009   0.829434   -0.581243
3   -0.166205   1.21071     0.595261
4    0.671873   1.14602     0.221896

 [*,2,*]
:      1           2          3        :=
1   0.488372    0.848114   0.871631
2   0.258537   -0.411507   1.25571
3   0.909625   -0.733393   0.604706
4   1.1405      0.525715   0.219593

 [*,3,*]
:       1           2           3        :=
1    0.513615   -1.19175     0.419099
2   -0.494257   -1.12273     0.583936
3   -0.681649   -0.897198   -0.632152
4    0.325925   -0.965856   -0.798926
;

np :=
1 1   -0.0076096
1 2    1.05194
1 3   -0.082077
2 1    2.05714e-07
2 2    2.90568e-09
2 3    1.09256
3 1   -0.112683
3 2   -1.0933
3 3   -0.000277157
;

vp :=
1 1   -0.0124455
1 2    0.987551
1 3   -0.180291
2 1    0.699349
2 2    0.0577339
2 3    0.737756
3 1   -0.0836898
3 2   -1.04441
3 3   -0.107077
;

