solve_message = ' \
Ipopt 3.9.1: Optimal Solution Found'

Solve time:
_solve_time = 0.936006

Objective:
p :=
1 1   -0.00163554
1 2    0.0346979
1 3   -0.00971884
2 1    0.00143403
2 2   -0.0332144
2 3   -0.0558497
3 1    0.000201506
3 2   -0.00148351
3 3    0.0655686
;

phi :=
1 1   0.119495
1 2   0.122771
1 3   0.0674327
2 1   0.0848161
2 2   0.118485
2 3   0.0644314
3 1   0.0611376
3 2   0.0826416
3 3   0.0634103
4 1   0.0885548
4 2   0.0944993
4 3   0.0677972
;

l [*,1,*]
:       1          2           3        :=
1    0.130008   1.03888    -0.66205
2   -0.834309   0.893852   -0.109566
3   -0.240646   0.83536     0.853047
4    0.724617   0.980292    0.302097

 [*,2,*]
:       1           2           3        :=
1   -0.15075    -0.452263   -1.18728
2    0.844344   -0.78737    -0.579269
3    0.238176   -1.26029     0.131553
4   -0.757883   -0.925933   -0.47532

 [*,3,*]
:       1           2          3        :=
1    0.427597    0.597898   1.06053
2   -0.772735    0.448799   0.929008
3   -0.646823   -0.591819   0.948916
4    0.553709   -0.444377   1.08047
;

np :=
1 1   -0.0446578
1 2    0.947413
1 3   -1.67073e-06
2 1    0.0300932
2 2   -0.697004
2 3   -0.345744
3 1    3.52676e-11
3 2   -2.59645e-10
3 3    1.06286
;

vp :=
1 1   -0.054698
1 2    0.937153
1 3    0.0956621
2 1    0.0430751
2 2   -0.85633
2 3   -0.52782
3 1   -0.109085
3 2    0.00268446
3 3    1.00478
;

