solve_message = ' \
Ipopt 3.9.1: Optimal Solution Found'

Solve time:
_solve_time = 0.592804

Objective:
p :=
1 1    0.0349958
1 2   -0.00103777
1 3   -0.00634263
2 1   -0.0100535
2 2   -0.0203161
2 3    0.0649409
3 1   -0.0249316
3 2    0.0213756
3 3   -0.0585982
;

phi :=
1 1   0.034527
1 2   0.0220126
1 3   0.158857
2 1   0.112443
2 2   0.0514691
2 3   0.218778
3 1   0.127721
3 2   0.0997998
3 3   0.0666592
4 1   0.0419816
4 2   0.0495647
4 3   0.0500845
;

l [*,1,*]
:      1           2          3        :=
1   0.207543    0.346513   1.2163
2   0.519503   -0.766557   0.887015
3   1.21313    -0.36786    0.192151
4   0.902275    0.745845   0.520331

 [*,2,*]
:        1            2           3        :=
1   -0.08371       0.792376    1.00395
2   -0.838453     -0.0997797   0.966289
3   -0.00480153   -0.808246    0.998701
4    0.751269      0.0827809   1.03641

 [*,3,*]
:       1            2            3        :=
1    0.169986     0.58585     -1.12831
2   -0.921733    -0.0857368   -0.861725
3   -1.12344      0.511953    -0.16097
4   -0.0320476    1.18449     -0.426436
;

np :=
1 1    1.0018
1 2   -0.0297077
1 3   -8.42346e-08
2 1   -0.0211873
2 2   -0.042814
2 3    0.993649
3 1   -0.486094
3 2    0.416761
3 3   -0.483948
;

vp :=
1 1    0.710489
1 2   -0.010071
1 3    0.70408
2 1   -0.0436228
2 2   -0.00786208
2 3    1.00135
3 1   -0.476375
3 2    0.549407
3 3   -0.644465
;

