solve_message = ' \
Ipopt 3.9.1: Optimal Solution Found'

Solve time:
_solve_time = 2.24641

Objective:
p :=
1 1   -0.0157644
1 2    0.0203814
1 3    0.064382
2 1    0.0287712
2 2    0.0116791
2 3   -0.0596135
3 1   -0.0130023
3 2   -0.0320651
3 3   -0.00476846
;

phi :=
1 1   0
1 2   0.187806
1 3   0.0276435
2 1   0.0269424
2 2   0.157755
2 3   0.227445
3 1   0.202107
3 2   0.0103
3 3   0.0908361
4 1   0.0741583
4 2   0.0202686
4 3   0.0019541
;

l [*,1,*]
:       1           2           3        :=
1   -0.647591   -0.692534    0.849698
2   -0.360407    0.235495    1.20026
3   -0.973855    0.772556    0.2862
4   -1.26202    -0.154618   -0.065823

 [*,2,*]
:      1           2          3        :=
1   1.25827     0.151073   0.129317
2   0.629737    0.790581   0.748941
3   0.137766   -0.150049   1.22385
4   0.765512   -0.791054   0.604987

 [*,3,*]
:       1           2           3        :=
1   -1.00448    -0.801894    0.158551
2   -0.337778   -0.822988   -0.881128
3    0.486679   -1.07733    -0.344311
4   -0.178707   -1.05664     0.696223
;

np :=
1 1   -0.0717023
1 2    0.092701
1 3    0.935313
2 1    0.400816
2 2    0.162707
2 3   -0.545783
3 1   -0.346794
3 2   -0.8552
3 3   -1.14338e-08
;

vp :=
1 1   -0.811082
1 2    0.039855
1 3    0.567445
2 1    0.69807
2 2   -0.00011738
2 3    0.676528
3 1   -0.258836
3 2   -0.939706
3 3   -0.0922518
;

