solve_message = ' \
Ipopt 3.9.1: Optimal Solution Found'

Solve time:
_solve_time = 0.405603

Objective:
p :=
1 1   -0.0312252
1 2   -0.0112187
1 3   -0.0577703
2 1    0.0350932
2 2   -0.00101918
2 3   -0.00677214
3 1   -0.00386084
3 2    0.0122112
3 3    0.0645425
;

phi :=
1 1   0.130859
1 2   0.0731675
1 3   0.0537702
2 1   0.157884
2 2   0.0807468
2 3   0.074444
3 1   0.123097
3 2   0.0606024
3 3   0.0733756
4 1   0.100561
4 2   0.0542131
4 3   0.052873
;

l [*,1,*]
:       1           2            3        :=
1   -1.27222     0.0717199   -0.189815
2   -0.575961    0.509961    -1.03079
3   -0.144436   -0.477657    -1.18966
4   -0.840008   -0.917471    -0.348947

 [*,2,*]
:      1           2          3        :=
1   1.20876     0.372219   0.20605
2   0.462996    0.714323   0.95769
3   0.210588   -0.379999   1.20646
4   0.955952   -0.723846   0.455216

 [*,3,*]
:      1           2          3        :=
1   1.19314    -0.392353   0.269326
2   1.03258     0.666884   0.345692
3   0.194435    0.481148   1.16649
4   0.353664   -0.578385   1.09143
;

np :=
1 1   -0.647494
1 2   -0.232634
1 3   -0.438065
2 1    1.02137
2 2   -0.0296628
2 3   -1.33256e-07
3 1   -0.0002594
3 2    0.000820514
3 3    0.951756
;

vp :=
1 1   -0.708433
1 2   -0.203537
1 3   -0.689468
2 1    0.709872
2 2   -0.00446245
2 3    0.706054
3 1    0.69352
3 2    0.0439013
3 3    0.718206
;

