solve_message = ' \
Ipopt 3.9.1: Optimal Solution Found'

Solve time:
_solve_time = 0.530403

Objective:
p :=
1 1   -0.0145932
1 2   -0.0306823
1 3    0.0496056
2 1   -0.0198781
2 2    0.0275658
2 3   -0.0518994
3 1    0.0344713
3 2    0.00311656
3 3    0.00229382
;

phi :=
1 1   0.112069
1 2   0.103873
1 3   0.0876637
2 1   0.0987127
2 2   0.152949
2 3   0.0618812
3 1   0.06475
3 2   0.0704713
3 3   0.0654023
4 1   0.0655701
4 2   0.059958
4 3   0.0925151
;

l [*,1,*]
:       1            2           3        :=
1   -0.595287    -0.894767   -0.675585
2    0.375354    -1.10924    -0.349937
3    0.0380884   -0.92386     0.780296
4   -0.93309     -0.709092    0.456447

 [*,2,*]
:       1          2           3        :=
1    0.221624   1.06056    -0.601633
2   -0.555248   0.652699   -0.961368
3   -1.08023    0.60409     0.215541
4   -0.304191   1.01188     0.57715

 [*,3,*]
:      1           2          3        :=
1   1.07569     0.622809   0.332118
2   0.266544    0.500092   1.15388
3   0.353681   -0.598122   1.07718
4   1.16297    -0.477155   0.255294
;

np :=
1 1   -0.348903
1 2   -0.733572
1 3    0.150771
2 1   -0.476055
2 2    0.660164
2 3   -0.206891
3 1    0.921157
3 2    0.0832821
3 3    6.81541e-11
;

vp :=
1 1   -0.27912
1 2   -0.909155
1 3    0.052676
2 1   -0.429201
2 2    0.83247
2 3   -0.192434
3 1    0.715043
3 2    0.0119544
3 3    0.704289
;

