solve_message = ' \
Ipopt 3.9.1: Optimal Solution Found'

Solve time:
_solve_time = 1.20121

Objective:
p :=
1 1   -0.0120436
1 2    0.0169819
1 3   -0.0649353
2 1    0.0198896
2 2    0.0171352
2 3    0.0643134
3 1   -0.00784616
3 2   -0.0341196
3 3    0.000621836
;

phi :=
1 1   0.186488
1 2   0.0329338
1 3   0.0282313
2 1   0.0355128
2 2   0.181917
2 3   0
3 1   0
3 2   0.113216
3 3   0.129487
4 1   0.07789
4 2   0.0015028
4 3   0.264492
;

l [*,1,*]
:      1           2           3         :=
1   0.764145    0.726562   -0.776522
2   1.22832     0.307531    0.295453
3   1.08208    -0.729995   -0.0390992
4   0.61767    -0.312618   -1.11161

 [*,2,*]
:      1           2           3        :=
1   1.2659      0.205598    0.10997
2   0.511061    0.909889    0.752439
3   0.157882    0.0561857   1.27553
4   0.912153   -0.649465    0.633896

 [*,3,*]
:       1           2           3        :=
1    0.28671    -1.0875     -0.668403
2    0.471205   -1.16152     0.380585
3   -0.747893   -0.873685    0.61583
4   -0.934331   -0.799207   -0.432784
;

np :=
1 1   -0.0152358
1 2    0.0214876
1 3   -0.993049
2 1    0.101195
2 2    0.0871854
2 3    0.928361
3 1   -0.224567
3 2   -0.976545
3 3    7.32659e-15
;

vp :=
1 1    0.92287
1 2   -0.00196336
1 3   -0.408371
2 1    0.712049
2 2    0.130271
2 3    0.692704
3 1   -0.231151
3 2   -0.98045
3 3   -0.026611
;

