solve_message = ' \
Ipopt 3.9.1: Optimal Solution Found'

Solve time:
_solve_time = 0.748805

Objective:
p :=
1 1   -0.0150332
1 2   -0.030313
1 3    0.049901
2 1   -0.0150674
2 2    0.0310667
2 3    0.0108374
3 1    0.0301226
3 2   -0.000753802
3 3   -0.0607384
;

phi :=
1 1   0.074218
1 2   0.134173
1 3   0.0902774
2 1   0.0526828
2 2   0.109237
2 3   0.0666307
3 1   0.120845
3 2   0.0479209
3 3   0.0541494
4 1   0.131624
4 2   0.0751888
4 3   0.0778674
;

l [*,1,*]
:       1           2           3        :=
1    0.396401   -0.987519    0.485084
2   -0.422115   -0.794152    0.848958
3   -0.954936   -0.819822   -0.358694
4   -0.137269   -1.01323    -0.724491

 [*,2,*]
:       1          2           3        :=
1   -0.300349   0.913467   -0.800543
2   -1.03301    0.762358   -0.244244
3   -0.280372   0.881859    0.808659
4    0.453483   1.03316     0.254037

 [*,3,*]
:      1           2           3        :=
1   1.17665     0.500407   0.0294631
2   0.661459    0.876344   0.595298
3   0.340658   -0.379783   1.13937
4   0.855342   -0.757721   0.574401
;

np :=
1 1   -0.350625
1 2   -0.706989
1 3    0.157159
2 1   -0.396783
2 2    0.818043
2 3    3.57756e-06
3 1    0.350416
3 2   -0.00876751
3 3   -0.622083
;

vp :=
1 1   -0.279154
1 2   -0.903758
1 3    0.0625689
2 1   -0.289769
2 2    0.897771
2 3    0.00425595
3 1    0.758733
3 2    0.0596617
3 3    0.584408
;

