solve_message = ' \
Ipopt 3.9.1: Optimal Solution Found'

Solve time:
_solve_time = 1.04521

Objective:
p :=
1 1    0.00599774
1 2    0.00311233
1 3   -0.0649893
2 1   -0.00269528
2 2    0.0316943
2 3    0.0603352
3 1   -0.00331436
3 2   -0.0347633
3 3    0.00465254
;

phi :=
1 1   0.0737061
1 2   0.111112
1 3   0.0848578
2 1   0.0719025
2 2   0.0981278
2 3   0.0761889
3 1   0.0812664
3 2   0.0979091
3 3   0.0705965
4 1   0.083467
4 2   0.109573
4 3   0.077978
;

l [*,1,*]
:       1           2           3        :=
1    0.696984   -0.357539   -1.04561
2   -0.505453   -0.507776   -1.07859
3   -0.640794    0.535321   -0.985564
4    0.561428    0.687219   -0.95244

 [*,2,*]
:       1          2          3        :=
1    0.573212   0.287104   1.11189
2    0.392295   1.17831    0.305969
3   -0.640322   1.03836    0.381051
4   -0.46105    0.14693    1.1871

 [*,3,*]
:       1            2           3         :=
1    0.0587139   -1.05624     0.728594
2   -0.795444    -0.965133   -0.168977
3   -0.0639534   -0.908421   -0.861101
4    0.79137     -0.999442    0.0353688
;

np :=
1 1    8.6936e-06
1 2    4.39211e-06
1 3   -0.998851
2 1   -0.0433911
2 2    0.510243
2 3    0.593745
3 1   -0.0934191
3 2   -0.979843
3 3    9.62442e-09
;

vp :=
1 1    0.0285204
1 2    0.0893663
1 3   -1.01554
2 1   -0.0338946
2 2    0.662319
2 3    0.746824
3 1   -0.0019879
3 2   -0.982346
3 3   -0.0661713
;

