solve_message = ' \
Ipopt 3.9.1: Optimal Solution Found'

Solve time:
_solve_time = 0.717605

Objective:
p :=
1 1    0.00356083
1 2    0.00403758
1 3    0.0650616
2 1   -0.000101865
2 2    0.0308224
2 3   -0.0615397
3 1   -0.00345897
3 2   -0.03486
3 3   -0.00352191
;

phi :=
1 1   0.0922796
1 2   0.105013
1 3   0.0667318
2 1   0.106295
2 2   0.0883251
2 3   0.0652024
3 1   0.0807598
3 2   0.102016
3 3   0.0681425
4 1   0.0701871
4 2   0.121729
4 3   0.0698205
;

l [*,1,*]
:       1           2          3        :=
1    0.883985    0.264112   0.885461
2   -0.193087    0.71221    1.04628
3   -0.604393   -0.289635   1.09308
4    0.472024   -0.739328   0.932336

 [*,2,*]
:       1            2           3        :=
1    0.765718     0.582489   -0.849027
2    0.0561446   -0.16112    -1.27132
3   -0.830148     0.45318    -0.865776
4   -0.121986     1.19777    -0.442837

 [*,3,*]
:       1           2           3        :=
1    0.5229     -1.06114    -0.495387
2    0.383582   -1.048       0.631915
3   -0.729155   -0.931631    0.493971
4   -0.591609   -0.944581   -0.63355
;

np :=
1 1    1.34722e-06
1 2    1.5276e-06
1 3    1.00665
2 1   -0.00135757
2 2    0.410776
2 3   -0.681859
3 1   -0.0993572
3 2   -1.00134
3 3   -1.37105e-09
;

vp :=
1 1    0.140061
1 2   -0.0133391
1 3    0.989224
2 1   -0.0322855
2 2    0.518376
2 3   -0.857071
3 1   -0.103515
3 2   -0.996344
3 3   -0.00121207
;

