solve_message = ' \
Ipopt 3.9.1: Optimal Solution Found'

Solve time:
_solve_time = 1.65361

Objective:
p :=
1 1   -0.0178706
1 2   -0.0146632
1 3   -0.0636399
2 1    0.012146
2 2    0.0323751
2 3   -0.00181317
3 1    0.0057251
3 2   -0.0177103
3 3    0.0654484
;

phi :=
1 1   0.173472
1 2   0.0352255
1 3   0.0872152
2 1   0.159456
2 2   0.0693262
2 3   0.165861
3 1   0.043258
3 2   0.0942008
3 3   0.0540846
4 1   0.0595915
4 2   0.0548946
4 3   0.0376409
;

l [*,1,*]
:       1           2           3        :=
1   -0.353119   -0.209663   -1.22071
2   -0.831449   -0.812146   -0.550443
3   -1.26749     0.188003    0.039577
4   -0.789852    0.792079   -0.629751

 [*,2,*]
:       1          2           3         :=
1   -0.388319   1.18434     0.26175
2    0.458216   0.813207    0.907098
3    1.1014     0.682451   -0.0393397
4    0.255887   1.05338    -0.686195

 [*,3,*]
:       1           2          3        :=
1   -0.223006   -0.677131   1.06149
2    0.876867   -0.516603   0.776015
3    0.740826    0.588602   0.867944
4   -0.359264    0.429835   1.15356
;

np :=
1 1   -0.0423824
1 2   -0.0347757
1 3   -0.862406
2 1    0.322694
2 2    0.860138
2 3   -1.21667e-11
3 1    0.00369963
3 2   -0.0114446
3 3    1.0493
;

vp :=
1 1   -0.810286
1 2   -0.0101914
1 3   -0.590599
2 1    0.356458
2 2    0.933492
2 3    0.110571
3 1    0.258418
3 2   -0.0438876
3 3    0.964865
;

