solve_message = ' \
Ipopt 3.9.1: Optimal Solution Found'

Solve time:
_solve_time = 0.686404

Objective:
p :=
1 1   -0.00254783
1 2    0.00421121
1 3   -0.065175
2 1    0.0345448
2 2   -0.00287514
2 3    0.00619725
3 1   -0.0319972
3 2   -0.00133508
3 3    0.0589828
;

phi :=
1 1   0.118936
1 2   0.0815496
1 3   0.0619629
2 1   0.140126
2 2   0.083824
2 3   0.0774105
3 1   0.138928
3 2   0.0563143
3 3   0.061765
4 1   0.113045
4 2   0.0541868
4 3   0.0471815
;

l [*,1,*]
:        1            2           3        :=
1   -1.13202      -0.410638   -0.445457
2   -0.957071      0.648709   -0.559015
3    0.00152084    0.420694   -1.21465
4   -0.1719       -0.639016   -1.10214

 [*,2,*]
:       1           2          3        :=
1   0.561253     0.666335   0.9279
2   0.0642133   -0.39152    1.19225
3   0.772498    -0.88337    0.563735
4   1.27067      0.173702   0.298383

 [*,3,*]
:       1            2          3        :=
1    0.962931     0.620304   0.556059
2   -0.0043566    0.0974     1.24518
3    0.255507    -0.764362   0.959411
4    1.22321     -0.242831   0.269838
;

np :=
1 1   -5.6258e-07
1 2    9.29611e-07
1 3   -1.019
2 1    0.931536
2 2   -0.077531
2 3    6.89902e-08
3 1   -0.536499
3 2   -0.0223854
3 3    0.50662
;

vp :=
1 1   -0.564937
1 2    0.00451478
1 3   -0.830272
2 1    0.667356
2 2   -0.108292
2 3    0.745461
3 1    0.609708
3 2   -0.0721643
3 3    0.757346
;

