solve_message = ' \
Ipopt 3.9.1: Optimal Solution Found'

Solve time:
_solve_time = 0.780005

Objective:
p :=
1 1    0.0350477
1 2    0.000201886
1 3   -2.74108e-05
2 1   -0.017004
2 2    0.00644398
2 3   -0.0649786
3 1   -0.018043
3 2   -0.00664583
3 3    0.0650061
;

phi :=
1 1   0.0418842
1 2   0.166194
1 3   0.188993
2 1   0.033284
2 2   0.0524574
2 3   0.120524
3 1   0.0505743
3 2   0.0401922
3 3   0.0587862
4 1   0.0618477
4 2   0.133242
4 3   0.0837575
;

l [*,1,*]
:      1           2          3        :=
1   0.450097    0.733427   0.948129
2   0.188577   -0.295421   1.23606
3   0.964233   -0.705788   0.471705
4   1.22699     0.322406   0.182561

 [*,2,*]
:      1           2           3         :=
1   0.552652    0.37467    -1.09635
2   1.10173     0.643499   -0.0386491
3   1.2063     -0.35776     0.163703
4   0.657386   -0.628184   -0.893678

 [*,3,*]
:       1           2           3        :=
1   -1.27029     0.235302   0.0198023
2   -0.932197   -0.781715   0.41174
3   -0.327176   -0.272787   1.2206
4   -0.66431     0.74504    0.82995
;

np :=
1 1    1.00967
1 2    0.00581603
1 3   -2.36572e-24
2 1   -0.00955467
2 2    0.00362095
2 3   -0.997702
3 1   -0.0141717
3 2   -0.00521974
3 3    1.00065
;

vp :=
1 1    0.707578
1 2    0.0140658
1 3    0.709498
2 1    0.879298
2 2    0.00794868
2 3   -0.466665
3 1   -0.798629
3 2   -0.0181346
3 3    0.620367
;

