solve_message = ' \
Ipopt 3.9.1: Optimal Solution Found'

Solve time:
_solve_time = 1.46641

Objective:
p :=
1 1    0.0259904
1 2    0.0208873
1 3    0.0568786
2 1    0.00349986
2 2   -0.0350146
2 3    0.00245133
3 1   -0.02949
3 2    0.0141294
3 3   -0.0593299
;

phi :=
1 1   0.0804604
1 2   0.0859515
1 3   0.0824831
2 1   0.100071
2 2   0.0968621
2 3   0.0867695
3 1   0.0986592
3 2   0.0908524
3 3   0.0796021
4 1   0.0798523
4 2   0.0807704
4 3   0.0761418
;

l [*,1,*]
:       1           2           3        :=
1    0.686075    1.09674    -0.15568
2   -0.0441208   0.955042    0.889883
3    0.498016    0.152897    1.165
4    1.22907     0.293318    0.119878

 [*,2,*]
:       1           2           3        :=
1    0.849935   -0.913928    0.264706
2   -0.189991   -1.03529     0.736576
3   -0.66158    -1.08208    -0.276368
4    0.377594   -0.960796   -0.749851

 [*,3,*]
:       1            2           3        :=
1   -0.727898    -0.323861   -1.02782
2   -1.27859      0.205258   -0.186789
3   -0.60043      1.14955    -0.304983
4   -0.0486562    0.621936   -1.1462
;

np :=
1 1    0.555123
1 2    0.446124
1 3    0.39287
2 1    0.103281
2 2   -1.03328
2 3    1.08315e-10
3 1   -0.560389
3 2    0.268496
3 3   -0.527864
;

vp :=
1 1    0.592552
1 2    0.624556
1 3    0.504354
2 1    0.0944038
2 2   -0.997976
2 3   -0.00642261
3 1   -0.663674
3 2    0.41301
3 3   -0.666784
;

